0.658578270553, 0.0246326524793, 0.483401986138, 0.0429695856195, 0.837290487987, 0.277757142981, 0.461267909258, 0.650575401272, 0.875478617327, 0.952423099869, 0.0193286888718, 201.5466
0.847417944477, 0.129350229816, 0.395264860813, 0.0, 0.61502997354, 0.783717498314, 0.565283090687, 0.335303490115, 0.502538699985, 0.12513876736, 0.22166056264, 201.5466
0.725944611912, 0.396850422789, 0.40191313358, 0.491323493146, 0.367209283036, 0.957366663519, 0.715140412782, 0.130371449076, 0.0, 0.148933574318, 0.890337508462, 214.2433
0.977994501627, 0.249617943152, 0.0, 0.0, 0.614514641109, 0.711871777948, 0.232999098461, 0.338264162425, 0.0976699216682, 0.920872404625, 0.0388374889492, 201.5466
0.613850446706, 0.246419032285, 0.0, 0.166013496578, 0.230216256851, 1.0, 0.0907150469865, 0.756628458624, 1.0, 0.889415897788, 0.0, 201.5466
1.0, 0.0, 0.0, 0.0, 0.821295171464, 0.725872634882, 0.59325682213, 0.0, 0.849019776353, 0.0, 0.0168444955568, 201.5466
0.906755597142, 0.0806633544535, 0.993925369605, 0.425166262603, 0.499055735341, 0.0, 0.485820307215, 0.074152524325, 0.554587433248, 0.670863173992, 0.236910614815, 220.8033
0.734683584912, 0.465992085175, 0.35216263178, 0.00271880181866, 0.0, 1.0, 0.50455913867, 0.919200875418, 0.674943028555, 0.180620271946, 0.164277075449, 201.5466
0.774168545047, 0.372561213274, 0.0525526623259, 0.0472635520392, 0.158370959563, 0.436475423969, 0.756898341063, 0.496465397277, 0.114045600329, 0.414721490117, 0.0, 201.5466
0.98702860378, 0.241555463801, 0.298042237233, 0.225144576779, 0.234907480054, 0.587564246398, 0.393122384602, 0.496524898144, 0.571235877027, 0.762291114644, 0.126257564573, 201.5466
0.869028919942, 0.032827868412, 0.293857293558, 0.125937806778, 0.639409216204, 0.475822842663, 0.559639490325, 0.424722937823, 0.697159866168, 0.277323872511, 0.177239224544, 201.5466
0.556276506328, 0.200830743847, 0.0, 0.195864538422, 0.467902893287, 1.0, 0.148882985752, 0.145691834974, 1.0, 0.0892954963221, 0.361348128799, 201.5466
0.837290317476, 0.075660506309, 0.323403215656, 0.0600141583771, 0.999062648551, 0.356276566156, 0.0, 0.607336759374, 0.650378815942, 0.289834137337, 0.668663259842, 217.0733
0.813663283725, 0.5720530683, 0.0, 0.0, 0.581559512223, 0.0, 0.999291968824, 0.0, 0.0, 0.444594173956, 0.193773974156, 223.3366
0.976943580179, 0.218777547516, 0.0, 0.582751985572, 0.581404598869, 1.0, 0.503407219894, 0.367002753239, 0.376344202073, 0.0497276820846, 0.427868836759, 213.0966
0.727507216736, 0.0963046113237, 0.372204897827, 0.0, 0.0648598681745, 0.633372741082, 0.505293983867, 0.178643623677, 0.121441736436, 0.260887431681, 0.0, 201.5466
0.509805362865, 0.0662918342375, 0.389451086616, 0.825072565853, 0.0828610630206, 0.0644722104539, 0.635232823207, 0.490756839683, 0.783741942079, 0.722772485223, 0.128376192965, 213.0966
0.691643300953, 0.127789469641, 0.0, 0.458838143527, 0.582100774316, 0.423998012062, 0.169464638876, 1.0, 0.572913886268, 0.571654344792, 0.398680764076, 201.5466
0.558401891692, 0.200541375805, 0.491754133003, 0.28101732594, 0.0111779320392, 1.0, 0.0, 0.882538473512, 0.724634365417, 0.0435513916091, 0.111860937974, 201.5466
0.968771356481, 0.312902330088, 0.0, 0.143253335264, 0.825543376406, 0.458875183425, 0.562887382633, 0.455356536237, 0.705627559297, 0.0, 0.0, 201.5466
0.788066033536, 0.967381049175, 0.457243859693, 0.612020906629, 0.22740857566, 0.820589971098, 0.539728578792, 0.732589235104, 0.458627486333, 0.350161450945, 0.658599292366, 251.31
0.518833053452, 0.124898917082, 0.161129605757, 0.355805192823, 0.833273516757, 0.987719756611, 0.0, 0.0306352379767, 1.0, 0.0, 0.350038114164, 201.5466
0.626241261894, 0.010121476789, 0.235310099901, 0.713655433896, 0.995237321662, 0.17007864742, 0.9483784199, 0.886503600152, 0.934940777401, 0.196597693648, 0.411235004664, 213.0966
1.0, 0.0977650394615, 0.0, 0.374853803534, 0.187247498898, 0.569056138081, 0.78345879658, 0.614280604056, 0.730741836322, 0.523952424385, 0.0621375369232, 201.5466
0.586424600337, 0.273341258858, 0.0, 0.438730653588, 1.0, 0.321389666709, 1.0, 1.0, 0.352402493468, 0.419405917088, 0.142315685241, 201.5466
0.722597827692, 0.0132494015907, 0.0944902919849, 0.0, 0.663926786679, 0.421118079803, 0.485175797048, 0.0724723105187, 0.265482539606, 0.701435984878, 0.183111375008, 201.5466
0.605979621579, 0.379156418682, 0.0724240124526, 0.30883200843, 0.508420151005, 0.809434177117, 0.144133266132, 0.228171050885, 0.908859279112, 0.822576175282, 0.324648856999, 201.5466
0.783513300713, 0.509699737116, 0.278097824073, 0.227897800208, 0.586734893007, 0.962657368887, 0.382588744807, 0.214977500434, 0.0265603552942, 0.0278816637336, 0.417153082232, 223.3366
0.625095168992, 0.085200210202, 0.475456798938, 0.766092748874, 0.153958425131, 0.489269216533, 0.0107092733262, 0.152158303451, 0.429731577125, 0.592929137997, 0.0, 213.0966
1.0, 0.190260685749, 0.0330225389887, 0.0, 0.15054050704, 0.0565179673629, 0.345885797747, 0.543862864585, 0.0718158272699, 0.682018151317, 0.0500225679466, 201.5466
0.941902927395, 0.430414830639, 0.0, 0.244063648182, 1.0, 0.806891465053, 0.422464159713, 0.989219302403, 0.283785370599, 1.0, 0.508518414369, 214.2433
0.897544663134, 0.0, 0.303192106997, 0.293425341911, 0.327432682078, 0.513034078483, 0.0855020774886, 0.688065515408, 0.601374320871, 0.496914165845, 0.236920370099, 201.5466
0.644987373444, 0.0, 0.437793783512, 0.0, 1.0, 1.0, 1.0, 1.0, 0.649645777011, 0.555388276022, 0.478677979218, 201.5466
0.657877525534, 0.479123006828, 0.0, 0.479073276425, 0.233362084507, 0.487032030488, 0.677349651304, 0.306733988418, 0.390216312747, 0.455920822412, 0.352059687883, 201.5466
0.839335124583, 0.238408042289, 0.132990398722, 0.186898272942, 0.186058085547, 0.331001800658, 0.870810566637, 0.04349965555, 1.0, 0.745277121443, 0.0, 201.5466
0.501721080193, 0.190072477992, 0.0, 0.409531765193, 0.0, 0.387885581431, 0.411830482204, 0.614855770882, 0.39867688935, 0.741926742904, 0.0, 201.5466
1.0, 0.0, 0.371894423449, 0.301707068236, 0.699439700243, 0.616338873664, 0.162472671607, 0.632300695192, 0.421909481304, 0.678114448292, 0.368877463914, 201.5466
0.539751820431, 0.159455898345, 0.409361515758, 0.486161407992, 0.470721899098, 0.0, 0.933386119718, 0.191872711141, 0.698174966853, 0.676239465489, 0.925149262547, 218.02
1.0, 0.112622215215, 0.346611699287, 0.557585642216, 0.0472855383742, 0.517207424617, 0.0, 0.564513427283, 0.652210641892, 0.0, 0.0, 213.0966
0.884718463543, 0.39036226498, 0.144777025765, 0.352249858886, 0.0923723358971, 0.0, 0.67939561905, 0.640943696234, 0.730381791911, 1.0, 0.0280114714995, 201.5466
0.582149092954, 0.156425076697, 0.161066190589, 0.277921500078, 0.921942091528, 0.312654001724, 0.107900695612, 0.532569399213, 0.329394268264, 0.872547936849, 0.0360501048323, 201.5466
0.864188039744, 0.0, 0.0, 0.324588987383, 1.0, 1.0, 0.0, 0.408823070235, 0.129403326302, 0.0948024610606, 0.030106788546, 201.5466
0.682686418223, 0.0, 0.483488079498, 0.155360862457, 0.374612623084, 0.236777790254, 0.51176826649, 0.0, 0.606555844669, 0.473607714659, 0.195074970352, 201.5466
0.746641745209, 0.709480562946, 0.313534738645, 0.493898414676, 0.816708905592, 0.132686324184, 0.523018831658, 0.576037601398, 0.320366924619, 0.690823922306, 0.409746944686, 227.12
0.979595744553, 0.34984588814, 0.0792319368353, 0.334476089607, 0.538581022989, 0.876762026016, 0.925508952783, 0.745186700624, 0.568608598533, 0.574703280714, 0.2044630183, 201.5466
0.548657738379, 0.237654761199, 0.0, 0.485045944273, 0.183457260826, 0.874325952635, 0.742245498848, 0.315695147397, 0.510842018581, 0.762669803017, 0.246174113613, 201.5466
0.96743426709, 0.568389144127, 0.322681909658, 0.411155126155, 0.560116849155, 0.831250480691, 0.161043369814, 0.866922773722, 0.0, 0.971551332873, 0.335073504779, 227.94
0.677846876012, 0.577531655858, 0.279957001429, 0.189375977355, 0.61502997354, 0.196910620369, 0.65912941622, 0.1216152425, 0.725002651594, 0.127896940059, 0.200999871432, 223.3366
0.797094350589, 0.0, 0.0, 0.0692903692453, 0.2578714621, 0.442361269488, 0.0643891634455, 0.369531754424, 0.812371036096, 0.0823280415986, 0.27364178667, 201.5466
1.0, 0.0696975461043, 0.0349829272312, 0.0, 0.628481071253, 0.406545350475, 0.750853281723, 0.0152773935045, 0.181795274798, 1.0, 0.0, 201.5466
0.795982393481, 0.30096624172, 0.17732053163, 0.430929498939, 0.0, 0.138726662468, 0.376123736839, 0.286136544718, 1.0, 1.0, 0.0, 201.5466
1.0, 0.745826276402, 0.0, 0.181731801683, 0.527335235568, 0.523297420229, 0.941174330446, 0.34807212869, 0.0, 0.59908940335, 0.319173949987, 223.3366
0.843046128524, 0.159121187598, 0.0787869627321, 0.0639023635093, 0.0537786718092, 0.999812667421, 0.12261456508, 0.0198987727075, 0.338249718264, 0.0739753394475, 0.472306165243, 201.5466
0.526112050977, 0.329938436082, 0.0, 0.30721557732, 0.847419668674, 0.311357018866, 0.336347003718, 0.225424147276, 1.0, 0.176145362587, 0.394024348068, 201.5466
0.58563501415, 0.0, 0.0, 0.249768449823, 0.993417430907, 0.86060797352, 0.857133685517, 0.669098663461, 0.62908028469, 0.151195181634, 0.181552852624, 201.5466
1.0, 0.0, 0.0349829272312, 0.258297315043, 0.0499999580576, 0.771819373341, 0.690651624673, 0.245327884818, 0.0853824135113, 0.0, 0.0424416697092, 201.5466
1.0, 0.584755461087, 0.376690018703, 0.057970350753, 0.372321099912, 0.079902412695, 0.143159857255, 0.0, 0.0605120590675, 0.301332912363, 0.417937021744, 225.4133
0.649340414852, 0.0537539691333, 0.243013873579, 0.11626470384, 0.647080227733, 0.1444202647, 0.450048406409, 0.248369413919, 0.0, 0.227961814778, 0.416953311489, 201.5466
0.766732957742, 0.330446989405, 0.351872125557, 0.381199981282, 0.502671846607, 0.597832325973, 0.0, 0.440409825178, 0.956538555596, 0.296185499237, 0.108168794104, 201.5466
0.810590531209, 0.335162855219, 0.400267793708, 0.0422598936498, 0.239868915897, 0.845454263736, 0.690969222214, 0.382855810058, 1.0, 0.0172904303579, 0.821904077278, 218.02
0.854931588313, 0.404773759996, 0.0, 0.470269797791, 0.0696242363699, 0.641661975667, 0.0, 0.050170450076, 0.339477032706, 0.599200037795, 0.0909166729671, 201.5466
0.858571860926, 0.114672921072, 0.495859231266, 0.621177662291, 0.521568389771, 0.438777415519, 0.626259731783, 0.161416763026, 0.739152681798, 0.905086854061, 0.145125998036, 213.0966
0.930954155088, 0.149245194299, 0.248527150322, 0.127521674324, 0.220469126408, 0.342728775308, 1.0, 0.478035036307, 0.782229827549, 0.209483213963, 0.439649452207, 201.5466
0.600445371654, 0.565113402988, 0.0881451330938, 0.391589955037, 0.0560295684904, 0.00483749383128, 0.665667738199, 0.498927222094, 0.762569496077, 0.0454748088487, 0.0, 225.4133
1.0, 0.413112752757, 0.0, 0.879966012508, 0.607774260424, 0.0, 0.0, 0.633133963268, 0.664238963553, 0.899291748, 0.277967004529, 213.0966
0.998209346105, 0.2377641902, 0.101884943606, 0.0537524771969, 0.0, 0.388598074515, 0.779530786503, 0.0, 0.463700447362, 0.545737457768, 0.531890101218, 214.2433
0.911816025086, 0.0032969270409, 0.344192641941, 0.0, 0.797415155691, 0.0, 0.469348097544, 0.172517837682, 0.32450437703, 0.0, 0.175179773076, 201.5466
0.576267353793, 0.306333411679, 0.255884762512, 1.0, 0.985968499079, 0.0, 0.14353864703, 0.647264883247, 0.31048271896, 0.0360191373522, 0.0, 213.0966
0.69062485783, 0.262963340704, 0.0, 0.0342896821924, 1.0, 0.925477811889, 0.386713670656, 0.745601678029, 0.0, 0.0911248974624, 0.397913350179, 201.5466
0.744802411696, 0.325047663264, 0.287357304941, 0.199338676456, 0.94715985135, 0.740917877087, 0.201052259949, 0.882870778924, 0.362186410928, 0.443554942822, 0.344581206499, 201.5466
0.764067719505, 0.261005623266, 0.289888177667, 0.182493197149, 0.784492933716, 0.0374515150628, 0.715056802342, 0.871702222646, 0.238797443143, 0.83097146162, 0.190928790511, 201.5466
0.864573755403, 0.842957591942, 0.316695699346, 0.404007510122, 0.643654810147, 0.181420174034, 0.210548754833, 0.099372958325, 0.456613196749, 0.565398902481, 0.213710114927, 223.3366
0.851431674103, 0.422960099791, 0.129986833991, 0.215160394742, 0.840874252346, 0.765330493509, 0.719397132746, 0.646722399003, 0.342481620363, 1.0, 0.421603815156, 201.5466
0.706934483726, 0.218777547516, 0.0, 0.414650756073, 0.529233683886, 0.0384984287392, 0.487572534362, 0.485342576445, 0.534591738492, 0.164385338996, 0.0, 201.5466
0.96391694504, 0.0843471532316, 0.0, 0.47067925161, 0.364734599551, 0.22851891709, 0.896985393728, 0.299637124326, 0.509974473573, 0.84326348314, 0.0, 201.5466
0.952419479236, 0.250535950254, 0.123219568186, 0.209422129182, 0.821347534245, 0.353256716589, 0.988389231937, 0.841349603903, 0.0225933469661, 0.18242908543, 0.0567748126273, 201.5466
0.830313382997, 0.140054430146, 0.102615238357, 0.1912087017, 0.166939679157, 0.68378314165, 0.67846484439, 0.0392898654805, 0.435729943564, 1.0, 0.0721127151592, 201.5466
1.0, 0.405141775431, 0.0, 0.42485235256, 0.121686303089, 0.888949099701, 0.559919254645, 0.329517918126, 0.00970384816556, 0.916598510132, 0.0, 201.5466
0.779540389082, 0.0, 0.143104074378, 0.773990532068, 0.372513258593, 0.253930289638, 0.784373618573, 0.578116707848, 0.26309194473, 0.661690829527, 0.0, 213.0966
0.879313288403, 0.304729858876, 0.0, 0.342663241349, 0.437036460014, 0.094309110682, 0.0735420493541, 0.597773195234, 0.209068947354, 0.257641367836, 0.381390976401, 201.5466
0.730009241283, 0.489601135366, 0.288117946184, 0.338100711694, 0.204741276555, 0.834372428672, 0.470405120324, 0.872442801336, 0.764307435185, 0.917482974907, 0.177875642808, 201.5466
0.852763673671, 0.124850775503, 0.0, 0.896084422668, 0.292309384267, 0.818999782476, 0.052263717212, 0.103043697474, 0.0, 0.366132206055, 0.163756723124, 213.0966
0.892880260785, 0.0522519742316, 0.474401033564, 0.0, 0.759049251895, 0.913783301149, 0.25476088523, 0.958945984945, 0.803193458919, 0.672680894321, 0.0996880625573, 201.5466
0.819786036158, 0.0, 0.389859459511, 0.0602772944177, 1.0, 0.129300313776, 0.578519178689, 1.0, 0.10837728017, 0.0, 0.264632804969, 201.5466
0.766607846334, 0.0, 0.303467667404, 0.331380305321, 0.179188213867, 0.450002579706, 0.366934650366, 0.661208792209, 0.42976302606, 0.0295407695991, 0.10299732888, 201.5466
0.894606418969, 0.0, 0.240727611366, 0.0246338049591, 0.660268597129, 0.480365004418, 0.412202946063, 0.602318247115, 0.2290233748, 0.746613565919, 0.431449828143, 201.5466
0.927527701631, 0.958151159206, 0.447422475132, 0.0, 0.255771416714, 0.266354709845, 0.319237823889, 0.0322713644787, 0.367355347484, 0.726062655501, 0.205282231295, 225.4133
0.860298923129, 0.0507333594399, 0.382732379287, 0.306080129739, 0.0, 1.0, 1.0, 0.0760280727454, 0.409106440085, 0.0, 0.0, 201.5466
0.880155368577, 0.542818997265, 0.0454925355391, 0.0916021475087, 0.908157537029, 0.424000835314, 0.0510945988481, 0.368073296398, 0.524827664969, 0.701703129336, 0.0150188354187, 223.3366
0.616661080661, 0.420669055294, 0.0597936875049, 0.21212370148, 0.356828616901, 0.651741874286, 0.0104270410203, 0.700425527896, 0.827416023811, 0.686521037179, 0.0318950153179, 201.5466
0.560540609557, 0.0, 0.414893470603, 0.480093330797, 0.398679794534, 0.0670737622873, 0.451742611284, 0.454223725878, 0.395392332453, 0.307925838452, 0.173870871219, 201.5466
0.542044592169, 0.357655574019, 0.141268892645, 0.148844128491, 0.583466340378, 0.284951924155, 0.395229581579, 0.289644770475, 0.475685235899, 1.0, 0.397620442173, 201.5466
0.962311223484, 0.000591264049381, 0.0793266142537, 0.839398288116, 0.0853861184365, 0.824656730899, 0.720326481846, 0.386915724008, 0.4125380564, 0.717962962194, 0.283953963661, 213.0966
0.664572902949, 0.063053025431, 0.48259946555, 0.0400618211404, 0.664094798133, 0.385753888066, 0.380363450126, 0.088130876848, 0.776985438223, 1.0, 0.238753398718, 201.5466
0.571860051386, 0.23138559308, 0.0, 0.839331677819, 0.888964274978, 0.984840058581, 0.0, 0.338605897288, 0.45779870139, 0.557516859328, 0.0, 213.0966
0.825712373304, 0.105040046942, 0.225979719697, 0.0, 0.105015769321, 0.280237031042, 0.259535950276, 0.226164263084, 0.377503074545, 0.909623765419, 0.022686239242, 201.5466
1.0, 0.0, 0.14570546855, 0.0, 1.0, 1.0, 0.855485052872, 0.801000480695, 0.689787074439, 0.145417934045, 0.525217817733, 219.9466
0.650199126943, 0.32987424731, 0.29522966316, 0.111633096368, 1.0, 0.0, 1.0, 0.120116564073, 0.480740991636, 1.0, 0.0718730022483, 201.5466
0.690034280307, 0.0202367497581, 0.43498653682, 1.0, 0.506666431516, 0.489269216533, 0.33844967466, 0.65255734054, 0.587309154847, 1.0, 0.138599398063, 213.0966
0.90054380123, 0.462704253304, 0.41676994696, 0.502875814631, 0.523639227671, 0.598876349655, 0.217368568279, 1.0, 0.595611612928, 0.304841026278, 0.0568635633466, 213.0966
