0.70276386224, 0.634364648764, 0.778095343854, 0.930429696748, 0.122813204482, 0.00818462776573, 0.197654876723, 0.596460053018, 0.854942423231, 0.472343278538, 0.749157077055, 0.643037892366, 0.400393586008, 0.685049039144, 0.590696963504, 0.560772167307, 0.852519118522, 0.95849393357, 0.615193736378, 0.849568526641, 0.445914234264, 0.177601682544, 0.234708301718, 0.425229514911, 0.259934514129, 0.115799666564, 2986.0
0.588098080496, 0.992156653386, 0.963869356828, 0.720068544682, 0.396204635478, 0.888701285319, 0.397505691103, 0.663341843881, 0.313008205295, 0.729616625112, 0.820916259926, 0.521729323894, 0.0785202501991, 0.501184876703, 0.79085020807, 0.735928961819, 0.973534647914, 0.926150244663, 0.953159130914, 0.524171609249, 0.700010452071, 0.651232981705, 0.741282360525, 0.978480785542, 0.238598446407, 0.618855398094, 2986.0
0.855421568266, 0.959566754019, 0.64916968127, 0.650313061356, 0.362050049244, 0.511989523837, 0.00477709330903, 0.730755594113, 0.0274735859102, 0.601364803672, 0.838746988702, 0.862535161048, 0.437236162321, 0.888083246143, 0.807812594772, 0.158024331976, 0.780411189481, 0.931486593426, 0.807167306712, 0.188612906171, 0.263179748447, 0.0265390770288, 0.0765755486295, 0.317188233911, 0.180364740258, 0.710174126717, 2986.0
0.906292538539, 0.510395740581, 0.960940939898, 0.101702069356, 0.949301526861, 0.809214321548, 0.505531162357, 0.943321156488, 0.226595623044, 0.965425997554, 0.743053614429, 0.746411692853, 0.31502632042, 0.823952278015, 0.701093982338, 0.231717464756, 0.947191367147, 0.641069220333, 0.650075752377, 0.397364764303, 0.995119837257, 0.809011982753, 0.524713505903, 0.70736508578, 0.290925283147, 0.421116874391, 2986.0
0.571371682993, 0.955920661444, 0.992487397725, 0.719559824765, 0.385401016772, 0.736859073945, 0.0361831123766, 0.598866132735, 0.165339099136, 0.811468965835, 0.78809225974, 0.712732380313, 0.0383492405435, 0.614258882403, 0.511753178903, 0.787956564938, 0.529234682421, 0.801156026703, 0.528362553258, 0.954830443254, 0.6820196108, 0.995359775827, 0.939492377095, 0.633726814318, 0.110379699967, 0.234055944074, 2986.0
0.93323282696, 0.75177172725, 0.846327520137, 0.526892584793, 0.215722870144, 0.228842377728, 0.44958245573, 0.936854328873, 0.352649029492, 0.0799161445684, 0.611707196772, 0.58079378519, 0.231182324924, 0.726052648551, 0.511387646859, 0.074979665489, 0.702559054797, 0.887740802548, 0.597930816862, 0.419493834801, 0.734320800946, 0.992523991695, 0.604811664683, 0.655933743899, 0.498373420181, 0.214489008794, 2986.0
0.90222342598, 0.70595563549, 0.642871053216, 0.845293079785, 0.14681451215, 0.253812275855, 0.395073439417, 0.731042120033, 0.948957652111, 0.949431392163, 0.840214211669, 0.988054135934, 0.442137353446, 0.91156422989, 0.588048625825, 0.698719396511, 0.507701906151, 0.922958619921, 0.929426344832, 0.106832038532, 0.605914283848, 0.634359958927, 0.772055102158, 0.830414143329, 0.0266027006278, 0.32450493542, 2986.0
0.70276386224, 0.634364648764, 0.778095343854, 0.930429696748, 0.122813204482, 0.00818462776573, 0.197654876723, 0.596460053018, 0.854942423231, 0.472343278538, 0.749157077055, 0.643037892366, 0.400393586008, 0.685049039144, 0.590696963504, 0.560772167307, 0.852519118522, 0.95849393357, 0.615193736378, 0.849568526641, 0.445914234264, 0.177601682544, 0.234708301718, 0.425229514911, 0.259934514129, 0.115799666564, 2986.0
0.588098080496, 0.992156653386, 0.963869356828, 0.720068544682, 0.396204635478, 0.888701285319, 0.397505691103, 0.663341843881, 0.313008205295, 0.729616625112, 0.820916259926, 0.521729323894, 0.0785202501991, 0.501184876703, 0.79085020807, 0.735928961819, 0.973534647914, 0.926150244663, 0.953159130914, 0.524171609249, 0.700010452071, 0.651232981705, 0.741282360525, 0.978480785542, 0.238598446407, 0.618855398094, 2986.0
0.855421568266, 0.959566754019, 0.64916968127, 0.650313061356, 0.362050049244, 0.511989523837, 0.00477709330903, 0.730755594113, 0.0274735859102, 0.601364803672, 0.838746988702, 0.862535161048, 0.437236162321, 0.888083246143, 0.807812594772, 0.158024331976, 0.780411189481, 0.931486593426, 0.807167306712, 0.188612906171, 0.263179748447, 0.0265390770288, 0.0765755486295, 0.317188233911, 0.180364740258, 0.710174126717, 2986.0
0.906292538539, 0.510395740581, 0.960940939898, 0.101702069356, 0.949301526861, 0.809214321548, 0.505531162357, 0.943321156488, 0.226595623044, 0.965425997554, 0.743053614429, 0.746411692853, 0.31502632042, 0.823952278015, 0.701093982338, 0.231717464756, 0.947191367147, 0.641069220333, 0.650075752377, 0.397364764303, 0.995119837257, 0.809011982753, 0.524713505903, 0.70736508578, 0.290925283147, 0.421116874391, 2986.0
0.571371682993, 0.955920661444, 0.992487397725, 0.719559824765, 0.385401016772, 0.736859073945, 0.0361831123766, 0.598866132735, 0.165339099136, 0.811468965835, 0.78809225974, 0.712732380313, 0.0383492405435, 0.614258882403, 0.511753178903, 0.787956564938, 0.529234682421, 0.801156026703, 0.528362553258, 0.954830443254, 0.6820196108, 0.995359775827, 0.939492377095, 0.633726814318, 0.110379699967, 0.234055944074, 2986.0
0.93323282696, 0.75177172725, 0.846327520137, 0.526892584793, 0.215722870144, 0.228842377728, 0.44958245573, 0.936854328873, 0.352649029492, 0.0799161445684, 0.611707196772, 0.58079378519, 0.231182324924, 0.726052648551, 0.511387646859, 0.074979665489, 0.702559054797, 0.887740802548, 0.597930816862, 0.419493834801, 0.734320800946, 0.992523991695, 0.604811664683, 0.655933743899, 0.498373420181, 0.214489008794, 2986.0
0.90222342598, 0.70595563549, 0.642871053216, 0.845293079785, 0.14681451215, 0.253812275855, 0.395073439417, 0.731042120033, 0.948957652111, 0.949431392163, 0.840214211669, 0.988054135934, 0.442137353446, 0.91156422989, 0.588048625825, 0.698719396511, 0.507701906151, 0.922958619921, 0.929426344832, 0.106832038532, 0.605914283848, 0.634359958927, 0.772055102158, 0.830414143329, 0.0266027006278, 0.32450493542, 2986.0
0.668526811763, 0.593880692769, 0.874975002288, 0.666703613486, 0.297203861356, 0.488413915116, 0.066513047803, 0.00925924481427, 0.992411013172, 0.429678418356, 0.503554776704, 0.937769832573, 0.296973511593, 0.894167201979, 0.865978939305, 0.850740306877, 0.709963494742, 0.563540863327, 0.778030187216, 0.637730929974, 0.793825670573, 0.851901664166, 0.950861873717, 0.58138855997, 0.178957496893, 0.838141009919, 3161.0
0.63168869949, 0.837343297973, 0.563966805327, 0.991369605363, 0.498962588001, 0.00211015408266, 0.460073691543, 0.236276230124, 0.14921844954, 0.208588560955, 0.794849636624, 0.90090531784, 0.305212476702, 0.964148954411, 0.859108057868, 0.758769225192, 0.655837601555, 0.693560046736, 0.938197280168, 0.65099083229, 0.772299357106, 0.558125049017, 0.609866377942, 0.995235451034, 0.131972469696, 0.627729010853, 3161.0
0.886044915438, 0.52842570926, 0.695564376591, 0.849479398867, 0.146458859239, 0.0485856223682, 0.523232316379, 0.31028797776, 0.539555987503, 0.807726525123, 0.860895953796, 0.61194291558, 0.463701101174, 0.948189576374, 0.795148526779, 0.928103198116, 0.784561511324, 0.588141083482, 0.815929611794, 0.646128589932, 0.576308228172, 0.784759594683, 0.696491127132, 0.864891226932, 0.137770964058, 0.0125682803961, 3161.0
0.668526811763, 0.593880692769, 0.874975002288, 0.666703613486, 0.297203861356, 0.488413915116, 0.066513047803, 0.00925924481427, 0.992411013172, 0.429678418356, 0.503554776704, 0.937769832573, 0.296973511593, 0.894167201979, 0.865978939305, 0.850740306877, 0.709963494742, 0.563540863327, 0.778030187216, 0.637730929974, 0.793825670573, 0.851901664166, 0.950861873717, 0.58138855997, 0.178957496893, 0.838141009919, 3161.0
0.63168869949, 0.837343297973, 0.563966805327, 0.991369605363, 0.498962588001, 0.00211015408266, 0.460073691543, 0.236276230124, 0.14921844954, 0.208588560955, 0.794849636624, 0.90090531784, 0.305212476702, 0.964148954411, 0.859108057868, 0.758769225192, 0.655837601555, 0.693560046736, 0.938197280168, 0.65099083229, 0.772299357106, 0.558125049017, 0.609866377942, 0.995235451034, 0.131972469696, 0.627729010853, 3161.0
0.886044915438, 0.52842570926, 0.695564376591, 0.849479398867, 0.146458859239, 0.0485856223682, 0.523232316379, 0.31028797776, 0.539555987503, 0.807726525123, 0.860895953796, 0.61194291558, 0.463701101174, 0.948189576374, 0.795148526779, 0.928103198116, 0.784561511324, 0.588141083482, 0.815929611794, 0.646128589932, 0.576308228172, 0.784759594683, 0.696491127132, 0.864891226932, 0.137770964058, 0.0125682803961, 3161.0
0.63611947426, 0.673445300166, 0.857849904126, 0.568663860779, 0.256804750808, 0.11397819676, 0.512221428846, 0.267841878996, 0.841167690218, 0.815047362408, 0.874337800363, 0.779354127583, 0.204746264113, 0.514096598155, 0.756664462424, 0.901955404662, 0.720200717583, 0.553758932731, 0.711993957445, 0.00328143313502, 0.624802566827, 0.756649135335, 0.79044915614, 0.500224599813, 0.356603206954, 0.21538864625, 3185.0
0.813224559598, 0.852939602851, 0.634567074349, 0.658273766654, 0.154653968179, 0.857014541467, 0.0754546784505, 0.0745878013228, 0.638923730916, 0.246649019291, 0.832038147505, 0.60449456888, 0.125805244894, 0.715387505722, 0.973191128318, 0.838737535719, 0.630564005784, 0.680602674897, 0.77790911084, 0.00980896935864, 0.778640019304, 0.970001354249, 0.538372973471, 0.74610375944, 0.383503733147, 0.955027853636, 3185.0
0.63611947426, 0.673445300166, 0.857849904126, 0.568663860779, 0.256804750808, 0.11397819676, 0.512221428846, 0.267841878996, 0.841167690218, 0.815047362408, 0.874337800363, 0.779354127583, 0.204746264113, 0.514096598155, 0.756664462424, 0.901955404662, 0.720200717583, 0.553758932731, 0.711993957445, 0.00328143313502, 0.624802566827, 0.756649135335, 0.79044915614, 0.500224599813, 0.356603206954, 0.21538864625, 3185.0
0.813224559598, 0.852939602851, 0.634567074349, 0.658273766654, 0.154653968179, 0.857014541467, 0.0754546784505, 0.0745878013228, 0.638923730916, 0.246649019291, 0.832038147505, 0.60449456888, 0.125805244894, 0.715387505722, 0.973191128318, 0.838737535719, 0.630564005784, 0.680602674897, 0.77790911084, 0.00980896935864, 0.778640019304, 0.970001354249, 0.538372973471, 0.74610375944, 0.383503733147, 0.955027853636, 3185.0
0.879317488377, 0.594657040397, 0.761654328241, 0.99389065341, 0.452322553591, 0.158685495941, 0.549271544314, 0.158031591775, 0.518623860584, 0.911762717825, 0.999998600209, 0.580240619099, 0.252547291608, 0.830855440463, 0.910537915255, 0.687173657251, 0.566343914764, 0.721978037442, 0.81138574011, 0.570429378307, 0.215912074773, 0.232990968152, 0.0167203067273, 0.337297215339, 0.0432388804287, 0.145277616734, 3216.0
0.79226869657, 0.661119926368, 0.760879106503, 0.844726941338, 0.0214790752659, 0.294599130319, 0.447743971448, 0.201017449099, 0.0444441427282, 0.280552448811, 0.746744040828, 0.586558040136, 0.143533406371, 0.813736293706, 0.548091780073, 0.626612650218, 0.611188422136, 0.734597388867, 0.537645514327, 0.337294947145, 0.326706295076, 0.117726835399, 0.427090920662, 0.37295364416, 0.0989702801936, 0.0891384610253, 3216.0
0.581759615781, 0.62016011321, 0.592747380884, 0.954908026306, 0.319066388997, 0.0465393743752, 0.988763175888, 0.430837585732, 0.661023116136, 0.184270357329, 0.716082662404, 0.643137137156, 0.415801210421, 0.695173772232, 0.500695823093, 0.301631738612, 0.62998692194, 0.775570714522, 0.925834515054, 0.256549512401, 0.305372552819, 0.0108112798688, 0.0179139941234, 0.127137920375, 0.186766156286, 0.776857220538, 3216.0
0.879317488377, 0.594657040397, 0.761654328241, 0.99389065341, 0.452322553591, 0.158685495941, 0.549271544314, 0.158031591775, 0.518623860584, 0.911762717825, 0.999998600209, 0.580240619099, 0.252547291608, 0.830855440463, 0.910537915255, 0.687173657251, 0.566343914764, 0.721978037442, 0.81138574011, 0.570429378307, 0.215912074773, 0.232990968152, 0.0167203067273, 0.337297215339, 0.0432388804287, 0.145277616734, 3216.0
0.79226869657, 0.661119926368, 0.760879106503, 0.844726941338, 0.0214790752659, 0.294599130319, 0.447743971448, 0.201017449099, 0.0444441427282, 0.280552448811, 0.746744040828, 0.586558040136, 0.143533406371, 0.813736293706, 0.548091780073, 0.626612650218, 0.611188422136, 0.734597388867, 0.537645514327, 0.337294947145, 0.326706295076, 0.117726835399, 0.427090920662, 0.37295364416, 0.0989702801936, 0.0891384610253, 3216.0
0.581759615781, 0.62016011321, 0.592747380884, 0.954908026306, 0.319066388997, 0.0465393743752, 0.988763175888, 0.430837585732, 0.661023116136, 0.184270357329, 0.716082662404, 0.643137137156, 0.415801210421, 0.695173772232, 0.500695823093, 0.301631738612, 0.62998692194, 0.775570714522, 0.925834515054, 0.256549512401, 0.305372552819, 0.0108112798688, 0.0179139941234, 0.127137920375, 0.186766156286, 0.776857220538, 3216.0
0.520314680671, 0.967570926693, 0.883106319707, 0.442617993665, 0.952012443215, 0.69546662198, 0.855459039888, 0.346524601253, 0.52794139991, 0.756507240978, 0.819559521758, 0.684936960963, 0.405327642622, 0.607857298983, 0.807876524228, 0.882120615137, 0.94657750637, 0.882453631195, 0.574752136619, 0.505624858516, 0.925309387471, 0.998142582407, 0.92068205792, 0.0589782960461, 0.761257359772, 0.448816640458, 5045.0
0.849364694142, 0.97970975188, 0.946444310356, 0.58995393311, 0.141618610657, 0.674143452728, 0.215207658963, 0.399415711263, 0.732704318837, 0.862778981402, 0.578933282553, 0.505224284056, 0.375071201113, 0.596778987188, 0.592712223324, 0.151812661744, 0.536983352299, 0.61985137601, 0.976034122486, 0.179250657439, 0.906223052842, 0.653644781871, 0.509494295979, 0.21416601897, 0.589592831259, 0.0691573177309, 5045.0
0.510646650578, 0.759424988775, 0.932387996701, 0.676598485662, 0.245172742432, 0.0932357884762, 0.934031836525, 0.403137183582, 0.704910743243, 0.55899454638, 0.713228213279, 0.700684725121, 0.413606957509, 0.945137447916, 0.994687714461, 0.41322772414, 0.916083509902, 0.959054647862, 0.558117546427, 0.0377389635937, 0.590481195448, 0.544169750555, 0.991794899986, 0.468285587504, 0.754823582493, 0.49048497692, 5045.0
0.520314680671, 0.967570926693, 0.883106319707, 0.442617993665, 0.952012443215, 0.69546662198, 0.855459039888, 0.346524601253, 0.52794139991, 0.756507240978, 0.819559521758, 0.684936960963, 0.405327642622, 0.607857298983, 0.807876524228, 0.882120615137, 0.94657750637, 0.882453631195, 0.574752136619, 0.505624858516, 0.925309387471, 0.998142582407, 0.92068205792, 0.0589782960461, 0.761257359772, 0.448816640458, 5045.0
0.849364694142, 0.97970975188, 0.946444310356, 0.58995393311, 0.141618610657, 0.674143452728, 0.215207658963, 0.399415711263, 0.732704318837, 0.862778981402, 0.578933282553, 0.505224284056, 0.375071201113, 0.596778987188, 0.592712223324, 0.151812661744, 0.536983352299, 0.61985137601, 0.976034122486, 0.179250657439, 0.906223052842, 0.653644781871, 0.509494295979, 0.21416601897, 0.589592831259, 0.0691573177309, 5045.0
0.510646650578, 0.759424988775, 0.932387996701, 0.676598485662, 0.245172742432, 0.0932357884762, 0.934031836525, 0.403137183582, 0.704910743243, 0.55899454638, 0.713228213279, 0.700684725121, 0.413606957509, 0.945137447916, 0.994687714461, 0.41322772414, 0.916083509902, 0.959054647862, 0.558117546427, 0.0377389635937, 0.590481195448, 0.544169750555, 0.991794899986, 0.468285587504, 0.754823582493, 0.49048497692, 5045.0
0.92538914528, 0.986657335391, 0.934461187145, 0.903484012798, 0.00694969957619, 0.162600735903, 0.308542270464, 0.370633005019, 0.0470387857957, 0.150541629703, 0.600535742923, 0.884074685449, 0.045612240151, 0.931539744611, 0.568989599015, 0.260845876012, 0.561978811961, 0.63192859609, 0.990493690308, 0.480796143743, 0.647781004644, 0.685427018247, 0.89862289577, 0.399229419628, 0.947099473565, 0.262051844961, 5090.0
0.532687595788, 0.760817414968, 0.834359549916, 0.00539706522202, 0.790211900961, 0.81364771959, 0.599130112096, 0.787267024011, 0.0119609312854, 0.682802515842, 0.813434557905, 0.628328055604, 0.220704834037, 0.822684796293, 0.940812341573, 0.650676633432, 0.609293940754, 0.973934627289, 0.949665008875, 0.382851143433, 0.955944083375, 0.737390223642, 0.665187830096, 0.468242335929, 0.583314917173, 0.0982914835024, 5090.0
0.582819502797, 0.788982574954, 0.715808821597, 0.596456569699, 0.483699049387, 0.306847006266, 0.740540829625, 0.923421310882, 0.234328558398, 0.110142321165, 0.756153887749, 0.54662051086, 0.427718213702, 0.518750766137, 0.848624225135, 0.822222047722, 0.689090427036, 0.732618835457, 0.550711109536, 0.349352950072, 0.633070008921, 0.733572547905, 0.646885060903, 0.202320576422, 0.539270532978, 0.690877771799, 5090.0
0.697452459464, 0.772714133025, 0.820056903502, 0.501606025909, 0.353275499721, 0.346031618808, 0.0428464501293, 0.784040496439, 0.186606614435, 0.16659323227, 0.95677258511, 0.916178085975, 0.217172601662, 0.570034705111, 0.978476797368, 0.623344474588, 0.988730396724, 0.540171583931, 0.88759393471, 0.473406196788, 0.710265532716, 0.616019208399, 0.539827764269, 0.173401690714, 0.539445176398, 0.375639977131, 5090.0
0.867669120398, 0.962813670247, 0.855902890055, 0.689514421858, 0.163747779021, 0.66301284612, 0.451009493488, 0.94448608115, 0.456120921613, 0.882277309023, 0.513072997153, 0.75555964605, 0.187452119893, 0.912279160798, 0.767096183813, 0.283779929831, 0.806893038355, 0.500110868054, 0.716249892905, 0.11094401432, 0.978746021461, 0.70925530032, 0.659756929175, 0.172224791252, 0.591853285293, 0.648777139005, 5090.0
0.92538914528, 0.986657335391, 0.934461187145, 0.903484012798, 0.00694969957619, 0.162600735903, 0.308542270464, 0.370633005019, 0.0470387857957, 0.150541629703, 0.600535742923, 0.884074685449, 0.045612240151, 0.931539744611, 0.568989599015, 0.260845876012, 0.561978811961, 0.63192859609, 0.990493690308, 0.480796143743, 0.647781004644, 0.685427018247, 0.89862289577, 0.399229419628, 0.947099473565, 0.262051844961, 5090.0
0.532687595788, 0.760817414968, 0.834359549916, 0.00539706522202, 0.790211900961, 0.81364771959, 0.599130112096, 0.787267024011, 0.0119609312854, 0.682802515842, 0.813434557905, 0.628328055604, 0.220704834037, 0.822684796293, 0.940812341573, 0.650676633432, 0.609293940754, 0.973934627289, 0.949665008875, 0.382851143433, 0.955944083375, 0.737390223642, 0.665187830096, 0.468242335929, 0.583314917173, 0.0982914835024, 5090.0
0.582819502797, 0.788982574954, 0.715808821597, 0.596456569699, 0.483699049387, 0.306847006266, 0.740540829625, 0.923421310882, 0.234328558398, 0.110142321165, 0.756153887749, 0.54662051086, 0.427718213702, 0.518750766137, 0.848624225135, 0.822222047722, 0.689090427036, 0.732618835457, 0.550711109536, 0.349352950072, 0.633070008921, 0.733572547905, 0.646885060903, 0.202320576422, 0.539270532978, 0.690877771799, 5090.0
0.697452459464, 0.772714133025, 0.820056903502, 0.501606025909, 0.353275499721, 0.346031618808, 0.0428464501293, 0.784040496439, 0.186606614435, 0.16659323227, 0.95677258511, 0.916178085975, 0.217172601662, 0.570034705111, 0.978476797368, 0.623344474588, 0.988730396724, 0.540171583931, 0.88759393471, 0.473406196788, 0.710265532716, 0.616019208399, 0.539827764269, 0.173401690714, 0.539445176398, 0.375639977131, 5090.0
0.867669120398, 0.962813670247, 0.855902890055, 0.689514421858, 0.163747779021, 0.66301284612, 0.451009493488, 0.94448608115, 0.456120921613, 0.882277309023, 0.513072997153, 0.75555964605, 0.187452119893, 0.912279160798, 0.767096183813, 0.283779929831, 0.806893038355, 0.500110868054, 0.716249892905, 0.11094401432, 0.978746021461, 0.70925530032, 0.659756929175, 0.172224791252, 0.591853285293, 0.648777139005, 5090.0
0.885726307522, 0.628499910678, 0.655992139982, 0.970245154523, 0.180933071171, 0.600911931976, 0.0539097621883, 0.324234492574, 0.979379885626, 0.390787077261, 0.973005306303, 0.467908619962, 0.75504058427, 0.892950439776, 0.93151239326, 0.537362183804, 0.831405385653, 0.8734647807, 0.852927048649, 0.029534051213, 0.214861352671, 0.317970672904, 0.17379695089, 0.0413793022142, 0.298978243663, 0.873599485269, 5207.0
0.656604354638, 0.897281726631, 0.864587265491, 0.585750046195, 0.109415388097, 0.394537580941, 0.319347329478, 0.104040704806, 0.981586014761, 0.00672735864974, 0.840557507581, 0.227567943893, 0.925639958032, 0.781330821075, 0.992388933208, 0.491949655272, 0.882776062684, 0.663540834088, 0.671186919438, 0.13952285781, 0.519004903184, 0.528970750601, 0.91745842559, 0.701473404304, 0.200207863658, 0.981954218817, 5207.0
0.661352305701, 0.766931805211, 0.831251314208, 0.719910289988, 0.170870074318, 0.264440400683, 0.11748108488, 0.892560496151, 0.951149475617, 0.398756332977, 0.647996578302, 0.0309658119949, 0.863198313905, 0.995929424268, 0.619685209534, 0.157957122633, 0.710026551178, 0.950550045704, 0.555666350771, 0.0125973135545, 0.702554441368, 0.628724456358, 0.601871446997, 0.897164464116, 0.0174826065637, 0.151129039483, 5207.0
0.885726307522, 0.628499910678, 0.655992139982, 0.970245154523, 0.180933071171, 0.600911931976, 0.0539097621883, 0.324234492574, 0.979379885626, 0.390787077261, 0.973005306303, 0.467908619962, 0.75504058427, 0.892950439776, 0.93151239326, 0.537362183804, 0.831405385653, 0.8734647807, 0.852927048649, 0.029534051213, 0.214861352671, 0.317970672904, 0.17379695089, 0.0413793022142, 0.298978243663, 0.873599485269, 5207.0
0.656604354638, 0.897281726631, 0.864587265491, 0.585750046195, 0.109415388097, 0.394537580941, 0.319347329478, 0.104040704806, 0.981586014761, 0.00672735864974, 0.840557507581, 0.227567943893, 0.925639958032, 0.781330821075, 0.992388933208, 0.491949655272, 0.882776062684, 0.663540834088, 0.671186919438, 0.13952285781, 0.519004903184, 0.528970750601, 0.91745842559, 0.701473404304, 0.200207863658, 0.981954218817, 5207.0
0.661352305701, 0.766931805211, 0.831251314208, 0.719910289988, 0.170870074318, 0.264440400683, 0.11748108488, 0.892560496151, 0.951149475617, 0.398756332977, 0.647996578302, 0.0309658119949, 0.863198313905, 0.995929424268, 0.619685209534, 0.157957122633, 0.710026551178, 0.950550045704, 0.555666350771, 0.0125973135545, 0.702554441368, 0.628724456358, 0.601871446997, 0.897164464116, 0.0174826065637, 0.151129039483, 5207.0
0.5419719009, 0.623648665711, 0.972590382902, 0.601888946554, 0.295733083674, 0.482942930716, 0.763553922527, 0.909416257732, 0.146107068284, 0.300035552977, 0.801902960757, 0.362971850297, 0.571254885152, 0.933494252145, 0.660235161683, 0.618645909909, 0.989775692114, 0.967183969584, 0.872657860551, 0.219926326224, 0.202212251435, 0.387816862745, 0.45765397973, 0.326177841148, 0.320034243913, 0.604854349012, 5274.0
0.990269388911, 0.945262617705, 0.881530929758, 0.77407747584, 0.31966573798, 0.620276432174, 0.8346999354, 0.711495935522, 0.0634124359866, 0.418427458992, 0.841930014374, 0.490187398964, 0.879250186264, 0.653190322236, 0.751770773674, 0.929099734591, 0.800912934758, 0.534412333797, 0.689078502665, 0.760180557859, 0.0139584595751, 0.0173107888689, 0.243934936707, 0.352823001889, 0.380263720071, 0.377183640402, 5274.0
0.674348494809, 0.734414779676, 0.782364930147, 0.982135572128, 0.246058124045, 0.825639920372, 0.538208140962, 0.72856920663, 0.194697920925, 0.265346059336, 0.738324820665, 0.153755932298, 0.556008854998, 0.77346501444, 0.79827561007, 0.735663254747, 0.959189926899, 0.536020048648, 0.800306827567, 0.915710829707, 0.83229405083, 0.724485381266, 0.982797403679, 0.732113565233, 0.170010498288, 0.850282419008, 5274.0
0.5419719009, 0.623648665711, 0.972590382902, 0.601888946554, 0.295733083674, 0.482942930716, 0.763553922527, 0.909416257732, 0.146107068284, 0.300035552977, 0.801902960757, 0.362971850297, 0.571254885152, 0.933494252145, 0.660235161683, 0.618645909909, 0.989775692114, 0.967183969584, 0.872657860551, 0.219926326224, 0.202212251435, 0.387816862745, 0.45765397973, 0.326177841148, 0.320034243913, 0.604854349012, 5274.0
0.990269388911, 0.945262617705, 0.881530929758, 0.77407747584, 0.31966573798, 0.620276432174, 0.8346999354, 0.711495935522, 0.0634124359866, 0.418427458992, 0.841930014374, 0.490187398964, 0.879250186264, 0.653190322236, 0.751770773674, 0.929099734591, 0.800912934758, 0.534412333797, 0.689078502665, 0.760180557859, 0.0139584595751, 0.0173107888689, 0.243934936707, 0.352823001889, 0.380263720071, 0.377183640402, 5274.0
0.674348494809, 0.734414779676, 0.782364930147, 0.982135572128, 0.246058124045, 0.825639920372, 0.538208140962, 0.72856920663, 0.194697920925, 0.265346059336, 0.738324820665, 0.153755932298, 0.556008854998, 0.77346501444, 0.79827561007, 0.735663254747, 0.959189926899, 0.536020048648, 0.800306827567, 0.915710829707, 0.83229405083, 0.724485381266, 0.982797403679, 0.732113565233, 0.170010498288, 0.850282419008, 5274.0
0.801582225511, 0.854819709239, 0.63356948333, 0.825246000572, 0.395335875544, 0.140497170336, 0.316950829105, 0.314202503011, 0.339516118703, 0.433294066327, 0.847052115673, 0.438253865066, 0.808598295696, 0.546773578346, 0.694357377271, 0.688521592855, 0.555536002983, 0.629608112923, 0.94972646877, 0.428074593596, 0.432216090453, 0.024643122862, 0.0153761571047, 0.00570709654534, 0.0512455221519, 0.70060222322, 5289.0
0.952830228041, 0.583255199694, 0.822389712561, 0.622617050167, 0.0229804918154, 0.639942942407, 0.408580763968, 0.247176314348, 0.388250976127, 0.023880467739, 0.670261608009, 0.217606579933, 0.763716586442, 0.611904363025, 0.566436796013, 0.815571488206, 0.780440903754, 0.843056829599, 0.799194682719, 0.0435299190946, 0.449503417256, 0.045338965691, 0.488760388998, 0.444986158204, 0.462295892622, 0.214556755153, 5289.0
0.716879244244, 0.799063682761, 0.87737212594, 0.989252280937, 0.360263608633, 0.454750747145, 0.0316090586444, 0.027449191772, 0.00862874954892, 0.175362378337, 0.600122498636, 0.459971889359, 0.79718728628, 0.885986883027, 0.82021831851, 0.858166169174, 0.980548354127, 0.915331899845, 0.785957576952, 0.240327848696, 0.83713712779, 0.766669695513, 0.510330509226, 0.909478939193, 0.485553733403, 0.749607462817, 5289.0
0.801582225511, 0.854819709239, 0.63356948333, 0.825246000572, 0.395335875544, 0.140497170336, 0.316950829105, 0.314202503011, 0.339516118703, 0.433294066327, 0.847052115673, 0.438253865066, 0.808598295696, 0.546773578346, 0.694357377271, 0.688521592855, 0.555536002983, 0.629608112923, 0.94972646877, 0.428074593596, 0.432216090453, 0.024643122862, 0.0153761571047, 0.00570709654534, 0.0512455221519, 0.70060222322, 5289.0
0.952830228041, 0.583255199694, 0.822389712561, 0.622617050167, 0.0229804918154, 0.639942942407, 0.408580763968, 0.247176314348, 0.388250976127, 0.023880467739, 0.670261608009, 0.217606579933, 0.763716586442, 0.611904363025, 0.566436796013, 0.815571488206, 0.780440903754, 0.843056829599, 0.799194682719, 0.0435299190946, 0.449503417256, 0.045338965691, 0.488760388998, 0.444986158204, 0.462295892622, 0.214556755153, 5289.0
0.716879244244, 0.799063682761, 0.87737212594, 0.989252280937, 0.360263608633, 0.454750747145, 0.0316090586444, 0.027449191772, 0.00862874954892, 0.175362378337, 0.600122498636, 0.459971889359, 0.79718728628, 0.885986883027, 0.82021831851, 0.858166169174, 0.980548354127, 0.915331899845, 0.785957576952, 0.240327848696, 0.83713712779, 0.766669695513, 0.510330509226, 0.909478939193, 0.485553733403, 0.749607462817, 5289.0
0.633838932708, 0.646700295864, 0.962139791139, 0.856423027465, 0.258081116819, 0.279744513676, 0.989783482453, 0.162228916139, 0.658092165069, 0.937868890978, 0.598856264617, 0.462635737246, 0.563331458914, 0.755798108142, 0.739199411535, 0.414998531922, 0.512202933494, 0.885724437739, 0.994529420099, 0.200231728721, 0.198817855593, 0.320777072977, 0.0168688026221, 0.0979545892477, 0.316022374026, 0.519446482947, 5365.0
0.987218990547, 0.729967426911, 0.546078327077, 0.84451868699, 0.284909160569, 0.0884051850234, 0.989259794754, 0.791778546012, 0.315215825151, 0.799193932535, 0.915448479722, 0.234344533542, 0.530627917484, 0.794362674168, 0.679268296877, 0.869537057922, 0.73445361359, 0.893873315669, 0.639396574728, 0.704327806413, 0.161302327363, 0.455688518903, 0.295412041028, 0.337452482602, 0.323552932647, 0.577010962997, 5365.0
0.600189910664, 0.950175977672, 0.525647109206, 0.598689433813, 0.00984525217749, 0.0553508010927, 0.462177200638, 0.339676392195, 0.89651443693, 0.561210357023, 0.77149266483, 0.108888346182, 0.639386067314, 0.923969582607, 0.827504374185, 0.0840091799054, 0.977151575534, 0.865274171764, 0.706229023166, 0.112309317092, 0.368072793282, 0.449509244898, 0.0691347632316, 0.431736112676, 0.289498620858, 0.865253795407, 5365.0
0.802972701127, 0.575726470644, 0.861324380329, 0.891733826245, 0.0894019040209, 0.247403400878, 0.943930837435, 0.638313729433, 0.164622989978, 0.680779824572, 0.871241939443, 0.00716217680162, 0.649131593911, 0.601520643638, 0.659783287506, 0.516966435238, 0.890341472556, 0.83181590953, 0.707956274837, 0.225880501134, 0.0500793505875, 0.493949995357, 0.0721494148847, 0.179593050461, 0.0430335037634, 0.269641925583, 5365.0
0.591018343182, 0.500952913499, 0.57625659777, 0.924950907473, 0.0488411473166, 0.665923200351, 0.195699051458, 0.727494740168, 0.947380880541, 0.839213458066, 0.864511819029, 0.215467874602, 0.666904578116, 0.913200750367, 0.567421184291, 0.895987753723, 0.687760074309, 0.810812696869, 0.725006975917, 0.570532146112, 0.149057316142, 0.12339581825, 0.450679371258, 0.472672587228, 0.0342463757155, 0.242581903995, 5365.0
0.924699405357, 0.506636038036, 0.644291164633, 0.262094100874, 0.525724128355, 0.623383695169, 0.63410761866, 0.581019525806, 0.373983332287, 0.961690301587, 0.940270649813, 0.47008006596, 0.663878244047, 0.85474600736, 0.958595309257, 0.263921510149, 0.514478926101, 0.718080675919, 0.705901400109, 0.141960932518, 0.20647014193, 0.0783002591618, 0.0279006919739, 0.0725821392643, 0.136392687934, 0.225656802418, 5365.0
0.633838932708, 0.646700295864, 0.962139791139, 0.856423027465, 0.258081116819, 0.279744513676, 0.989783482453, 0.162228916139, 0.658092165069, 0.937868890978, 0.598856264617, 0.462635737246, 0.563331458914, 0.755798108142, 0.739199411535, 0.414998531922, 0.512202933494, 0.885724437739, 0.994529420099, 0.200231728721, 0.198817855593, 0.320777072977, 0.0168688026221, 0.0979545892477, 0.316022374026, 0.519446482947, 5365.0
0.987218990547, 0.729967426911, 0.546078327077, 0.84451868699, 0.284909160569, 0.0884051850234, 0.989259794754, 0.791778546012, 0.315215825151, 0.799193932535, 0.915448479722, 0.234344533542, 0.530627917484, 0.794362674168, 0.679268296877, 0.869537057922, 0.73445361359, 0.893873315669, 0.639396574728, 0.704327806413, 0.161302327363, 0.455688518903, 0.295412041028, 0.337452482602, 0.323552932647, 0.577010962997, 5365.0
0.600189910664, 0.950175977672, 0.525647109206, 0.598689433813, 0.00984525217749, 0.0553508010927, 0.462177200638, 0.339676392195, 0.89651443693, 0.561210357023, 0.77149266483, 0.108888346182, 0.639386067314, 0.923969582607, 0.827504374185, 0.0840091799054, 0.977151575534, 0.865274171764, 0.706229023166, 0.112309317092, 0.368072793282, 0.449509244898, 0.0691347632316, 0.431736112676, 0.289498620858, 0.865253795407, 5365.0
0.802972701127, 0.575726470644, 0.861324380329, 0.891733826245, 0.0894019040209, 0.247403400878, 0.943930837435, 0.638313729433, 0.164622989978, 0.680779824572, 0.871241939443, 0.00716217680162, 0.649131593911, 0.601520643638, 0.659783287506, 0.516966435238, 0.890341472556, 0.83181590953, 0.707956274837, 0.225880501134, 0.0500793505875, 0.493949995357, 0.0721494148847, 0.179593050461, 0.0430335037634, 0.269641925583, 5365.0
0.591018343182, 0.500952913499, 0.57625659777, 0.924950907473, 0.0488411473166, 0.665923200351, 0.195699051458, 0.727494740168, 0.947380880541, 0.839213458066, 0.864511819029, 0.215467874602, 0.666904578116, 0.913200750367, 0.567421184291, 0.895987753723, 0.687760074309, 0.810812696869, 0.725006975917, 0.570532146112, 0.149057316142, 0.12339581825, 0.450679371258, 0.472672587228, 0.0342463757155, 0.242581903995, 5365.0
0.924699405357, 0.506636038036, 0.644291164633, 0.262094100874, 0.525724128355, 0.623383695169, 0.63410761866, 0.581019525806, 0.373983332287, 0.961690301587, 0.940270649813, 0.47008006596, 0.663878244047, 0.85474600736, 0.958595309257, 0.263921510149, 0.514478926101, 0.718080675919, 0.705901400109, 0.141960932518, 0.20647014193, 0.0783002591618, 0.0279006919739, 0.0725821392643, 0.136392687934, 0.225656802418, 5365.0
0.772701201692, 0.624570153616, 0.637253080425, 0.965587157826, 0.0340473189083, 0.67458762622, 0.087305226618, 0.0330625343122, 0.616472696704, 0.532095395662, 0.595085681674, 0.411641999176, 0.526648655861, 0.720516116268, 0.684507189297, 0.409866118368, 0.764458112078, 0.571698303618, 0.962167801174, 0.371679009302, 0.898841885661, 0.723554971293, 0.766420707915, 0.703650596546, 0.0571496078163, 0.842461339734, 5390.0
0.63476986982, 0.828981026302, 0.512985608298, 0.501924351164, 0.311542721746, 0.995595513435, 0.643307153701, 0.845606594776, 0.357180130956, 0.834275225653, 0.726856132536, 0.407779656856, 0.577650704687, 0.608382397751, 0.817740501838, 0.579675821802, 0.715339718396, 0.553444326499, 0.552027498159, 0.614745091698, 0.774810028377, 0.544404471591, 0.914682993055, 0.837578974422, 0.119002979018, 0.539732813589, 5390.0
0.528390542821, 0.715899737867, 0.73876138398, 0.825260401117, 0.45650012041, 0.257470153946, 0.277833760246, 0.0220143443564, 0.288740827629, 0.779304151848, 0.759655546349, 0.225643666818, 0.788247081575, 0.976573321496, 0.672770774005, 0.638004859974, 0.666468450786, 0.877480681044, 0.882300671761, 0.993552099519, 0.846036607923, 0.952170211459, 0.902593825935, 0.579083054823, 0.054823675099, 0.110053818047, 5390.0
0.847241620933, 0.605743194395, 0.630252643112, 0.822799071144, 0.498493206292, 0.948991769657, 0.284576333302, 0.265946646801, 0.903615991934, 0.599410434715, 0.750047439815, 0.219085874751, 0.622321090191, 0.775568769813, 0.983176506107, 0.97602350511, 0.999208435735, 0.877267211534, 0.792042588332, 0.690325255835, 0.635252768451, 0.870854160057, 0.62764720279, 0.815841865017, 0.355883147084, 0.184712345389, 5390.0
0.872628682018, 0.652226843929, 0.886974916129, 0.788138160274, 0.213867701219, 0.424516891468, 0.451849088308, 0.73871638728, 0.612772309396, 0.753779953597, 0.715194105001, 0.499713956704, 0.989455818657, 0.874764709511, 0.868756972259, 0.230125076502, 0.51651579281, 0.931993806798, 0.637948183022, 0.421306350182, 0.732254298642, 0.598215128807, 0.561212231431, 0.593601310203, 0.362545598917, 0.16199132402, 5390.0
0.772701201692, 0.624570153616, 0.637253080425, 0.965587157826, 0.0340473189083, 0.67458762622, 0.087305226618, 0.0330625343122, 0.616472696704, 0.532095395662, 0.595085681674, 0.411641999176, 0.526648655861, 0.720516116268, 0.684507189297, 0.409866118368, 0.764458112078, 0.571698303618, 0.962167801174, 0.371679009302, 0.898841885661, 0.723554971293, 0.766420707915, 0.703650596546, 0.0571496078163, 0.842461339734, 5390.0
0.63476986982, 0.828981026302, 0.512985608298, 0.501924351164, 0.311542721746, 0.995595513435, 0.643307153701, 0.845606594776, 0.357180130956, 0.834275225653, 0.726856132536, 0.407779656856, 0.577650704687, 0.608382397751, 0.817740501838, 0.579675821802, 0.715339718396, 0.553444326499, 0.552027498159, 0.614745091698, 0.774810028377, 0.544404471591, 0.914682993055, 0.837578974422, 0.119002979018, 0.539732813589, 5390.0
0.528390542821, 0.715899737867, 0.73876138398, 0.825260401117, 0.45650012041, 0.257470153946, 0.277833760246, 0.0220143443564, 0.288740827629, 0.779304151848, 0.759655546349, 0.225643666818, 0.788247081575, 0.976573321496, 0.672770774005, 0.638004859974, 0.666468450786, 0.877480681044, 0.882300671761, 0.993552099519, 0.846036607923, 0.952170211459, 0.902593825935, 0.579083054823, 0.054823675099, 0.110053818047, 5390.0
0.847241620933, 0.605743194395, 0.630252643112, 0.822799071144, 0.498493206292, 0.948991769657, 0.284576333302, 0.265946646801, 0.903615991934, 0.599410434715, 0.750047439815, 0.219085874751, 0.622321090191, 0.775568769813, 0.983176506107, 0.97602350511, 0.999208435735, 0.877267211534, 0.792042588332, 0.690325255835, 0.635252768451, 0.870854160057, 0.62764720279, 0.815841865017, 0.355883147084, 0.184712345389, 5390.0
0.872628682018, 0.652226843929, 0.886974916129, 0.788138160274, 0.213867701219, 0.424516891468, 0.451849088308, 0.73871638728, 0.612772309396, 0.753779953597, 0.715194105001, 0.499713956704, 0.989455818657, 0.874764709511, 0.868756972259, 0.230125076502, 0.51651579281, 0.931993806798, 0.637948183022, 0.421306350182, 0.732254298642, 0.598215128807, 0.561212231431, 0.593601310203, 0.362545598917, 0.16199132402, 5390.0
0.99012555372, 0.899910217877, 0.559611224731, 0.822523620291, 0.339465419988, 0.649337927823, 0.711634698174, 0.745751946616, 0.191956850298, 0.018350904872, 0.835387861386, 0.286365290119, 0.885556244502, 0.978374527161, 0.888478571059, 0.695353101985, 0.726976794418, 0.777800097836, 0.617130251891, 0.903348814457, 0.63436900483, 0.725581462529, 0.925088241063, 0.0491001671869, 0.532276077505, 0.803987618274, 14694.0
0.771204616554, 0.55460121616, 0.736083490077, 0.644620636391, 0.279464994603, 0.742384248187, 0.468529965726, 0.723519866736, 0.130748828761, 0.169170664296, 0.632040476193, 0.0165011300564, 0.826129535889, 0.506172740091, 0.629760576627, 0.798723554205, 0.942658167787, 0.602886593537, 0.516984980904, 0.261121361707, 0.944151842682, 0.922463536668, 0.746335319054, 0.464733134704, 0.787326181468, 0.650515041114, 14694.0
0.91499221395, 0.803863753081, 0.785525505929, 0.00666464282872, 0.895616677594, 0.937337198051, 0.682953599564, 0.559580497975, 0.135213064811, 0.110588180025, 0.727586169973, 0.179733586143, 0.991860931202, 0.755177762152, 0.882799653858, 0.73761678048, 0.530645185983, 0.68522179214, 0.527407750609, 0.66212308315, 0.898257381051, 0.779614253192, 0.605551652559, 0.154540199212, 0.500218616723, 0.258415543784, 14694.0
0.99012555372, 0.899910217877, 0.559611224731, 0.822523620291, 0.339465419988, 0.649337927823, 0.711634698174, 0.745751946616, 0.191956850298, 0.018350904872, 0.835387861386, 0.286365290119, 0.885556244502, 0.978374527161, 0.888478571059, 0.695353101985, 0.726976794418, 0.777800097836, 0.617130251891, 0.903348814457, 0.63436900483, 0.725581462529, 0.925088241063, 0.0491001671869, 0.532276077505, 0.803987618274, 14694.0
0.771204616554, 0.55460121616, 0.736083490077, 0.644620636391, 0.279464994603, 0.742384248187, 0.468529965726, 0.723519866736, 0.130748828761, 0.169170664296, 0.632040476193, 0.0165011300564, 0.826129535889, 0.506172740091, 0.629760576627, 0.798723554205, 0.942658167787, 0.602886593537, 0.516984980904, 0.261121361707, 0.944151842682, 0.922463536668, 0.746335319054, 0.464733134704, 0.787326181468, 0.650515041114, 14694.0
0.91499221395, 0.803863753081, 0.785525505929, 0.00666464282872, 0.895616677594, 0.937337198051, 0.682953599564, 0.559580497975, 0.135213064811, 0.110588180025, 0.727586169973, 0.179733586143, 0.991860931202, 0.755177762152, 0.882799653858, 0.73761678048, 0.530645185983, 0.68522179214, 0.527407750609, 0.66212308315, 0.898257381051, 0.779614253192, 0.605551652559, 0.154540199212, 0.500218616723, 0.258415543784, 14694.0
0.526637029398, 0.576700615037, 0.682626489304, 0.786171707002, 0.225963266467, 0.250575720823, 0.26543761676, 0.139734578877, 0.983188062275, 0.0370225130806, 0.560271881558, 0.233685837025, 0.930113503419, 0.964774338948, 0.969674918291, 0.349477497942, 0.639514533224, 0.741611978028, 0.70322127826, 0.105065970322, 0.756451717713, 0.939545798515, 0.506234999942, 0.255058336575, 0.623786612793, 0.413379376587, 14727.0
0.751444752652, 0.602890914361, 0.867164191123, 0.802293988877, 0.193486227944, 0.886569823024, 0.0707585117526, 0.493915490693, 0.777585347703, 0.22735197517, 0.652745975881, 0.254864784958, 0.584397213691, 0.538976524856, 0.629002920576, 0.791641828702, 0.971261713485, 0.613557221934, 0.740298967002, 0.0982942682107, 0.621737126868, 0.832444456647, 0.508573666991, 0.495155802944, 0.608306060038, 0.291987197907, 14727.0
0.74121295698, 0.822990891668, 0.891095299101, 0.61334485165, 0.471622374716, 0.429805718298, 0.0205691579518, 0.491933638399, 0.82676276389, 0.389958538694, 0.575729808974, 0.00940262626904, 0.615923984233, 0.852736594878, 0.515122221125, 0.772780318855, 0.642179062804, 0.884100207649, 0.820538223599, 0.774410216854, 0.711059187686, 0.535799622678, 0.543309737182, 0.178555015453, 0.818397682706, 0.263014576853, 14727.0
0.7841315907, 0.699845515336, 0.815331845573, 0.846777906891, 0.298589772772, 0.891248173739, 0.812415733438, 0.469875498077, 0.708386014476, 0.329890324907, 0.702633970157, 0.12386270937, 0.558770557107, 0.609254938527, 0.563851103605, 0.587846063278, 0.814557257926, 0.98785944579, 0.962579273258, 0.0427826883943, 0.618871959513, 0.971966157458, 0.780576944974, 0.0405447313468, 0.610357797349, 0.108631508589, 14727.0
0.575022681278, 0.722711690797, 0.993044188631, 0.280754184761, 0.79939081415, 0.514656875136, 0.65483711935, 0.0988552052878, 0.550671961632, 0.280768629729, 0.799421551485, 0.451461779988, 0.763518581576, 0.667464687938, 0.544337869783, 0.808215918445, 0.535758278169, 0.948147382178, 0.724754459496, 0.613796279542, 0.871202764813, 0.923438011408, 0.843173025149, 0.268461291308, 0.956242882436, 0.704223773989, 14727.0
0.751444752652, 0.602890914361, 0.867164191123, 0.802293988877, 0.193486227944, 0.886569823024, 0.0707585117526, 0.493915490693, 0.777585347703, 0.22735197517, 0.652745975881, 0.254864784958, 0.584397213691, 0.538976524856, 0.629002920576, 0.791641828702, 0.971261713485, 0.613557221934, 0.740298967002, 0.0982942682107, 0.621737126868, 0.832444456647, 0.508573666991, 0.495155802944, 0.608306060038, 0.291987197907, 14727.0
0.526637029398, 0.576700615037, 0.682626489304, 0.786171707002, 0.225963266467, 0.250575720823, 0.26543761676, 0.139734578877, 0.983188062275, 0.0370225130806, 0.560271881558, 0.233685837025, 0.930113503419, 0.964774338948, 0.969674918291, 0.349477497942, 0.639514533224, 0.741611978028, 0.70322127826, 0.105065970322, 0.756451717713, 0.939545798515, 0.506234999942, 0.255058336575, 0.623786612793, 0.413379376587, 14727.0
0.74121295698, 0.822990891668, 0.891095299101, 0.61334485165, 0.471622374716, 0.429805718298, 0.0205691579518, 0.491933638399, 0.82676276389, 0.389958538694, 0.575729808974, 0.00940262626904, 0.615923984233, 0.852736594878, 0.515122221125, 0.772780318855, 0.642179062804, 0.884100207649, 0.820538223599, 0.774410216854, 0.711059187686, 0.535799622678, 0.543309737182, 0.178555015453, 0.818397682706, 0.263014576853, 14727.0
