0.953791819221, 0.955920661444, 0.992487397725, 0.719559824765, 0.385401016772, 0.736859073945, 0.527974313485, 0.670043519433, 0.165339099136, 0.595355107363, 0.78809225974, 0.531777949681, 0.0273740345237, 0.629276487066, 0.511753178903, 0.502421771618, 0.69104154205, 0.801156026703, 0.528362553258, 0.954830443254, 0.634052724966, 0.996794472279, 0.939492377095, 0.633726814318, 0.110379699967, 0.234055944074, 2986.0
0.588098080496, 0.955920661444, 0.963869356828, 0.719559824765, 0.0129758790639, 0.736859073945, 0.00147709891896, 0.598866132735, 0.0641404304886, 0.784742598412, 0.632867184408, 0.58079378519, 0.195628345319, 0.614258882403, 0.511753178903, 0.787956564938, 0.781440078291, 0.873405595354, 0.528362553258, 0.65402493457, 0.534179153041, 0.995359775827, 0.939492377095, 0.996650700404, 0.378337316333, 0.00923259018605, 2986.0
0.588098080496, 0.955920661444, 0.963869356828, 0.719559824765, 0.0447080290018, 0.736859073945, 0.00297848227355, 0.598866132735, 0.00271714858743, 0.784742598412, 0.632867184408, 0.58079378519, 0.195628345319, 0.614258882403, 0.511753178903, 0.562439007171, 0.781440078291, 0.801156026703, 0.528362553258, 0.2352915419, 0.699273792807, 0.995359775827, 0.939492377095, 0.998539505877, 0.378337316333, 0.230612656616, 2986.0
0.953791819221, 0.955920661444, 0.992487397725, 0.719559824765, 0.385401016772, 0.736859073945, 0.527974313485, 0.670043519433, 0.165339099136, 0.971681720857, 0.590750080756, 0.531777949681, 0.0273740345237, 0.629276487066, 0.511753178903, 0.787956564938, 0.69104154205, 0.801156026703, 0.528362553258, 0.954830443254, 0.634052724966, 0.996794472279, 0.939492377095, 0.633726814318, 0.110379699967, 0.234055944074, 2986.0
0.588098080496, 0.955920661444, 0.963869356828, 0.719559824765, 0.0447080290018, 0.736859073945, 0.00297848227355, 0.598866132735, 0.00271714858743, 0.784742598412, 0.632867184408, 0.58079378519, 0.195628345319, 0.614258882403, 0.511753178903, 0.787956564938, 0.781440078291, 0.801156026703, 0.528362553258, 0.65402493457, 0.699273792807, 0.995359775827, 0.939492377095, 0.998539505877, 0.378337316333, 0.230612656616, 2986.0
0.879317488377, 0.594657040397, 0.81613096216, 0.947297315485, 0.452322553591, 0.158685495941, 0.265713755833, 0.686697912114, 0.834533245243, 0.0566232804031, 0.999998600209, 0.580240619099, 0.307872258831, 0.830855440463, 0.913513876556, 0.373146024006, 0.559962275419, 0.934429327549, 0.81138574011, 0.0233167225727, 0.257613206018, 0.000559875225534, 0.00131701036353, 0.256152249579, 0.0204611768814, 0.115462059868, 2986.0
0.953791819221, 0.955920661444, 0.992487397725, 0.719559824765, 0.385401016772, 0.736859073945, 0.527974313485, 0.670043519433, 0.165339099136, 0.595355107363, 0.78809225974, 0.531777949681, 0.0273740345237, 0.629276487066, 0.511753178903, 0.502421771618, 0.69104154205, 0.801156026703, 0.528362553258, 0.954830443254, 0.634052724966, 0.996794472279, 0.939492377095, 0.633726814318, 0.110379699967, 0.234055944074, 2986.0
0.588098080496, 0.955920661444, 0.963869356828, 0.719559824765, 0.0129758790639, 0.736859073945, 0.00147709891896, 0.598866132735, 0.0641404304886, 0.784742598412, 0.632867184408, 0.58079378519, 0.195628345319, 0.614258882403, 0.511753178903, 0.787956564938, 0.781440078291, 0.873405595354, 0.528362553258, 0.65402493457, 0.534179153041, 0.995359775827, 0.939492377095, 0.996650700404, 0.378337316333, 0.00923259018605, 2986.0
0.588098080496, 0.955920661444, 0.963869356828, 0.719559824765, 0.0447080290018, 0.736859073945, 0.00297848227355, 0.598866132735, 0.00271714858743, 0.784742598412, 0.632867184408, 0.58079378519, 0.195628345319, 0.614258882403, 0.511753178903, 0.562439007171, 0.781440078291, 0.801156026703, 0.528362553258, 0.2352915419, 0.699273792807, 0.995359775827, 0.939492377095, 0.998539505877, 0.378337316333, 0.230612656616, 2986.0
0.953791819221, 0.955920661444, 0.992487397725, 0.719559824765, 0.385401016772, 0.736859073945, 0.527974313485, 0.670043519433, 0.165339099136, 0.971681720857, 0.590750080756, 0.531777949681, 0.0273740345237, 0.629276487066, 0.511753178903, 0.787956564938, 0.69104154205, 0.801156026703, 0.528362553258, 0.954830443254, 0.634052724966, 0.996794472279, 0.939492377095, 0.633726814318, 0.110379699967, 0.234055944074, 2986.0
0.588098080496, 0.955920661444, 0.963869356828, 0.719559824765, 0.0447080290018, 0.736859073945, 0.00297848227355, 0.598866132735, 0.00271714858743, 0.784742598412, 0.632867184408, 0.58079378519, 0.195628345319, 0.614258882403, 0.511753178903, 0.787956564938, 0.781440078291, 0.801156026703, 0.528362553258, 0.65402493457, 0.699273792807, 0.995359775827, 0.939492377095, 0.998539505877, 0.378337316333, 0.230612656616, 2986.0
0.879317488377, 0.594657040397, 0.81613096216, 0.947297315485, 0.452322553591, 0.158685495941, 0.265713755833, 0.686697912114, 0.834533245243, 0.0566232804031, 0.999998600209, 0.580240619099, 0.307872258831, 0.830855440463, 0.913513876556, 0.373146024006, 0.559962275419, 0.934429327549, 0.81138574011, 0.0233167225727, 0.257613206018, 0.000559875225534, 0.00131701036353, 0.256152249579, 0.0204611768814, 0.115462059868, 2986.0
0.571371682993, 0.955920661444, 0.992487397725, 0.719559824765, 0.385401016772, 0.975975740495, 0.226393341786, 0.403938502754, 0.165339099136, 0.24007268892, 0.78809225974, 0.712732380313, 0.0383492405435, 0.549476655076, 0.511753178903, 0.787956564938, 0.568911822833, 0.801156026703, 0.790738435001, 0.2352915419, 0.534179153041, 0.995359775827, 0.645737737819, 0.633726814318, 0.150739401312, 0.234055944074, 3185.0
0.771153846105, 0.673445300166, 0.857849904126, 0.509782902438, 0.258277009901, 0.672519560697, 0.512221428846, 0.267841878996, 0.976300679684, 0.178412891786, 0.679158030521, 0.996114120847, 0.204746264113, 0.999773907206, 0.756664462424, 0.838737535719, 0.720200717583, 0.866043222753, 0.598451089649, 0.000259245930817, 0.706662704094, 0.746884220019, 0.79044915614, 0.990213626365, 0.278546466813, 0.21538864625, 3185.0
0.774274696231, 0.927467162124, 0.634567074349, 0.658273766654, 0.154653968179, 0.0397398988469, 0.353402565312, 0.0745878013228, 0.754630653292, 0.178412891786, 0.874337800363, 0.996114120847, 0.125805244894, 0.715387505722, 0.988896851086, 0.901955404662, 0.630564005784, 0.680602674897, 0.521855050546, 0.0633710715696, 0.723797781587, 0.983832680711, 0.821746304644, 0.58055687648, 0.356603206954, 0.955027853636, 3185.0
0.835447685347, 0.905381808214, 0.857849904126, 0.568663860779, 0.201446028703, 0.177645249945, 0.139734933365, 0.267841878996, 0.991374051666, 0.0108330258069, 0.903767296959, 0.567624523352, 0.262822439221, 0.514096598155, 0.756664462424, 0.838737535719, 0.720200717583, 0.866043222753, 0.630055102333, 0.00975813184951, 0.624802566827, 0.899642043089, 0.615598544279, 0.500224599813, 0.356603206954, 0.21538864625, 3185.0
0.63611947426, 0.673445300166, 0.634567074349, 0.568663860779, 0.246693351201, 0.11397819676, 0.512221428846, 0.267841878996, 0.976300679684, 0.815047362408, 0.832038147505, 0.996114120847, 0.438600839678, 0.514096598155, 0.756664462424, 0.901955404662, 0.969693110431, 0.681348337848, 0.630055102333, 0.116380474576, 0.624802566827, 0.756649135335, 0.79044915614, 0.74610375944, 0.427557389125, 0.21538864625, 3185.0
0.654710031046, 0.927467162124, 0.634567074349, 0.578728265679, 0.154653968179, 0.857014541467, 0.0496011742703, 0.267841878996, 0.842082160579, 0.178412891786, 0.874337800363, 0.60449456888, 0.125805244894, 0.715387505722, 0.988896851086, 0.838737535719, 0.708036096132, 0.680602674897, 0.521855050546, 0.304622001505, 0.624802566827, 0.991722402973, 0.821746304644, 0.58055687648, 0.356603206954, 0.98103271273, 3185.0
0.754810741602, 0.673445300166, 0.948229220579, 0.568663860779, 0.0155101315477, 0.0874748637493, 0.512221428846, 0.0745878013228, 0.984308975204, 0.790308431422, 0.832038147505, 0.985939267549, 0.0752780287402, 0.514096598155, 0.756664462424, 0.838737535719, 0.720200717583, 0.725567843066, 0.876959940396, 0.419701032742, 0.624802566827, 0.846933285876, 0.79044915614, 0.500224599813, 0.356603206954, 0.21538864625, 3185.0
0.771153846105, 0.673445300166, 0.933347780044, 0.568663860779, 0.201446028703, 0.162839923756, 0.26771657196, 0.183122121736, 0.991374051666, 0.0844017847681, 0.903767296959, 0.60449456888, 0.18008300669, 0.514096598155, 0.756664462424, 0.838737535719, 0.720200717583, 0.866043222753, 0.630055102333, 0.00975813184951, 0.706662704094, 0.899642043089, 0.79044915614, 0.990213626365, 0.217145580474, 0.21538864625, 3185.0
0.63611947426, 0.673445300166, 0.857849904126, 0.568663860779, 0.0155101315477, 0.8127323455, 0.512221428846, 0.0745878013228, 0.976300679684, 0.790308431422, 0.832038147505, 0.760197283432, 0.0752780287402, 0.522933994054, 0.756664462424, 0.838737535719, 0.720200717583, 0.725567843066, 0.630055102333, 0.419701032742, 0.723797781587, 0.846933285876, 0.760030925271, 0.990213626365, 0.356603206954, 0.21538864625, 3185.0
0.774274696231, 0.927467162124, 0.634567074349, 0.658273766654, 0.154653968179, 0.0874748637493, 0.353402565312, 0.0745878013228, 0.754630653292, 0.178412891786, 0.874337800363, 0.996114120847, 0.125805244894, 0.715387505722, 0.988896851086, 0.838737535719, 0.630564005784, 0.680602674897, 0.521855050546, 0.0633710715696, 0.706662704094, 0.983832680711, 0.821746304644, 0.58055687648, 0.356603206954, 0.955027853636, 3185.0
0.654710031046, 0.927467162124, 0.634567074349, 0.578728265679, 0.154653968179, 0.857014541467, 0.139734933365, 0.267841878996, 0.638923730916, 0.790308431422, 0.944014956188, 0.60449456888, 0.125805244894, 0.715387505722, 0.988896851086, 0.838737535719, 0.708036096132, 0.680602674897, 0.521855050546, 0.304622001505, 0.624802566827, 0.991722402973, 0.821746304644, 0.58055687648, 0.356603206954, 0.955027853636, 3185.0
0.63611947426, 0.673445300166, 0.928036946587, 0.568663860779, 0.0155101315477, 0.0874748637493, 0.512221428846, 0.0745878013228, 0.980712227781, 0.178412891786, 0.832038147505, 0.985939267549, 0.0752780287402, 0.514096598155, 0.756664462424, 0.838737535719, 0.720200717583, 0.725567843066, 0.630055102333, 0.419701032742, 0.706662704094, 0.846933285876, 0.635877209136, 0.990213626365, 0.180778422637, 0.21538864625, 3185.0
0.571371682993, 0.955920661444, 0.992487397725, 0.719559824765, 0.385401016772, 0.975975740495, 0.226393341786, 0.403938502754, 0.165339099136, 0.24007268892, 0.78809225974, 0.712732380313, 0.0383492405435, 0.549476655076, 0.511753178903, 0.787956564938, 0.568911822833, 0.801156026703, 0.790738435001, 0.2352915419, 0.534179153041, 0.995359775827, 0.645737737819, 0.633726814318, 0.150739401312, 0.234055944074, 3185.0
0.771153846105, 0.673445300166, 0.857849904126, 0.509782902438, 0.258277009901, 0.672519560697, 0.512221428846, 0.267841878996, 0.976300679684, 0.178412891786, 0.679158030521, 0.996114120847, 0.204746264113, 0.999773907206, 0.756664462424, 0.838737535719, 0.720200717583, 0.866043222753, 0.598451089649, 0.000259245930817, 0.706662704094, 0.746884220019, 0.79044915614, 0.990213626365, 0.278546466813, 0.21538864625, 3185.0
0.774274696231, 0.927467162124, 0.634567074349, 0.658273766654, 0.154653968179, 0.0397398988469, 0.353402565312, 0.0745878013228, 0.754630653292, 0.178412891786, 0.874337800363, 0.996114120847, 0.125805244894, 0.715387505722, 0.988896851086, 0.901955404662, 0.630564005784, 0.680602674897, 0.521855050546, 0.0633710715696, 0.723797781587, 0.983832680711, 0.821746304644, 0.58055687648, 0.356603206954, 0.955027853636, 3185.0
0.835447685347, 0.905381808214, 0.857849904126, 0.568663860779, 0.201446028703, 0.177645249945, 0.139734933365, 0.267841878996, 0.991374051666, 0.0108330258069, 0.903767296959, 0.567624523352, 0.262822439221, 0.514096598155, 0.756664462424, 0.838737535719, 0.720200717583, 0.866043222753, 0.630055102333, 0.00975813184951, 0.624802566827, 0.899642043089, 0.615598544279, 0.500224599813, 0.356603206954, 0.21538864625, 3185.0
0.63611947426, 0.673445300166, 0.634567074349, 0.568663860779, 0.246693351201, 0.11397819676, 0.512221428846, 0.267841878996, 0.976300679684, 0.815047362408, 0.832038147505, 0.996114120847, 0.438600839678, 0.514096598155, 0.756664462424, 0.901955404662, 0.969693110431, 0.681348337848, 0.630055102333, 0.116380474576, 0.624802566827, 0.756649135335, 0.79044915614, 0.74610375944, 0.427557389125, 0.21538864625, 3185.0
0.654710031046, 0.927467162124, 0.634567074349, 0.578728265679, 0.154653968179, 0.857014541467, 0.0496011742703, 0.267841878996, 0.842082160579, 0.178412891786, 0.874337800363, 0.60449456888, 0.125805244894, 0.715387505722, 0.988896851086, 0.838737535719, 0.708036096132, 0.680602674897, 0.521855050546, 0.304622001505, 0.624802566827, 0.991722402973, 0.821746304644, 0.58055687648, 0.356603206954, 0.98103271273, 3185.0
0.754810741602, 0.673445300166, 0.948229220579, 0.568663860779, 0.0155101315477, 0.0874748637493, 0.512221428846, 0.0745878013228, 0.984308975204, 0.790308431422, 0.832038147505, 0.985939267549, 0.0752780287402, 0.514096598155, 0.756664462424, 0.838737535719, 0.720200717583, 0.725567843066, 0.876959940396, 0.419701032742, 0.624802566827, 0.846933285876, 0.79044915614, 0.500224599813, 0.356603206954, 0.21538864625, 3185.0
0.771153846105, 0.673445300166, 0.933347780044, 0.568663860779, 0.201446028703, 0.162839923756, 0.26771657196, 0.183122121736, 0.991374051666, 0.0844017847681, 0.903767296959, 0.60449456888, 0.18008300669, 0.514096598155, 0.756664462424, 0.838737535719, 0.720200717583, 0.866043222753, 0.630055102333, 0.00975813184951, 0.706662704094, 0.899642043089, 0.79044915614, 0.990213626365, 0.217145580474, 0.21538864625, 3185.0
0.63611947426, 0.673445300166, 0.857849904126, 0.568663860779, 0.0155101315477, 0.8127323455, 0.512221428846, 0.0745878013228, 0.976300679684, 0.790308431422, 0.832038147505, 0.760197283432, 0.0752780287402, 0.522933994054, 0.756664462424, 0.838737535719, 0.720200717583, 0.725567843066, 0.630055102333, 0.419701032742, 0.723797781587, 0.846933285876, 0.760030925271, 0.990213626365, 0.356603206954, 0.21538864625, 3185.0
0.774274696231, 0.927467162124, 0.634567074349, 0.658273766654, 0.154653968179, 0.0874748637493, 0.353402565312, 0.0745878013228, 0.754630653292, 0.178412891786, 0.874337800363, 0.996114120847, 0.125805244894, 0.715387505722, 0.988896851086, 0.838737535719, 0.630564005784, 0.680602674897, 0.521855050546, 0.0633710715696, 0.706662704094, 0.983832680711, 0.821746304644, 0.58055687648, 0.356603206954, 0.955027853636, 3185.0
0.654710031046, 0.927467162124, 0.634567074349, 0.578728265679, 0.154653968179, 0.857014541467, 0.139734933365, 0.267841878996, 0.638923730916, 0.790308431422, 0.944014956188, 0.60449456888, 0.125805244894, 0.715387505722, 0.988896851086, 0.838737535719, 0.708036096132, 0.680602674897, 0.521855050546, 0.304622001505, 0.624802566827, 0.991722402973, 0.821746304644, 0.58055687648, 0.356603206954, 0.955027853636, 3185.0
0.63611947426, 0.673445300166, 0.928036946587, 0.568663860779, 0.0155101315477, 0.0874748637493, 0.512221428846, 0.0745878013228, 0.980712227781, 0.178412891786, 0.832038147505, 0.985939267549, 0.0752780287402, 0.514096598155, 0.756664462424, 0.838737535719, 0.720200717583, 0.725567843066, 0.630055102333, 0.419701032742, 0.706662704094, 0.846933285876, 0.635877209136, 0.990213626365, 0.180778422637, 0.21538864625, 3185.0
0.879317488377, 0.594657040397, 0.761654328241, 0.99389065341, 0.398123912735, 0.342596881203, 0.389336881923, 0.158031591775, 0.997964131601, 0.911762717825, 0.999998600209, 0.620566300514, 0.171143100942, 0.830855440463, 0.956838702831, 0.687173657251, 0.566343914764, 0.934429327549, 0.81138574011, 0.570429378307, 0.257613206018, 0.357774451336, 0.00131701036353, 0.256152249579, 0.0353036746424, 0.145277616734, 3216.0
0.879317488377, 0.594657040397, 0.81613096216, 0.99389065341, 0.452322553591, 0.158685495941, 0.682612858327, 0.134347220239, 0.997341589277, 0.994999054174, 0.999998600209, 0.580240619099, 0.252547291608, 0.830855440463, 0.832596718367, 0.687173657251, 0.566343914764, 0.934429327549, 0.963958178233, 0.570429378307, 0.257613206018, 0.000559875225534, 0.115825876648, 0.256152249579, 0.0353036746424, 0.145277616734, 3216.0
0.929885775525, 0.594657040397, 0.81613096216, 0.99389065341, 0.452322553591, 0.448218358821, 0.304574782024, 0.158031591775, 0.997341589277, 0.911762717825, 0.999998600209, 0.907913232169, 0.252547291608, 0.993022012282, 0.832596718367, 0.687173657251, 0.566343914764, 0.963484252259, 0.972432464105, 0.570429378307, 0.257613206018, 0.403279355387, 0.000363305054298, 0.256152249579, 0.0351866827252, 0.145277616734, 3216.0
0.879317488377, 0.624345220754, 0.761654328241, 0.99389065341, 0.452322553591, 0.158685495941, 0.217305899961, 0.158031591775, 0.518623860584, 0.184270357329, 0.999998608776, 0.531202990556, 0.258744644369, 0.830855440463, 0.832596718367, 0.687173657251, 0.931312272996, 0.934429327549, 0.81138574011, 0.192188272863, 0.213039871649, 0.000559875225534, 0.123829261618, 0.256152249579, 0.0353036746424, 0.127518035239, 3216.0
0.879317488377, 0.970544343214, 0.787052388235, 0.995229210016, 0.398123912735, 0.342596881203, 0.549271544314, 0.158031591775, 0.997341589277, 0.911762717825, 0.999998600209, 0.805060647398, 0.125451342064, 0.830855440463, 0.956838702831, 0.687173657251, 0.566343914764, 0.934429327549, 0.81138574011, 0.570429378307, 0.257613206018, 0.357774451336, 0.00131701036353, 0.256152249579, 0.0353036746424, 0.145277616734, 3216.0
0.929885775525, 0.594657040397, 0.81613096216, 0.99389065341, 0.452322553591, 0.448218358821, 0.142884850968, 0.158031591775, 0.997669981711, 0.966938165735, 0.999998600209, 0.580240619099, 0.252547291608, 0.89411209138, 0.832596718367, 0.687173657251, 0.566343914764, 0.934429327549, 0.81138574011, 0.570429378307, 0.257613206018, 0.357774451336, 0.000363305054298, 0.256152249579, 0.0353036746424, 0.145277616734, 3216.0
0.879317488377, 0.594657040397, 0.761654328241, 0.99389065341, 0.398123912735, 0.342596881203, 0.549271544314, 0.127639160353, 0.997341589277, 0.911762717825, 0.999998600209, 0.979724848288, 0.252547291608, 0.830855440463, 0.832596718367, 0.687173657251, 0.566343914764, 0.934429327549, 0.81138574011, 0.570429378307, 0.105948670868, 0.341789006323, 0.00131701036353, 0.256152249579, 0.0353036746424, 0.79959447289, 3216.0
0.879317488377, 0.594657040397, 0.57308638854, 0.996303237381, 0.452322553591, 0.645078811054, 0.304574782024, 0.158031591775, 0.638236497446, 0.911762717825, 0.999998600209, 0.907913232169, 0.208623617122, 0.989464309007, 0.675246130016, 0.687173657251, 0.566343914764, 0.934429327549, 0.844515576428, 0.570429378307, 0.257613206018, 0.341789006323, 0.000363305054298, 0.256152249579, 0.0353036746424, 0.145277616734, 3216.0
0.879317488377, 0.594657040397, 0.885856597593, 0.99389065341, 0.452322553591, 0.158685495941, 0.682612858327, 0.134347220239, 0.997341589277, 0.911762717825, 0.999998600209, 0.580240619099, 0.252547291608, 0.830855440463, 0.832596718367, 0.687173657251, 0.566343914764, 0.934429327549, 0.963958178233, 0.570429378307, 0.257613206018, 0.000559875225534, 0.144069687766, 0.256152249579, 0.0353036746424, 0.145277616734, 3216.0
0.929885775525, 0.97411989998, 0.81613096216, 0.99389065341, 0.452322553591, 0.448218358821, 0.304574782024, 0.158031591775, 0.997341589277, 0.911762717825, 0.999998600209, 0.810797996417, 0.252547291608, 0.998652040573, 0.832596718367, 0.687173657251, 0.566343914764, 0.963484252259, 0.923981640333, 0.570429378307, 0.164329231392, 0.341789006323, 0.00014125278211, 0.256152249579, 0.0351866827252, 0.145277616734, 3216.0
0.68755188849, 0.594657040397, 0.761654328241, 0.99389065341, 0.398123912735, 0.848979437888, 0.549271544314, 0.127639160353, 0.997341589277, 0.911762717825, 0.999998600209, 0.999826448444, 0.252547291608, 0.830855440463, 0.956838702831, 0.687173657251, 0.566343914764, 0.934429327549, 0.81138574011, 0.854987546938, 0.105948670868, 0.357774451336, 0.00131701036353, 0.256152249579, 0.0281074248645, 0.145277616734, 3216.0
0.879317488377, 0.624345220754, 0.761654328241, 0.99389065341, 0.452322553591, 0.158685495941, 0.217305899961, 0.158031591775, 0.518623860584, 0.184270357329, 0.999998608776, 0.956487911299, 0.302454667578, 0.918100107204, 0.832596718367, 0.687173657251, 0.931312272996, 0.934429327549, 0.81138574011, 0.192188272863, 0.213039871649, 0.000559875225534, 0.123829261618, 0.256152249579, 0.0353036746424, 0.127518035239, 3216.0
0.879317488377, 0.594657040397, 0.913797825759, 0.995229210016, 0.398123912735, 0.342596881203, 0.549271544314, 0.158031591775, 0.997341589277, 0.911762717825, 0.999998600209, 0.805060647398, 0.171143100942, 0.830855440463, 0.956838702831, 0.687173657251, 0.566343914764, 0.934429327549, 0.81138574011, 0.570429378307, 0.257613206018, 0.357774451336, 0.00131701036353, 0.256152249579, 0.0353036746424, 0.145277616734, 3216.0
0.879317488377, 0.594657040397, 0.81613096216, 0.998235761756, 0.398123912735, 0.342596881203, 0.549271544314, 0.127639160353, 0.997341589277, 0.911762717825, 0.999998600209, 0.979724848288, 0.252547291608, 0.830855440463, 0.832596718367, 0.849881236664, 0.566343914764, 0.934429327549, 0.81138574011, 0.570429378307, 0.105948670868, 0.357774451336, 0.00131701036353, 0.256152249579, 0.0353036746424, 0.79959447289, 3216.0
0.916560350976, 0.624345220754, 0.8789853082, 0.99389065341, 0.452322553591, 0.158685495941, 0.217305899961, 0.158031591775, 0.518623860584, 0.0023798264058, 0.999998608776, 0.956487911299, 0.302454667578, 0.830855440463, 0.862996305499, 0.687173657251, 0.931312272996, 0.934429327549, 0.81138574011, 0.192188272863, 0.213039871649, 0.000559875225534, 0.123829261618, 0.0589738317645, 0.0353036746424, 0.127518035239, 3216.0
0.879317488377, 0.594657040397, 0.57308638854, 0.996303237381, 0.452322553591, 0.645078811054, 0.304574782024, 0.158031591775, 0.997341589277, 0.911762717825, 0.999998600209, 0.907913232169, 0.252547291608, 0.989464309007, 0.832596718367, 0.687173657251, 0.566343914764, 0.934429327549, 0.844515576428, 0.570429378307, 0.257613206018, 0.341789006323, 0.000363305054298, 0.256152249579, 0.0353036746424, 0.145277616734, 3216.0
0.879317488377, 0.594657040397, 0.761654328241, 0.99389065341, 0.398123912735, 0.342596881203, 0.389336881923, 0.158031591775, 0.997964131601, 0.911762717825, 0.999998600209, 0.620566300514, 0.171143100942, 0.830855440463, 0.956838702831, 0.687173657251, 0.566343914764, 0.934429327549, 0.81138574011, 0.570429378307, 0.257613206018, 0.357774451336, 0.00131701036353, 0.256152249579, 0.0353036746424, 0.145277616734, 3216.0
0.879317488377, 0.594657040397, 0.81613096216, 0.99389065341, 0.452322553591, 0.158685495941, 0.682612858327, 0.134347220239, 0.997341589277, 0.994999054174, 0.999998600209, 0.580240619099, 0.252547291608, 0.830855440463, 0.832596718367, 0.687173657251, 0.566343914764, 0.934429327549, 0.963958178233, 0.570429378307, 0.257613206018, 0.000559875225534, 0.115825876648, 0.256152249579, 0.0353036746424, 0.145277616734, 3216.0
0.929885775525, 0.594657040397, 0.81613096216, 0.99389065341, 0.452322553591, 0.448218358821, 0.304574782024, 0.158031591775, 0.997341589277, 0.911762717825, 0.999998600209, 0.907913232169, 0.252547291608, 0.993022012282, 0.832596718367, 0.687173657251, 0.566343914764, 0.963484252259, 0.972432464105, 0.570429378307, 0.257613206018, 0.403279355387, 0.000363305054298, 0.256152249579, 0.0351866827252, 0.145277616734, 3216.0
0.879317488377, 0.624345220754, 0.761654328241, 0.99389065341, 0.452322553591, 0.158685495941, 0.217305899961, 0.158031591775, 0.518623860584, 0.184270357329, 0.999998608776, 0.531202990556, 0.258744644369, 0.830855440463, 0.832596718367, 0.687173657251, 0.931312272996, 0.934429327549, 0.81138574011, 0.192188272863, 0.213039871649, 0.000559875225534, 0.123829261618, 0.256152249579, 0.0353036746424, 0.127518035239, 3216.0
0.879317488377, 0.970544343214, 0.787052388235, 0.995229210016, 0.398123912735, 0.342596881203, 0.549271544314, 0.158031591775, 0.997341589277, 0.911762717825, 0.999998600209, 0.805060647398, 0.125451342064, 0.830855440463, 0.956838702831, 0.687173657251, 0.566343914764, 0.934429327549, 0.81138574011, 0.570429378307, 0.257613206018, 0.357774451336, 0.00131701036353, 0.256152249579, 0.0353036746424, 0.145277616734, 3216.0
0.929885775525, 0.594657040397, 0.81613096216, 0.99389065341, 0.452322553591, 0.448218358821, 0.142884850968, 0.158031591775, 0.997669981711, 0.966938165735, 0.999998600209, 0.580240619099, 0.252547291608, 0.89411209138, 0.832596718367, 0.687173657251, 0.566343914764, 0.934429327549, 0.81138574011, 0.570429378307, 0.257613206018, 0.357774451336, 0.000363305054298, 0.256152249579, 0.0353036746424, 0.145277616734, 3216.0
0.879317488377, 0.594657040397, 0.761654328241, 0.99389065341, 0.398123912735, 0.342596881203, 0.549271544314, 0.127639160353, 0.997341589277, 0.911762717825, 0.999998600209, 0.979724848288, 0.252547291608, 0.830855440463, 0.832596718367, 0.687173657251, 0.566343914764, 0.934429327549, 0.81138574011, 0.570429378307, 0.105948670868, 0.341789006323, 0.00131701036353, 0.256152249579, 0.0353036746424, 0.79959447289, 3216.0
0.879317488377, 0.594657040397, 0.57308638854, 0.996303237381, 0.452322553591, 0.645078811054, 0.304574782024, 0.158031591775, 0.638236497446, 0.911762717825, 0.999998600209, 0.907913232169, 0.208623617122, 0.989464309007, 0.675246130016, 0.687173657251, 0.566343914764, 0.934429327549, 0.844515576428, 0.570429378307, 0.257613206018, 0.341789006323, 0.000363305054298, 0.256152249579, 0.0353036746424, 0.145277616734, 3216.0
0.879317488377, 0.594657040397, 0.885856597593, 0.99389065341, 0.452322553591, 0.158685495941, 0.682612858327, 0.134347220239, 0.997341589277, 0.911762717825, 0.999998600209, 0.580240619099, 0.252547291608, 0.830855440463, 0.832596718367, 0.687173657251, 0.566343914764, 0.934429327549, 0.963958178233, 0.570429378307, 0.257613206018, 0.000559875225534, 0.144069687766, 0.256152249579, 0.0353036746424, 0.145277616734, 3216.0
0.929885775525, 0.97411989998, 0.81613096216, 0.99389065341, 0.452322553591, 0.448218358821, 0.304574782024, 0.158031591775, 0.997341589277, 0.911762717825, 0.999998600209, 0.810797996417, 0.252547291608, 0.998652040573, 0.832596718367, 0.687173657251, 0.566343914764, 0.963484252259, 0.923981640333, 0.570429378307, 0.164329231392, 0.341789006323, 0.00014125278211, 0.256152249579, 0.0351866827252, 0.145277616734, 3216.0
0.68755188849, 0.594657040397, 0.761654328241, 0.99389065341, 0.398123912735, 0.848979437888, 0.549271544314, 0.127639160353, 0.997341589277, 0.911762717825, 0.999998600209, 0.999826448444, 0.252547291608, 0.830855440463, 0.956838702831, 0.687173657251, 0.566343914764, 0.934429327549, 0.81138574011, 0.854987546938, 0.105948670868, 0.357774451336, 0.00131701036353, 0.256152249579, 0.0281074248645, 0.145277616734, 3216.0
0.879317488377, 0.624345220754, 0.761654328241, 0.99389065341, 0.452322553591, 0.158685495941, 0.217305899961, 0.158031591775, 0.518623860584, 0.184270357329, 0.999998608776, 0.956487911299, 0.302454667578, 0.918100107204, 0.832596718367, 0.687173657251, 0.931312272996, 0.934429327549, 0.81138574011, 0.192188272863, 0.213039871649, 0.000559875225534, 0.123829261618, 0.256152249579, 0.0353036746424, 0.127518035239, 3216.0
0.879317488377, 0.594657040397, 0.913797825759, 0.995229210016, 0.398123912735, 0.342596881203, 0.549271544314, 0.158031591775, 0.997341589277, 0.911762717825, 0.999998600209, 0.805060647398, 0.171143100942, 0.830855440463, 0.956838702831, 0.687173657251, 0.566343914764, 0.934429327549, 0.81138574011, 0.570429378307, 0.257613206018, 0.357774451336, 0.00131701036353, 0.256152249579, 0.0353036746424, 0.145277616734, 3216.0
0.879317488377, 0.594657040397, 0.81613096216, 0.998235761756, 0.398123912735, 0.342596881203, 0.549271544314, 0.127639160353, 0.997341589277, 0.911762717825, 0.999998600209, 0.979724848288, 0.252547291608, 0.830855440463, 0.832596718367, 0.849881236664, 0.566343914764, 0.934429327549, 0.81138574011, 0.570429378307, 0.105948670868, 0.357774451336, 0.00131701036353, 0.256152249579, 0.0353036746424, 0.79959447289, 3216.0
0.916560350976, 0.624345220754, 0.8789853082, 0.99389065341, 0.452322553591, 0.158685495941, 0.217305899961, 0.158031591775, 0.518623860584, 0.0023798264058, 0.999998608776, 0.956487911299, 0.302454667578, 0.830855440463, 0.862996305499, 0.687173657251, 0.931312272996, 0.934429327549, 0.81138574011, 0.192188272863, 0.213039871649, 0.000559875225534, 0.123829261618, 0.0589738317645, 0.0353036746424, 0.127518035239, 3216.0
0.879317488377, 0.594657040397, 0.57308638854, 0.996303237381, 0.452322553591, 0.645078811054, 0.304574782024, 0.158031591775, 0.997341589277, 0.911762717825, 0.999998600209, 0.907913232169, 0.252547291608, 0.989464309007, 0.832596718367, 0.687173657251, 0.566343914764, 0.934429327549, 0.844515576428, 0.570429378307, 0.257613206018, 0.341789006323, 0.000363305054298, 0.256152249579, 0.0353036746424, 0.145277616734, 3216.0
0.849364694142, 0.97970975188, 0.946444310356, 0.58995393311, 0.141618610657, 0.489976305573, 0.248797248787, 0.399415711263, 0.765853951215, 0.862778981402, 0.77209416263, 0.644058446331, 0.375071201113, 0.596778987188, 0.994687714461, 0.8750454544, 0.536983352299, 0.910089066914, 0.995886051923, 0.179250657439, 0.957887369982, 0.653644781871, 0.509494295979, 0.21416601897, 0.589592831259, 0.222525572977, 5045.0
0.849364694142, 0.626561355776, 0.707615668429, 0.604973005547, 0.141618610657, 0.480638076514, 0.238490610761, 0.00411258572904, 0.597744542155, 0.738770520577, 0.578933282553, 0.684936960963, 0.375071201113, 0.596778987188, 0.592712223324, 0.855737326058, 0.988440901872, 0.61985137601, 0.74180024327, 0.920723491121, 0.906223052842, 0.93283583062, 0.509494295979, 0.164906645679, 0.569206282362, 0.392404370198, 5045.0
0.875622608785, 0.97970975188, 0.946444310356, 0.772168477978, 0.230983192508, 0.382021040731, 0.215207658963, 0.159988038973, 0.95062468932, 0.796991977323, 0.77209416263, 0.657744841761, 0.433309113109, 0.600500237709, 0.878824214503, 0.625419770135, 0.536983352299, 0.61985137601, 0.995886051923, 0.857666348793, 0.906223052842, 0.653644781871, 0.509494295979, 0.21416601897, 0.533210842422, 0.392404370198, 5045.0
0.849364694142, 0.906814191103, 0.689967333886, 0.772168477978, 0.246485466855, 0.648697545122, 0.238490610761, 0.346524601253, 0.597744542155, 0.862778981402, 0.578933282553, 0.900266721948, 0.375071201113, 0.596778987188, 0.592712223324, 0.855737326058, 0.988440901872, 0.61985137601, 0.74180024327, 0.920723491121, 0.906223052842, 0.952775273586, 0.509494295979, 0.0679349042638, 0.569206282362, 0.757841029823, 5045.0
0.918160158028, 0.97970975188, 0.946444310356, 0.58995393311, 0.141618610657, 0.489976305573, 0.248797248787, 0.399415711263, 0.765853951215, 0.747344548668, 0.77209416263, 0.644058446331, 0.375071201113, 0.596778987188, 0.994687714461, 0.8750454544, 0.536983352299, 0.910089066914, 0.995886051923, 0.179250657439, 0.957887369982, 0.653644781871, 0.509494295979, 0.21416601897, 0.589592831259, 0.0114070027172, 5045.0
0.849364694142, 0.626561355776, 0.707615668429, 0.772168477978, 0.141618610657, 0.480638076514, 0.238490610761, 0.346524601253, 0.944875447832, 0.738770520577, 0.578933282553, 0.684936960963, 0.375071201113, 0.596778987188, 0.592712223324, 0.855737326058, 0.988440901872, 0.61985137601, 0.74180024327, 0.920723491121, 0.967535675333, 0.93283583062, 0.509494295979, 0.164906645679, 0.569206282362, 0.392404370198, 5045.0
0.887376329742, 0.906814191103, 0.689967333886, 0.58995393311, 0.141618610657, 0.480638076514, 0.238490610761, 0.346524601253, 0.597744542155, 0.862778981402, 0.578933282553, 0.900266721948, 0.375071201113, 0.596778987188, 0.592712223324, 0.855737326058, 0.988440901872, 0.61985137601, 0.74180024327, 0.920723491121, 0.906223052842, 0.952775273586, 0.509494295979, 0.164906645679, 0.569206282362, 0.392404370198, 5045.0
0.849364694142, 0.97970975188, 0.946444310356, 0.58995393311, 0.141618610657, 0.489976305573, 0.248797248787, 0.399415711263, 0.765853951215, 0.862778981402, 0.77209416263, 0.644058446331, 0.375071201113, 0.596778987188, 0.994687714461, 0.8750454544, 0.536983352299, 0.910089066914, 0.995886051923, 0.179250657439, 0.957887369982, 0.653644781871, 0.509494295979, 0.21416601897, 0.589592831259, 0.222525572977, 5045.0
0.849364694142, 0.626561355776, 0.707615668429, 0.604973005547, 0.141618610657, 0.480638076514, 0.238490610761, 0.00411258572904, 0.597744542155, 0.738770520577, 0.578933282553, 0.684936960963, 0.375071201113, 0.596778987188, 0.592712223324, 0.855737326058, 0.988440901872, 0.61985137601, 0.74180024327, 0.920723491121, 0.906223052842, 0.93283583062, 0.509494295979, 0.164906645679, 0.569206282362, 0.392404370198, 5045.0
0.875622608785, 0.97970975188, 0.946444310356, 0.772168477978, 0.230983192508, 0.382021040731, 0.215207658963, 0.159988038973, 0.95062468932, 0.796991977323, 0.77209416263, 0.657744841761, 0.433309113109, 0.600500237709, 0.878824214503, 0.625419770135, 0.536983352299, 0.61985137601, 0.995886051923, 0.857666348793, 0.906223052842, 0.653644781871, 0.509494295979, 0.21416601897, 0.533210842422, 0.392404370198, 5045.0
0.849364694142, 0.906814191103, 0.689967333886, 0.772168477978, 0.246485466855, 0.648697545122, 0.238490610761, 0.346524601253, 0.597744542155, 0.862778981402, 0.578933282553, 0.900266721948, 0.375071201113, 0.596778987188, 0.592712223324, 0.855737326058, 0.988440901872, 0.61985137601, 0.74180024327, 0.920723491121, 0.906223052842, 0.952775273586, 0.509494295979, 0.0679349042638, 0.569206282362, 0.757841029823, 5045.0
0.918160158028, 0.97970975188, 0.946444310356, 0.58995393311, 0.141618610657, 0.489976305573, 0.248797248787, 0.399415711263, 0.765853951215, 0.747344548668, 0.77209416263, 0.644058446331, 0.375071201113, 0.596778987188, 0.994687714461, 0.8750454544, 0.536983352299, 0.910089066914, 0.995886051923, 0.179250657439, 0.957887369982, 0.653644781871, 0.509494295979, 0.21416601897, 0.589592831259, 0.0114070027172, 5045.0
0.849364694142, 0.626561355776, 0.707615668429, 0.772168477978, 0.141618610657, 0.480638076514, 0.238490610761, 0.346524601253, 0.944875447832, 0.738770520577, 0.578933282553, 0.684936960963, 0.375071201113, 0.596778987188, 0.592712223324, 0.855737326058, 0.988440901872, 0.61985137601, 0.74180024327, 0.920723491121, 0.967535675333, 0.93283583062, 0.509494295979, 0.164906645679, 0.569206282362, 0.392404370198, 5045.0
0.887376329742, 0.906814191103, 0.689967333886, 0.58995393311, 0.141618610657, 0.480638076514, 0.238490610761, 0.346524601253, 0.597744542155, 0.862778981402, 0.578933282553, 0.900266721948, 0.375071201113, 0.596778987188, 0.592712223324, 0.855737326058, 0.988440901872, 0.61985137601, 0.74180024327, 0.920723491121, 0.906223052842, 0.952775273586, 0.509494295979, 0.164906645679, 0.569206282362, 0.392404370198, 5045.0
0.92538914528, 0.804811940501, 0.964935372311, 0.513736565679, 0.116237740838, 0.449515715792, 0.710853776428, 0.967279137521, 0.299271983223, 0.976972701074, 0.938631726233, 0.855692042379, 0.045612240151, 0.912279160798, 0.657214280633, 0.509948302855, 0.925701565463, 0.500110868054, 0.716249892905, 0.358965629988, 0.868574798826, 0.578972020533, 0.659756929175, 0.172224791252, 0.891705862539, 0.394738503979, 5090.0
0.92538914528, 0.804811940501, 0.964935372311, 0.513736565679, 0.116237740838, 0.272038453179, 0.710853776428, 0.967279137521, 0.261154168384, 0.976972701074, 0.513072997153, 0.855692042379, 0.045612240151, 0.912279160798, 0.657214280633, 0.283779929831, 0.561978811961, 0.500110868054, 0.716249892905, 0.358965629988, 0.868574798826, 0.922236775402, 0.659756929175, 0.172224791252, 0.891705862539, 0.648777139005, 5090.0
0.876315245667, 0.97376865517, 0.934461187145, 0.974298891128, 0.00694969957619, 0.162600735903, 0.308542270464, 0.370633005019, 0.451100993882, 0.150541629703, 0.598291362276, 0.884074685449, 0.187452119893, 0.949220866371, 0.568989599015, 0.118818630394, 0.806893038355, 0.500110868054, 0.780655688519, 0.480796143743, 0.614770263935, 0.685427018247, 0.995975994308, 0.00954583196323, 0.980192038618, 0.235963327796, 5090.0
0.92538914528, 0.804811940501, 0.964935372311, 0.513736565679, 0.116237740838, 0.449515715792, 0.710853776428, 0.967279137521, 0.261154168384, 0.976972701074, 0.598291362276, 0.855692042379, 0.045612240151, 0.912279160798, 0.657214280633, 0.509948302855, 0.561978811961, 0.500110868054, 0.716249892905, 0.358965629988, 0.868574798826, 0.578972020533, 0.659756929175, 0.172224791252, 0.891705862539, 0.394738503979, 5090.0
0.92538914528, 0.804811940501, 0.964935372311, 0.513736565679, 0.116237740838, 0.272038453179, 0.710853776428, 0.967279137521, 0.261154168384, 0.976972701074, 0.94851160357, 0.855692042379, 0.187452119893, 0.912279160798, 0.657214280633, 0.0938477083499, 0.561978811961, 0.500110868054, 0.716249892905, 0.358965629988, 0.868574798826, 0.685427018247, 0.659756929175, 0.172224791252, 0.891705862539, 0.648777139005, 5090.0
0.92538914528, 0.804811940501, 0.964935372311, 0.513736565679, 0.116237740838, 0.449515715792, 0.710853776428, 0.967279137521, 0.299271983223, 0.976972701074, 0.938631726233, 0.855692042379, 0.045612240151, 0.912279160798, 0.657214280633, 0.509948302855, 0.925701565463, 0.500110868054, 0.716249892905, 0.358965629988, 0.868574798826, 0.578972020533, 0.659756929175, 0.172224791252, 0.891705862539, 0.394738503979, 5090.0
0.92538914528, 0.804811940501, 0.964935372311, 0.513736565679, 0.116237740838, 0.272038453179, 0.710853776428, 0.967279137521, 0.261154168384, 0.976972701074, 0.513072997153, 0.855692042379, 0.045612240151, 0.912279160798, 0.657214280633, 0.283779929831, 0.561978811961, 0.500110868054, 0.716249892905, 0.358965629988, 0.868574798826, 0.922236775402, 0.659756929175, 0.172224791252, 0.891705862539, 0.648777139005, 5090.0
0.876315245667, 0.97376865517, 0.934461187145, 0.974298891128, 0.00694969957619, 0.162600735903, 0.308542270464, 0.370633005019, 0.451100993882, 0.150541629703, 0.598291362276, 0.884074685449, 0.187452119893, 0.949220866371, 0.568989599015, 0.118818630394, 0.806893038355, 0.500110868054, 0.780655688519, 0.480796143743, 0.614770263935, 0.685427018247, 0.995975994308, 0.00954583196323, 0.980192038618, 0.235963327796, 5090.0
0.92538914528, 0.804811940501, 0.964935372311, 0.513736565679, 0.116237740838, 0.449515715792, 0.710853776428, 0.967279137521, 0.261154168384, 0.976972701074, 0.598291362276, 0.855692042379, 0.045612240151, 0.912279160798, 0.657214280633, 0.509948302855, 0.561978811961, 0.500110868054, 0.716249892905, 0.358965629988, 0.868574798826, 0.578972020533, 0.659756929175, 0.172224791252, 0.891705862539, 0.394738503979, 5090.0
0.92538914528, 0.804811940501, 0.964935372311, 0.513736565679, 0.116237740838, 0.272038453179, 0.710853776428, 0.967279137521, 0.261154168384, 0.976972701074, 0.94851160357, 0.855692042379, 0.187452119893, 0.912279160798, 0.657214280633, 0.0938477083499, 0.561978811961, 0.500110868054, 0.716249892905, 0.358965629988, 0.868574798826, 0.685427018247, 0.659756929175, 0.172224791252, 0.891705862539, 0.648777139005, 5090.0
0.951467401689, 0.766931805211, 0.888408278634, 0.94924814004, 0.170870074318, 0.143311210923, 0.0539097621883, 0.892560496151, 0.951149475617, 0.139769733255, 0.647996578302, 0.332706718835, 0.863198313905, 0.993687477163, 0.54133355659, 0.0388211229133, 0.710026551178, 0.959864967458, 0.729614719132, 0.0896077513163, 0.670238750687, 0.628724456358, 0.601871446997, 0.897164464116, 0.0108066155546, 0.0056047813093, 5207.0
0.661352305701, 0.766931805211, 0.768320128129, 0.847937319529, 0.220404709823, 0.264440400683, 0.00974227602462, 0.946299423519, 0.955468747673, 0.398756332977, 0.959304618841, 0.0196760186474, 0.559280834699, 0.995929424268, 0.619685209534, 0.991774796713, 0.516346659438, 0.9543925634, 0.77932323763, 0.029534051213, 0.670238750687, 0.628724456358, 0.991313156527, 0.954415776195, 0.0499604058258, 0.0746324658372, 5207.0
0.661352305701, 0.667424507817, 0.672601504629, 0.719910289988, 0.170870074318, 0.264440400683, 0.0539097621883, 0.892560496151, 0.951149475617, 0.42421445824, 0.647996578302, 0.310698936022, 0.840646246104, 0.995929424268, 0.619685209534, 0.0827961657788, 0.882776062684, 0.950550045704, 0.555666350771, 0.491775389647, 0.702554441368, 0.628724456358, 0.601871446997, 0.938879910856, 0.200207863658, 0.000745709650844, 5207.0
0.661352305701, 0.66337860167, 0.768320128129, 0.719910289988, 0.170870074318, 0.264440400683, 0.0539097621883, 0.892560496151, 0.951149475617, 0.42421445824, 0.647996578302, 0.336673787271, 0.840646246104, 0.995929424268, 0.878704151251, 0.491949655272, 0.722485216144, 0.950550045704, 0.827607632758, 0.00339018258667, 0.702554441368, 0.673080903547, 0.759032800107, 0.756222309401, 0.401112557793, 0.000745709650844, 5207.0
0.781577613719, 0.968170309191, 0.831306836229, 0.719910289988, 0.00102769194642, 0.394537580941, 0.345376796021, 0.468958314299, 0.981586014761, 0.135941794821, 0.908719620808, 0.227567943893, 0.915538660777, 0.995929424268, 0.999434812376, 0.435535758211, 0.882776062684, 0.663540834088, 0.890060398961, 0.0115540834737, 0.670238750687, 0.589501951297, 0.955432220364, 0.917750336975, 0.200207863658, 0.998708784205, 5207.0
0.97746047125, 0.766931805211, 0.888408278634, 0.719910289988, 0.170870074318, 0.264440400683, 0.0539097621883, 0.364308551268, 0.951149475617, 0.42421445824, 0.647996578302, 0.332706718835, 0.956500755649, 0.995929424268, 0.883666487743, 0.0388211229133, 0.710026551178, 0.950550045704, 0.663355852961, 0.00339018258667, 0.670238750687, 0.629506993059, 0.601871446997, 0.897164464116, 0.000540912148284, 0.00112218911706, 5207.0
0.951467401689, 0.766931805211, 0.888408278634, 0.585750046195, 0.134263637182, 0.264440400683, 0.0539097621883, 0.93048681772, 0.951149475617, 0.42421445824, 0.647996578302, 0.332706718835, 0.658425537282, 0.984933560169, 0.804988131734, 0.157957122633, 0.710026551178, 0.950550045704, 0.903334781022, 0.443352873293, 0.816367688169, 0.628724456358, 0.601871446997, 0.897164464116, 0.0108066155546, 0.0500222689853, 5207.0
0.951467401689, 0.766931805211, 0.729386784153, 0.585750046195, 0.134263637182, 0.807544203436, 0.0133850617237, 0.975241647424, 0.951149475617, 0.42421445824, 0.647996578302, 0.332706718835, 0.895264646206, 0.781330821075, 0.804988131734, 0.157957122633, 0.982564327523, 0.950550045704, 0.903334781022, 0.00339018258667, 0.654878675952, 0.628724456358, 0.866032342803, 0.897164464116, 0.0108066155546, 0.0056047813093, 5207.0
