0.588098080496, 0.666275744303, 0.963869356828, 0.719559824765, 0.0447080290018, 0.736859073945, 0.00297848227355, 0.598866132735, 0.00271714858743, 0.784742598412, 0.521266277906, 0.58079378519, 0.195628345319, 0.614258882403, 0.511753178903, 0.787956564938, 0.779959733912, 0.828876834435, 0.701992087822, 0.00678328899, 0.699273792807, 0.780803933214, 0.939492377095, 0.998539505877, 0.376658630623, 0.80981388259, 2986.0
0.953791819221, 0.845766371813, 0.992487397725, 0.719559824765, 0.385401016772, 0.736859073945, 0.527974313485, 0.670043519433, 0.165339099136, 0.971681720857, 0.590750080756, 0.531777949681, 0.0273740345237, 0.629276487066, 0.511753178903, 0.83703668, 0.976047456935, 0.801156026703, 0.528362553258, 0.954830443254, 0.634052724966, 0.996794472279, 0.939492377095, 0.633726814318, 0.110379699967, 0.234055944074, 2986.0
0.879317488377, 0.594657040397, 0.81613096216, 0.799676059904, 0.452322553591, 0.158685495941, 0.358717292528, 0.686697912114, 0.834533245243, 0.0566232804031, 0.999998600209, 0.580240619099, 0.307872258831, 0.830855440463, 0.913513876556, 0.373146024006, 0.559962275419, 0.934429327549, 0.81138574011, 0.0233167225727, 0.257613206018, 0.000559875225534, 0.00131701036353, 0.213504984047, 0.0204611768814, 0.115462059868, 2986.0
0.953791819221, 0.955920661444, 0.992487397725, 0.719559824765, 0.385401016772, 0.933619383748, 0.527974313485, 0.670043519433, 0.165339099136, 0.988726950207, 0.78809225974, 0.531777949681, 0.261219871775, 0.629276487066, 0.511753178903, 0.502421771618, 0.69104154205, 0.879473563887, 0.528362553258, 0.954830443254, 0.634052724966, 0.997943728962, 0.939492377095, 0.633726814318, 0.110379699967, 0.234055944074, 2986.0
0.588098080496, 0.955920661444, 0.963869356828, 0.719559824765, 0.0447080290018, 0.736859073945, 0.00297848227355, 0.598866132735, 0.00271714858743, 0.784742598412, 0.521266277906, 0.58079378519, 0.195628345319, 0.86240970311, 0.511753178903, 0.787956564938, 0.781440078291, 0.828876834435, 0.528362553258, 0.2352915419, 0.699273792807, 0.995359775827, 0.881176015988, 0.998539505877, 0.378337316333, 0.80981388259, 2986.0
0.588098080496, 0.666275744303, 0.963869356828, 0.719559824765, 0.0447080290018, 0.736859073945, 0.00297848227355, 0.598866132735, 0.00271714858743, 0.784742598412, 0.521266277906, 0.58079378519, 0.195628345319, 0.614258882403, 0.511753178903, 0.787956564938, 0.779959733912, 0.828876834435, 0.701992087822, 0.00678328899, 0.699273792807, 0.780803933214, 0.939492377095, 0.998539505877, 0.376658630623, 0.80981388259, 2986.0
0.953791819221, 0.845766371813, 0.992487397725, 0.719559824765, 0.385401016772, 0.736859073945, 0.527974313485, 0.670043519433, 0.165339099136, 0.971681720857, 0.590750080756, 0.531777949681, 0.0273740345237, 0.629276487066, 0.511753178903, 0.83703668, 0.976047456935, 0.801156026703, 0.528362553258, 0.954830443254, 0.634052724966, 0.996794472279, 0.939492377095, 0.633726814318, 0.110379699967, 0.234055944074, 2986.0
0.879317488377, 0.594657040397, 0.81613096216, 0.799676059904, 0.452322553591, 0.158685495941, 0.358717292528, 0.686697912114, 0.834533245243, 0.0566232804031, 0.999998600209, 0.580240619099, 0.307872258831, 0.830855440463, 0.913513876556, 0.373146024006, 0.559962275419, 0.934429327549, 0.81138574011, 0.0233167225727, 0.257613206018, 0.000559875225534, 0.00131701036353, 0.213504984047, 0.0204611768814, 0.115462059868, 2986.0
0.953791819221, 0.955920661444, 0.992487397725, 0.719559824765, 0.385401016772, 0.933619383748, 0.527974313485, 0.670043519433, 0.165339099136, 0.988726950207, 0.78809225974, 0.531777949681, 0.261219871775, 0.629276487066, 0.511753178903, 0.502421771618, 0.69104154205, 0.879473563887, 0.528362553258, 0.954830443254, 0.634052724966, 0.997943728962, 0.939492377095, 0.633726814318, 0.110379699967, 0.234055944074, 2986.0
0.588098080496, 0.955920661444, 0.963869356828, 0.719559824765, 0.0447080290018, 0.736859073945, 0.00297848227355, 0.598866132735, 0.00271714858743, 0.784742598412, 0.521266277906, 0.58079378519, 0.195628345319, 0.86240970311, 0.511753178903, 0.787956564938, 0.781440078291, 0.828876834435, 0.528362553258, 0.2352915419, 0.699273792807, 0.995359775827, 0.881176015988, 0.998539505877, 0.378337316333, 0.80981388259, 2986.0
0.771153846105, 0.673445300166, 0.857849904126, 0.509782902438, 0.258277009901, 0.672519560697, 0.512221428846, 0.339773037527, 0.976300679684, 0.178412891786, 0.679158030521, 0.996114120847, 0.204746264113, 0.999773907206, 0.756664462424, 0.838737535719, 0.720200717583, 0.866043222753, 0.598451089649, 0.000259245930817, 0.706662704094, 0.746884220019, 0.79044915614, 0.990213626365, 0.278546466813, 0.21538864625, 3185.0
0.59681644463, 0.673445300166, 0.634567074349, 0.568663860779, 0.246693351201, 0.11397819676, 0.139734933365, 0.37489422291, 0.976300679684, 0.815047362408, 0.832038147505, 0.996114120847, 0.438600839678, 0.514096598155, 0.756664462424, 0.901955404662, 0.969693110431, 0.681348337848, 0.630055102333, 0.116380474576, 0.624802566827, 0.756649135335, 0.79044915614, 0.74610375944, 0.427557389125, 0.21538864625, 3185.0
0.771153846105, 0.673445300166, 0.933347780044, 0.568663860779, 0.201446028703, 0.162839923756, 0.26771657196, 0.183122121736, 0.991374051666, 0.0844017847681, 0.995134245178, 0.60449456888, 0.18008300669, 0.514096598155, 0.756664462424, 0.838737535719, 0.720200717583, 0.866043222753, 0.630055102333, 0.00975813184951, 0.706662704094, 0.899642043089, 0.79044915614, 0.990213626365, 0.0296022124242, 0.21538864625, 3185.0
0.774274696231, 0.927467162124, 0.634567074349, 0.903865788404, 0.0566197156807, 0.0874748637493, 0.353402565312, 0.0206201511089, 0.528140827284, 0.178412891786, 0.874337800363, 0.996114120847, 0.125805244894, 0.715387505722, 0.988896851086, 0.838737535719, 0.630564005784, 0.680602674897, 0.521855050546, 0.398744515302, 0.534179153041, 0.983832680711, 0.821746304644, 0.58055687648, 0.356603206954, 0.0861416636088, 3185.0
0.774274696231, 0.927467162124, 0.634567074349, 0.658273766654, 0.201446028703, 0.108116753056, 0.412819621294, 0.0745878013228, 0.754630653292, 0.815047362408, 0.921755895741, 0.996114120847, 0.328134931663, 0.715387505722, 0.756664462424, 0.901955404662, 0.969693110431, 0.680602674897, 0.521855050546, 0.0633710715696, 0.723797781587, 0.983832680711, 0.821746304644, 0.58055687648, 0.356603206954, 0.21538864625, 3185.0
0.713454031689, 0.543588510651, 0.933347780044, 0.568663860779, 0.0155101315477, 0.162839923756, 0.512221428846, 0.0650617095116, 0.984308975204, 0.843481356631, 0.832038147505, 0.985939267549, 0.0752780287402, 0.514096598155, 0.756664462424, 0.838737535719, 0.720200717583, 0.725567843066, 0.876959940396, 0.419701032742, 0.624802566827, 0.846933285876, 0.79044915614, 0.500224599813, 0.356603206954, 0.21538864625, 3185.0
0.771153846105, 0.673445300166, 0.964842306721, 0.691105685028, 0.22825206698, 0.9240843057, 0.26771657196, 0.183122121736, 0.991374051666, 0.0844017847681, 0.982863210879, 0.842022400985, 0.18008300669, 0.514096598155, 0.756664462424, 0.843713409527, 0.720200717583, 0.866043222753, 0.630055102333, 0.00975813184951, 0.706662704094, 0.942429191761, 0.79044915614, 0.990213626365, 0.217145580474, 0.21538864625, 3185.0
0.771153846105, 0.673445300166, 0.857849904126, 0.509782902438, 0.258277009901, 0.672519560697, 0.512221428846, 0.339773037527, 0.976300679684, 0.178412891786, 0.679158030521, 0.996114120847, 0.204746264113, 0.514096598155, 0.756664462424, 0.838737535719, 0.720200717583, 0.866043222753, 0.598451089649, 5.84406196039e-05, 0.706662704094, 0.746884220019, 0.79044915614, 0.990213626365, 0.278546466813, 0.459879055618, 3185.0
0.774274696231, 0.927467162124, 0.634567074349, 0.658273766654, 0.154653968179, 0.0397398988469, 0.139734933365, 0.0745878013228, 0.754630653292, 0.194317999105, 0.874337800363, 0.996114120847, 0.125805244894, 0.715387505722, 0.988896851086, 0.901955404662, 0.630564005784, 0.680602674897, 0.521855050546, 0.0633710715696, 0.624802566827, 0.983832680711, 0.821746304644, 0.635503266257, 0.356603206954, 0.955027853636, 3185.0
0.835447685347, 0.905381808214, 0.857849904126, 0.568663860779, 0.201446028703, 0.177645249945, 0.121654597563, 0.267841878996, 0.991374051666, 0.0108330258069, 0.903767296959, 0.567624523352, 0.262822439221, 0.514096598155, 0.756664462424, 0.838737535719, 0.720200717583, 0.866043222753, 0.630055102333, 0.00975813184951, 0.723797781587, 0.899642043089, 0.961503226243, 0.500224599813, 0.356603206954, 0.21538864625, 3185.0
0.917234841464, 0.673445300166, 0.634567074349, 0.568663860779, 0.413869547521, 0.11397819676, 0.512221428846, 0.267841878996, 0.976300679684, 0.815047362408, 0.832038147505, 0.996114120847, 0.438600839678, 0.514096598155, 0.756664462424, 0.901955404662, 0.969693110431, 0.850319346554, 0.630055102333, 0.116380474576, 0.624802566827, 0.756649135335, 0.79044915614, 0.74610375944, 0.427557389125, 0.21538864625, 3185.0
0.774274696231, 0.927467162124, 0.634567074349, 0.903865788404, 0.154653968179, 0.0874748637493, 0.353402565312, 0.0206201511089, 0.528140827284, 0.178412891786, 0.874337800363, 0.996114120847, 0.125805244894, 0.715387505722, 0.988896851086, 0.838737535719, 0.630564005784, 0.680602674897, 0.521855050546, 0.0633710715696, 0.706662704094, 0.983832680711, 0.821746304644, 0.58055687648, 0.356603206954, 0.0861416636088, 3185.0
0.571371682993, 0.927467162124, 0.992487397725, 0.658273766654, 0.385401016772, 0.975975740495, 0.226393341786, 0.403938502754, 0.165339099136, 0.24007268892, 0.78809225974, 0.712732380313, 0.204746264113, 0.549476655076, 0.511753178903, 0.901955404662, 0.568911822833, 0.801156026703, 0.790738435001, 0.2352915419, 0.534179153041, 0.995359775827, 0.645737737819, 0.633726814318, 0.150739401312, 0.955027853636, 3185.0
0.774274696231, 0.967157048052, 0.634567074349, 0.661446233786, 0.201446028703, 0.245765854666, 0.331805215377, 0.0745878013228, 0.754630653292, 0.178412891786, 0.874337800363, 0.996114120847, 0.125805244894, 0.715387505722, 0.756664462424, 0.787956564938, 0.914707663905, 0.680602674897, 0.521855050546, 0.329492718243, 0.723797781587, 0.983832680711, 0.821746304644, 0.58055687648, 0.356603206954, 0.234055944074, 3185.0
0.651651174308, 0.978898923066, 0.634567074349, 0.568663860779, 0.246693351201, 0.0870090828103, 0.512221428846, 0.43467213026, 0.976300679684, 0.815047362408, 0.832038147505, 0.996114120847, 0.0752780287402, 0.514096598155, 0.756664462424, 0.901955404662, 0.969693110431, 0.579238062781, 0.630055102333, 0.0955942098435, 0.919745610379, 0.756649135335, 0.79044915614, 0.74610375944, 0.427557389125, 0.21538864625, 3185.0
0.771153846105, 0.780531931739, 0.948229220579, 0.568663860779, 0.22825206698, 0.162839923756, 0.26771657196, 0.183122121736, 0.991374051666, 0.0844017847681, 0.903767296959, 0.60449456888, 0.18008300669, 0.514096598155, 0.756664462424, 0.838737535719, 0.720200717583, 0.866043222753, 0.630055102333, 0.00975813184951, 0.706662704094, 0.988146347768, 0.79044915614, 0.990213626365, 0.217145580474, 0.21538864625, 3185.0
0.63611947426, 0.686448449062, 0.623620821619, 0.568663860779, 0.0155101315477, 0.0705225500092, 0.512221428846, 0.0112002625028, 0.980712227781, 0.178412891786, 0.832038147505, 0.985939267549, 0.0752780287402, 0.514096598155, 0.756664462424, 0.838737535719, 0.720200717583, 0.725567843066, 0.630055102333, 0.419701032742, 0.706662704094, 0.846933285876, 0.635877209136, 0.990213626365, 0.00540310450576, 0.21538864625, 3185.0
0.771153846105, 0.673445300166, 0.857849904126, 0.509782902438, 0.258277009901, 0.672519560697, 0.512221428846, 0.339773037527, 0.976300679684, 0.178412891786, 0.679158030521, 0.996114120847, 0.204746264113, 0.999773907206, 0.756664462424, 0.838737535719, 0.720200717583, 0.866043222753, 0.598451089649, 0.000259245930817, 0.706662704094, 0.746884220019, 0.79044915614, 0.990213626365, 0.278546466813, 0.21538864625, 3185.0
0.59681644463, 0.673445300166, 0.634567074349, 0.568663860779, 0.246693351201, 0.11397819676, 0.139734933365, 0.37489422291, 0.976300679684, 0.815047362408, 0.832038147505, 0.996114120847, 0.438600839678, 0.514096598155, 0.756664462424, 0.901955404662, 0.969693110431, 0.681348337848, 0.630055102333, 0.116380474576, 0.624802566827, 0.756649135335, 0.79044915614, 0.74610375944, 0.427557389125, 0.21538864625, 3185.0
0.771153846105, 0.673445300166, 0.933347780044, 0.568663860779, 0.201446028703, 0.162839923756, 0.26771657196, 0.183122121736, 0.991374051666, 0.0844017847681, 0.995134245178, 0.60449456888, 0.18008300669, 0.514096598155, 0.756664462424, 0.838737535719, 0.720200717583, 0.866043222753, 0.630055102333, 0.00975813184951, 0.706662704094, 0.899642043089, 0.79044915614, 0.990213626365, 0.0296022124242, 0.21538864625, 3185.0
0.774274696231, 0.927467162124, 0.634567074349, 0.903865788404, 0.0566197156807, 0.0874748637493, 0.353402565312, 0.0206201511089, 0.528140827284, 0.178412891786, 0.874337800363, 0.996114120847, 0.125805244894, 0.715387505722, 0.988896851086, 0.838737535719, 0.630564005784, 0.680602674897, 0.521855050546, 0.398744515302, 0.534179153041, 0.983832680711, 0.821746304644, 0.58055687648, 0.356603206954, 0.0861416636088, 3185.0
0.774274696231, 0.927467162124, 0.634567074349, 0.658273766654, 0.201446028703, 0.108116753056, 0.412819621294, 0.0745878013228, 0.754630653292, 0.815047362408, 0.921755895741, 0.996114120847, 0.328134931663, 0.715387505722, 0.756664462424, 0.901955404662, 0.969693110431, 0.680602674897, 0.521855050546, 0.0633710715696, 0.723797781587, 0.983832680711, 0.821746304644, 0.58055687648, 0.356603206954, 0.21538864625, 3185.0
0.713454031689, 0.543588510651, 0.933347780044, 0.568663860779, 0.0155101315477, 0.162839923756, 0.512221428846, 0.0650617095116, 0.984308975204, 0.843481356631, 0.832038147505, 0.985939267549, 0.0752780287402, 0.514096598155, 0.756664462424, 0.838737535719, 0.720200717583, 0.725567843066, 0.876959940396, 0.419701032742, 0.624802566827, 0.846933285876, 0.79044915614, 0.500224599813, 0.356603206954, 0.21538864625, 3185.0
0.771153846105, 0.673445300166, 0.964842306721, 0.691105685028, 0.22825206698, 0.9240843057, 0.26771657196, 0.183122121736, 0.991374051666, 0.0844017847681, 0.982863210879, 0.842022400985, 0.18008300669, 0.514096598155, 0.756664462424, 0.843713409527, 0.720200717583, 0.866043222753, 0.630055102333, 0.00975813184951, 0.706662704094, 0.942429191761, 0.79044915614, 0.990213626365, 0.217145580474, 0.21538864625, 3185.0
0.771153846105, 0.673445300166, 0.857849904126, 0.509782902438, 0.258277009901, 0.672519560697, 0.512221428846, 0.339773037527, 0.976300679684, 0.178412891786, 0.679158030521, 0.996114120847, 0.204746264113, 0.514096598155, 0.756664462424, 0.838737535719, 0.720200717583, 0.866043222753, 0.598451089649, 5.84406196039e-05, 0.706662704094, 0.746884220019, 0.79044915614, 0.990213626365, 0.278546466813, 0.459879055618, 3185.0
0.774274696231, 0.927467162124, 0.634567074349, 0.658273766654, 0.154653968179, 0.0397398988469, 0.139734933365, 0.0745878013228, 0.754630653292, 0.194317999105, 0.874337800363, 0.996114120847, 0.125805244894, 0.715387505722, 0.988896851086, 0.901955404662, 0.630564005784, 0.680602674897, 0.521855050546, 0.0633710715696, 0.624802566827, 0.983832680711, 0.821746304644, 0.635503266257, 0.356603206954, 0.955027853636, 3185.0
0.835447685347, 0.905381808214, 0.857849904126, 0.568663860779, 0.201446028703, 0.177645249945, 0.121654597563, 0.267841878996, 0.991374051666, 0.0108330258069, 0.903767296959, 0.567624523352, 0.262822439221, 0.514096598155, 0.756664462424, 0.838737535719, 0.720200717583, 0.866043222753, 0.630055102333, 0.00975813184951, 0.723797781587, 0.899642043089, 0.961503226243, 0.500224599813, 0.356603206954, 0.21538864625, 3185.0
0.917234841464, 0.673445300166, 0.634567074349, 0.568663860779, 0.413869547521, 0.11397819676, 0.512221428846, 0.267841878996, 0.976300679684, 0.815047362408, 0.832038147505, 0.996114120847, 0.438600839678, 0.514096598155, 0.756664462424, 0.901955404662, 0.969693110431, 0.850319346554, 0.630055102333, 0.116380474576, 0.624802566827, 0.756649135335, 0.79044915614, 0.74610375944, 0.427557389125, 0.21538864625, 3185.0
0.774274696231, 0.927467162124, 0.634567074349, 0.903865788404, 0.154653968179, 0.0874748637493, 0.353402565312, 0.0206201511089, 0.528140827284, 0.178412891786, 0.874337800363, 0.996114120847, 0.125805244894, 0.715387505722, 0.988896851086, 0.838737535719, 0.630564005784, 0.680602674897, 0.521855050546, 0.0633710715696, 0.706662704094, 0.983832680711, 0.821746304644, 0.58055687648, 0.356603206954, 0.0861416636088, 3185.0
0.571371682993, 0.927467162124, 0.992487397725, 0.658273766654, 0.385401016772, 0.975975740495, 0.226393341786, 0.403938502754, 0.165339099136, 0.24007268892, 0.78809225974, 0.712732380313, 0.204746264113, 0.549476655076, 0.511753178903, 0.901955404662, 0.568911822833, 0.801156026703, 0.790738435001, 0.2352915419, 0.534179153041, 0.995359775827, 0.645737737819, 0.633726814318, 0.150739401312, 0.955027853636, 3185.0
0.774274696231, 0.967157048052, 0.634567074349, 0.661446233786, 0.201446028703, 0.245765854666, 0.331805215377, 0.0745878013228, 0.754630653292, 0.178412891786, 0.874337800363, 0.996114120847, 0.125805244894, 0.715387505722, 0.756664462424, 0.787956564938, 0.914707663905, 0.680602674897, 0.521855050546, 0.329492718243, 0.723797781587, 0.983832680711, 0.821746304644, 0.58055687648, 0.356603206954, 0.234055944074, 3185.0
0.651651174308, 0.978898923066, 0.634567074349, 0.568663860779, 0.246693351201, 0.0870090828103, 0.512221428846, 0.43467213026, 0.976300679684, 0.815047362408, 0.832038147505, 0.996114120847, 0.0752780287402, 0.514096598155, 0.756664462424, 0.901955404662, 0.969693110431, 0.579238062781, 0.630055102333, 0.0955942098435, 0.919745610379, 0.756649135335, 0.79044915614, 0.74610375944, 0.427557389125, 0.21538864625, 3185.0
0.771153846105, 0.780531931739, 0.948229220579, 0.568663860779, 0.22825206698, 0.162839923756, 0.26771657196, 0.183122121736, 0.991374051666, 0.0844017847681, 0.903767296959, 0.60449456888, 0.18008300669, 0.514096598155, 0.756664462424, 0.838737535719, 0.720200717583, 0.866043222753, 0.630055102333, 0.00975813184951, 0.706662704094, 0.988146347768, 0.79044915614, 0.990213626365, 0.217145580474, 0.21538864625, 3185.0
0.63611947426, 0.686448449062, 0.623620821619, 0.568663860779, 0.0155101315477, 0.0705225500092, 0.512221428846, 0.0112002625028, 0.980712227781, 0.178412891786, 0.832038147505, 0.985939267549, 0.0752780287402, 0.514096598155, 0.756664462424, 0.838737535719, 0.720200717583, 0.725567843066, 0.630055102333, 0.419701032742, 0.706662704094, 0.846933285876, 0.635877209136, 0.990213626365, 0.00540310450576, 0.21538864625, 3185.0
0.879317488377, 0.594657040397, 0.598255571275, 0.99389065341, 0.398123912735, 0.342596881203, 0.389336881923, 0.158031591775, 0.997964131601, 0.911762717825, 0.999998600209, 0.620566300514, 0.171143100942, 0.830855440463, 0.956838702831, 0.687173657251, 0.566343914764, 0.934429327549, 0.81138574011, 0.570429378307, 0.247280251348, 0.357774451336, 0.00131701036353, 0.256152249579, 0.0353036746424, 0.145277616734, 3216.0
0.879317488377, 0.594657040397, 0.926828632083, 0.99389065341, 0.452322553591, 0.158685495941, 0.682612858327, 0.134347220239, 0.997341589277, 0.994999054174, 0.999998764508, 0.580240619099, 0.252547291608, 0.830855440463, 0.832596718367, 0.687173657251, 0.566343914764, 0.799372745221, 0.963958178233, 0.570429378307, 0.115997309506, 0.000559875225534, 0.115825876648, 0.256152249579, 0.0353036746424, 0.291209012104, 3216.0
0.929885775525, 0.594657040397, 0.81613096216, 0.99389065341, 0.340395725247, 0.448218358821, 0.304574782024, 0.158031591775, 0.997341589277, 0.911762717825, 0.999998600209, 0.907913232169, 0.258744644369, 0.997772685311, 0.832596718367, 0.820393526624, 0.566343914764, 0.963484252259, 0.972432464105, 0.570429378307, 0.257613206018, 0.403279355387, 0.000363305054298, 0.256152249579, 0.0351866827252, 0.145277616734, 3216.0
0.930046013949, 0.594657040397, 0.81613096216, 0.99389065341, 0.460457131217, 0.448218358821, 0.304574782024, 0.158031591775, 0.997341589277, 0.911762717825, 0.999998600209, 0.965810509869, 0.252547291608, 0.993022012282, 0.832596718367, 0.687173657251, 0.614420259167, 0.963484252259, 0.972432464105, 0.570429378307, 0.257613206018, 0.000559875225534, 0.000363305054298, 0.256152249579, 0.0351866827252, 0.145277616734, 3216.0
0.879317488377, 0.594657040397, 0.950824228817, 0.995229210016, 0.398123912735, 0.342596881203, 0.549271544314, 0.158031591775, 0.997341589277, 0.911762717825, 0.999998600209, 0.805060647398, 0.0271884131314, 0.830855440463, 0.956838702831, 0.687173657251, 0.566343914764, 0.793247237793, 0.81138574011, 0.570429378307, 0.257613206018, 0.357774451336, 0.00131701036353, 0.256152249579, 0.0353036746424, 0.145277616734, 3216.0
0.879317488377, 0.594657040397, 0.598255571275, 0.99389065341, 0.398123912735, 0.342596881203, 0.389336881923, 0.158031591775, 0.997964131601, 0.911762717825, 0.999998600209, 0.620566300514, 0.171143100942, 0.830855440463, 0.956838702831, 0.687173657251, 0.566343914764, 0.934429327549, 0.81138574011, 0.570429378307, 0.00110169674018, 0.357774451336, 0.00131701036353, 0.256152249579, 0.0353036746424, 0.145277616734, 3216.0
0.879317488377, 0.594657040397, 0.926828632083, 0.99389065341, 0.452322553591, 0.158685495941, 0.682612858327, 0.134347220239, 0.997341589277, 0.994999054174, 0.999999584455, 0.580240619099, 0.252547291608, 0.830855440463, 0.832596718367, 0.687173657251, 0.566343914764, 0.799372745221, 0.972432464105, 0.570429378307, 0.115997309506, 0.000559875225534, 0.115825876648, 0.256152249579, 0.0353036746424, 0.105433085272, 3216.0
0.929885775525, 0.594657040397, 0.913468213987, 0.99389065341, 0.340395725247, 0.448218358821, 0.304574782024, 0.158031591775, 0.997341589277, 0.911762717825, 0.999998600209, 0.907913232169, 0.258744644369, 0.997772685311, 0.832596718367, 0.687173657251, 0.566343914764, 0.963484252259, 0.963958178233, 0.570429378307, 0.257613206018, 0.403279355387, 0.000151641846618, 0.256152249579, 0.0095251332928, 0.145277616734, 3216.0
0.929885775525, 0.922056809652, 0.81613096216, 0.995229210016, 0.452322553591, 0.0518074394061, 0.142884850968, 0.158031591775, 0.997669981711, 0.966938165735, 0.999998600209, 0.580240619099, 0.252547291608, 0.923169146788, 0.832596718367, 0.687173657251, 0.566343914764, 0.934429327549, 0.563722436819, 0.570429378307, 0.257613206018, 0.357774451336, 0.000363305054298, 0.256152249579, 0.0353036746424, 0.194735270675, 3216.0
0.879317488377, 0.594657040397, 0.885856597593, 0.99389065341, 0.452322553591, 0.158685495941, 0.682612858327, 0.134347220239, 0.997341589277, 0.911762717825, 0.999998600209, 0.580240619099, 0.114122006991, 0.830855440463, 0.607534528921, 0.630039602989, 0.967375479565, 0.934429327549, 0.963958178233, 0.570429378307, 0.257613206018, 0.000559875225534, 0.144069687766, 0.256152249579, 0.0353036746424, 0.145277616734, 3216.0
0.68755188849, 0.594657040397, 0.761654328241, 0.99389065341, 0.398123912735, 0.848979437888, 0.549271544314, 0.127639160353, 0.997341589277, 0.973868304428, 0.999999657531, 0.999826448444, 0.252547291608, 0.875142866185, 0.956838702831, 0.687173657251, 0.925813698604, 0.934429327549, 0.81138574011, 0.688947341982, 0.105948670868, 0.357774451336, 0.00131701036353, 0.256152249579, 0.0281074248645, 0.127518035239, 3216.0
0.879317488377, 0.534065122234, 0.81613096216, 0.995229210016, 0.398123912735, 0.251908385366, 0.549271544314, 0.158031591775, 0.997341589277, 0.911762717825, 0.999998600209, 0.805060647398, 0.171143100942, 0.830855440463, 0.956838702831, 0.687173657251, 0.566343914764, 0.987712893109, 0.81138574011, 0.570429378307, 0.257613206018, 0.298329262769, 0.00131701036353, 0.256152249579, 0.0353036746424, 0.145277616734, 3216.0
0.923333916584, 0.594657040397, 0.913797825759, 0.998235761756, 0.398123912735, 0.342596881203, 0.549271544314, 0.127639160353, 0.997770402097, 0.917903559996, 0.999998600209, 0.979724848288, 0.252547291608, 0.830855440463, 0.832596718367, 0.849881236664, 0.566343914764, 0.968042820775, 0.81138574011, 0.570429378307, 0.105948670868, 0.357774451336, 0.00131701036353, 0.256152249579, 0.0353036746424, 0.79959447289, 3216.0
0.908286115647, 0.594657040397, 0.57308638854, 0.996303237381, 0.452322553591, 0.645078811054, 0.304574782024, 0.158031591775, 0.997341589277, 0.911762717825, 0.999998608776, 0.907913232169, 0.252547291608, 0.989464309007, 0.832596718367, 0.708493405211, 0.566343914764, 0.934429327549, 0.844515576428, 0.570429378307, 0.241645153696, 0.341789006323, 7.82264950105e-06, 0.256152249579, 0.0353036746424, 0.0650862939218, 3216.0
0.929885775525, 0.594657040397, 0.81613096216, 0.99389065341, 0.460457131217, 0.448218358821, 0.304574782024, 0.158031591775, 0.997341589277, 0.911762717825, 0.999999476542, 0.965810509869, 0.252547291608, 0.993022012282, 0.832596718367, 0.687173657251, 0.614420259167, 0.963484252259, 0.972432464105, 0.570429378307, 0.257613206018, 0.000559875225534, 0.000363305054298, 0.256152249579, 0.0353036746424, 0.145277616734, 3216.0
0.879317488377, 0.970544343214, 0.787052388235, 0.995229210016, 0.398123912735, 0.342596881203, 0.549271544314, 0.158031591775, 0.997341589277, 0.911762717825, 0.999998600209, 0.931508638442, 0.129419036619, 0.830855440463, 0.956838702831, 0.687173657251, 0.566343914764, 0.995500578126, 0.81138574011, 0.570429378307, 0.435543341656, 0.357774451336, 0.00131701036353, 0.256152249579, 0.0351866827252, 0.145277616734, 3216.0
0.929885775525, 0.594657040397, 0.81613096216, 0.99389065341, 0.452322553591, 0.448218358821, 0.00536220974888, 0.158031591775, 0.997669981711, 0.999511292765, 0.999998600209, 0.580240619099, 0.252547291608, 0.89411209138, 0.832596718367, 0.687173657251, 0.566343914764, 0.934429327549, 0.81138574011, 0.570429378307, 0.257613206018, 0.357774451336, 0.000363305054298, 0.256152249579, 0.0353036746424, 0.145277616734, 3216.0
0.879317488377, 0.594657040397, 0.598255571275, 0.99389065341, 0.398123912735, 0.342596881203, 0.389336881923, 0.158031591775, 0.997964131601, 0.911762717825, 0.999998600209, 0.620566300514, 0.171143100942, 0.830855440463, 0.956838702831, 0.687173657251, 0.566343914764, 0.934429327549, 0.81138574011, 0.570429378307, 0.247280251348, 0.357774451336, 0.00131701036353, 0.256152249579, 0.0353036746424, 0.145277616734, 3216.0
0.879317488377, 0.594657040397, 0.926828632083, 0.99389065341, 0.452322553591, 0.158685495941, 0.682612858327, 0.134347220239, 0.997341589277, 0.994999054174, 0.999998764508, 0.580240619099, 0.252547291608, 0.830855440463, 0.832596718367, 0.687173657251, 0.566343914764, 0.799372745221, 0.963958178233, 0.570429378307, 0.115997309506, 0.000559875225534, 0.115825876648, 0.256152249579, 0.0353036746424, 0.291209012104, 3216.0
0.929885775525, 0.594657040397, 0.81613096216, 0.99389065341, 0.340395725247, 0.448218358821, 0.304574782024, 0.158031591775, 0.997341589277, 0.911762717825, 0.999998600209, 0.907913232169, 0.258744644369, 0.997772685311, 0.832596718367, 0.820393526624, 0.566343914764, 0.963484252259, 0.972432464105, 0.570429378307, 0.257613206018, 0.403279355387, 0.000363305054298, 0.256152249579, 0.0351866827252, 0.145277616734, 3216.0
0.930046013949, 0.594657040397, 0.81613096216, 0.99389065341, 0.460457131217, 0.448218358821, 0.304574782024, 0.158031591775, 0.997341589277, 0.911762717825, 0.999998600209, 0.965810509869, 0.252547291608, 0.993022012282, 0.832596718367, 0.687173657251, 0.614420259167, 0.963484252259, 0.972432464105, 0.570429378307, 0.257613206018, 0.000559875225534, 0.000363305054298, 0.256152249579, 0.0351866827252, 0.145277616734, 3216.0
0.879317488377, 0.594657040397, 0.950824228817, 0.995229210016, 0.398123912735, 0.342596881203, 0.549271544314, 0.158031591775, 0.997341589277, 0.911762717825, 0.999998600209, 0.805060647398, 0.0271884131314, 0.830855440463, 0.956838702831, 0.687173657251, 0.566343914764, 0.793247237793, 0.81138574011, 0.570429378307, 0.257613206018, 0.357774451336, 0.00131701036353, 0.256152249579, 0.0353036746424, 0.145277616734, 3216.0
0.879317488377, 0.594657040397, 0.598255571275, 0.99389065341, 0.398123912735, 0.342596881203, 0.389336881923, 0.158031591775, 0.997964131601, 0.911762717825, 0.999998600209, 0.620566300514, 0.171143100942, 0.830855440463, 0.956838702831, 0.687173657251, 0.566343914764, 0.934429327549, 0.81138574011, 0.570429378307, 0.00110169674018, 0.357774451336, 0.00131701036353, 0.256152249579, 0.0353036746424, 0.145277616734, 3216.0
0.879317488377, 0.594657040397, 0.926828632083, 0.99389065341, 0.452322553591, 0.158685495941, 0.682612858327, 0.134347220239, 0.997341589277, 0.994999054174, 0.999999584455, 0.580240619099, 0.252547291608, 0.830855440463, 0.832596718367, 0.687173657251, 0.566343914764, 0.799372745221, 0.972432464105, 0.570429378307, 0.115997309506, 0.000559875225534, 0.115825876648, 0.256152249579, 0.0353036746424, 0.105433085272, 3216.0
0.929885775525, 0.594657040397, 0.913468213987, 0.99389065341, 0.340395725247, 0.448218358821, 0.304574782024, 0.158031591775, 0.997341589277, 0.911762717825, 0.999998600209, 0.907913232169, 0.258744644369, 0.997772685311, 0.832596718367, 0.687173657251, 0.566343914764, 0.963484252259, 0.963958178233, 0.570429378307, 0.257613206018, 0.403279355387, 0.000151641846618, 0.256152249579, 0.0095251332928, 0.145277616734, 3216.0
0.929885775525, 0.922056809652, 0.81613096216, 0.995229210016, 0.452322553591, 0.0518074394061, 0.142884850968, 0.158031591775, 0.997669981711, 0.966938165735, 0.999998600209, 0.580240619099, 0.252547291608, 0.923169146788, 0.832596718367, 0.687173657251, 0.566343914764, 0.934429327549, 0.563722436819, 0.570429378307, 0.257613206018, 0.357774451336, 0.000363305054298, 0.256152249579, 0.0353036746424, 0.194735270675, 3216.0
0.879317488377, 0.594657040397, 0.885856597593, 0.99389065341, 0.452322553591, 0.158685495941, 0.682612858327, 0.134347220239, 0.997341589277, 0.911762717825, 0.999998600209, 0.580240619099, 0.114122006991, 0.830855440463, 0.607534528921, 0.630039602989, 0.967375479565, 0.934429327549, 0.963958178233, 0.570429378307, 0.257613206018, 0.000559875225534, 0.144069687766, 0.256152249579, 0.0353036746424, 0.145277616734, 3216.0
0.68755188849, 0.594657040397, 0.761654328241, 0.99389065341, 0.398123912735, 0.848979437888, 0.549271544314, 0.127639160353, 0.997341589277, 0.973868304428, 0.999999657531, 0.999826448444, 0.252547291608, 0.875142866185, 0.956838702831, 0.687173657251, 0.925813698604, 0.934429327549, 0.81138574011, 0.688947341982, 0.105948670868, 0.357774451336, 0.00131701036353, 0.256152249579, 0.0281074248645, 0.127518035239, 3216.0
0.879317488377, 0.534065122234, 0.81613096216, 0.995229210016, 0.398123912735, 0.251908385366, 0.549271544314, 0.158031591775, 0.997341589277, 0.911762717825, 0.999998600209, 0.805060647398, 0.171143100942, 0.830855440463, 0.956838702831, 0.687173657251, 0.566343914764, 0.987712893109, 0.81138574011, 0.570429378307, 0.257613206018, 0.298329262769, 0.00131701036353, 0.256152249579, 0.0353036746424, 0.145277616734, 3216.0
0.923333916584, 0.594657040397, 0.913797825759, 0.998235761756, 0.398123912735, 0.342596881203, 0.549271544314, 0.127639160353, 0.997770402097, 0.917903559996, 0.999998600209, 0.979724848288, 0.252547291608, 0.830855440463, 0.832596718367, 0.849881236664, 0.566343914764, 0.968042820775, 0.81138574011, 0.570429378307, 0.105948670868, 0.357774451336, 0.00131701036353, 0.256152249579, 0.0353036746424, 0.79959447289, 3216.0
0.908286115647, 0.594657040397, 0.57308638854, 0.996303237381, 0.452322553591, 0.645078811054, 0.304574782024, 0.158031591775, 0.997341589277, 0.911762717825, 0.999998608776, 0.907913232169, 0.252547291608, 0.989464309007, 0.832596718367, 0.708493405211, 0.566343914764, 0.934429327549, 0.844515576428, 0.570429378307, 0.241645153696, 0.341789006323, 7.82264950105e-06, 0.256152249579, 0.0353036746424, 0.0650862939218, 3216.0
0.929885775525, 0.594657040397, 0.81613096216, 0.99389065341, 0.460457131217, 0.448218358821, 0.304574782024, 0.158031591775, 0.997341589277, 0.911762717825, 0.999999476542, 0.965810509869, 0.252547291608, 0.993022012282, 0.832596718367, 0.687173657251, 0.614420259167, 0.963484252259, 0.972432464105, 0.570429378307, 0.257613206018, 0.000559875225534, 0.000363305054298, 0.256152249579, 0.0353036746424, 0.145277616734, 3216.0
0.879317488377, 0.970544343214, 0.787052388235, 0.995229210016, 0.398123912735, 0.342596881203, 0.549271544314, 0.158031591775, 0.997341589277, 0.911762717825, 0.999998600209, 0.931508638442, 0.129419036619, 0.830855440463, 0.956838702831, 0.687173657251, 0.566343914764, 0.995500578126, 0.81138574011, 0.570429378307, 0.435543341656, 0.357774451336, 0.00131701036353, 0.256152249579, 0.0351866827252, 0.145277616734, 3216.0
0.929885775525, 0.594657040397, 0.81613096216, 0.99389065341, 0.452322553591, 0.448218358821, 0.00536220974888, 0.158031591775, 0.997669981711, 0.999511292765, 0.999998600209, 0.580240619099, 0.252547291608, 0.89411209138, 0.832596718367, 0.687173657251, 0.566343914764, 0.934429327549, 0.81138574011, 0.570429378307, 0.257613206018, 0.357774451336, 0.000363305054298, 0.256152249579, 0.0353036746424, 0.145277616734, 3216.0
0.849364694142, 0.97970975188, 0.946444310356, 0.58995393311, 0.329483169682, 0.489976305573, 0.248797248787, 0.291991761666, 0.765853951215, 0.862778981402, 0.77209416263, 0.644058446331, 0.375071201113, 0.596778987188, 0.994687714461, 0.8750454544, 0.536983352299, 0.910089066914, 0.995886051923, 0.179250657439, 0.957887369982, 0.653644781871, 0.509494295979, 0.347820961566, 0.945414090485, 0.222525572977, 5045.0
0.887376329742, 0.906814191103, 0.689967333886, 0.58995393311, 0.141618610657, 0.376992552805, 0.238490610761, 0.346524601253, 0.627375606169, 0.862778981402, 0.578933282553, 0.900266721948, 0.375071201113, 0.596778987188, 0.592712223324, 0.8750454544, 0.988440901872, 0.697079185158, 0.74180024327, 0.920723491121, 0.957887369982, 0.952775273586, 0.509494295979, 0.164906645679, 0.569206282362, 0.392404370198, 5045.0
0.918160158028, 0.97970975188, 0.946444310356, 0.58995393311, 0.47275009219, 0.489976305573, 0.248797248787, 0.399415711263, 0.765853951215, 0.747344548668, 0.77209416263, 0.644058446331, 0.375071201113, 0.596778987188, 0.994687714461, 0.8750454544, 0.536983352299, 0.910089066914, 0.74180024327, 0.179250657439, 0.957887369982, 0.653644781871, 0.509494295979, 0.164906645679, 0.579933617981, 0.0114070027172, 5045.0
0.887376329742, 0.906814191103, 0.810202682858, 0.58995393311, 0.00931465466522, 0.489976305573, 0.680493383577, 0.346524601253, 0.597744542155, 0.862778981402, 0.919067693752, 0.896221330975, 0.375071201113, 0.596778987188, 0.592712223324, 0.855737326058, 0.704944016098, 0.61985137601, 0.74180024327, 0.920723491121, 0.906223052842, 0.952775273586, 0.509494295979, 0.164906645679, 0.569206282362, 0.392404370198, 5045.0
0.849364694142, 0.97970975188, 0.513162989855, 0.58995393311, 0.141618610657, 0.480638076514, 0.248797248787, 0.17847884681, 0.765853951215, 0.862778981402, 0.851524878946, 0.900266721948, 0.375071201113, 0.596778987188, 0.819241641686, 0.8750454544, 0.536983352299, 0.910089066914, 0.968985412734, 0.0159138401157, 0.957887369982, 0.653644781871, 0.509494295979, 0.21416601897, 0.589592831259, 0.222525572977, 5045.0
0.849364694142, 0.906814191103, 0.689967333886, 0.772168477978, 0.246485466855, 0.648697545122, 0.252478750593, 0.346524601253, 0.597744542155, 0.862778981402, 0.578933282553, 0.998566300811, 0.375071201113, 0.596778987188, 0.592712223324, 0.855737326058, 0.684255040518, 0.61985137601, 0.74180024327, 0.920723491121, 0.906223052842, 0.952775273586, 0.509494295979, 0.0557564773526, 0.569206282362, 0.940429521951, 5045.0
0.874107530801, 0.906814191103, 0.689967333886, 0.672172995569, 0.141618610657, 0.376992552805, 0.238490610761, 0.346524601253, 0.627375606169, 0.862778981402, 0.765803124992, 0.900266721948, 0.375071201113, 0.596778987188, 0.592712223324, 0.855737326058, 0.988440901872, 0.61985137601, 0.74180024327, 0.920723491121, 0.837836150636, 0.952775273586, 0.509494295979, 0.164906645679, 0.569206282362, 0.392404370198, 5045.0
0.849364694142, 0.97970975188, 0.946444310356, 0.58995393311, 0.141618610657, 0.614523533745, 0.248797248787, 0.291991761666, 0.765853951215, 0.796991977323, 0.77209416263, 0.644058446331, 0.375071201113, 0.596778987188, 0.994687714461, 0.8750454544, 0.536983352299, 0.910089066914, 0.995886051923, 0.179250657439, 0.957887369982, 0.653644781871, 0.509494295979, 0.347820961566, 0.945414090485, 0.222525572977, 5045.0
0.938718077666, 0.97970975188, 0.946444310356, 0.772168477978, 0.230983192508, 0.382021040731, 0.215207658963, 0.159988038973, 0.95062468932, 0.862778981402, 0.84573998895, 0.657744841761, 0.433309113109, 0.600500237709, 0.606248245049, 0.625419770135, 0.536983352299, 0.61985137601, 0.995886051923, 0.826409542928, 0.906223052842, 0.653644781871, 0.509494295979, 0.21416601897, 0.533210842422, 0.392404370198, 5045.0
0.918160158028, 0.97970975188, 0.946444310356, 0.58995393311, 0.0672061256272, 0.489976305573, 0.248797248787, 0.399415711263, 0.765853951215, 0.463776718472, 0.77209416263, 0.644058446331, 0.375071201113, 0.596778987188, 0.994687714461, 0.8750454544, 0.536983352299, 0.910089066914, 0.74180024327, 0.179250657439, 0.957887369982, 0.653644781871, 0.509494295979, 0.164906645679, 0.589592831259, 0.0114070027172, 5045.0
0.849364694142, 0.940166502426, 0.707615668429, 0.772168477978, 0.141618610657, 0.480638076514, 0.238490610761, 0.346524601253, 0.944981263186, 0.738770520577, 0.578933282553, 0.684936960963, 0.375071201113, 0.596778987188, 0.592712223324, 0.855737326058, 0.738956066292, 0.61985137601, 0.71603123745, 0.70088137579, 0.967535675333, 0.93283583062, 0.509494295979, 0.21416601897, 0.569206282362, 0.392404370198, 5045.0
0.887376329742, 0.906814191103, 0.689967333886, 0.58995393311, 0.031002899293, 0.480638076514, 0.680493383577, 0.346524601253, 0.597744542155, 0.862778981402, 0.578933282553, 0.900266721948, 0.375071201113, 0.596778987188, 0.592712223324, 0.855737326058, 0.704944016098, 0.61985137601, 0.74180024327, 0.920723491121, 0.906223052842, 0.952775273586, 0.509494295979, 0.164906645679, 0.569206282362, 0.392404370198, 5045.0
0.849364694142, 0.97970975188, 0.946444310356, 0.772168477978, 0.230983192508, 0.382021040731, 0.215207658963, 0.159988038973, 0.95062468932, 0.796991977323, 0.90624646942, 0.858872148836, 0.433309113109, 0.600500237709, 0.878824214503, 0.625419770135, 0.536983352299, 0.61985137601, 0.995886051923, 0.857666348793, 0.507010307263, 0.653644781871, 0.954265641137, 0.0557564773526, 0.533210842422, 0.392404370198, 5045.0
0.849364694142, 0.906814191103, 0.689967333886, 0.772168477978, 0.246485466855, 0.648697545122, 0.238490610761, 0.563617667495, 0.597744542155, 0.886934168769, 0.578933282553, 0.998566300811, 0.375071201113, 0.596778987188, 0.592712223324, 0.855737326058, 0.884273480339, 0.61985137601, 0.74180024327, 0.920723491121, 0.906223052842, 0.952775273586, 0.509494295979, 0.00104072920609, 0.569206282362, 0.757841029823, 5045.0
0.887376329742, 0.906814191103, 0.689967333886, 0.58995393311, 0.141618610657, 0.376992552805, 0.238490610761, 0.346524601253, 0.627375606169, 0.862778981402, 0.578933282553, 0.900266721948, 0.375071201113, 0.596778987188, 0.592712223324, 0.8750454544, 0.988440901872, 0.697079185158, 0.74180024327, 0.920723491121, 0.957887369982, 0.952775273586, 0.509494295979, 0.164906645679, 0.569206282362, 0.392404370198, 5045.0
0.849364694142, 0.97970975188, 0.946444310356, 0.58995393311, 0.329483169682, 0.489976305573, 0.248797248787, 0.291991761666, 0.765853951215, 0.862778981402, 0.77209416263, 0.644058446331, 0.375071201113, 0.596778987188, 0.994687714461, 0.8750454544, 0.536983352299, 0.910089066914, 0.995886051923, 0.179250657439, 0.957887369982, 0.653644781871, 0.509494295979, 0.347820961566, 0.945414090485, 0.222525572977, 5045.0
0.918160158028, 0.97970975188, 0.946444310356, 0.58995393311, 0.47275009219, 0.489976305573, 0.248797248787, 0.399415711263, 0.765853951215, 0.747344548668, 0.77209416263, 0.644058446331, 0.375071201113, 0.596778987188, 0.994687714461, 0.8750454544, 0.536983352299, 0.910089066914, 0.74180024327, 0.179250657439, 0.957887369982, 0.653644781871, 0.509494295979, 0.164906645679, 0.579933617981, 0.0114070027172, 5045.0
0.887376329742, 0.906814191103, 0.810202682858, 0.58995393311, 0.00931465466522, 0.489976305573, 0.680493383577, 0.346524601253, 0.597744542155, 0.862778981402, 0.919067693752, 0.896221330975, 0.375071201113, 0.596778987188, 0.592712223324, 0.855737326058, 0.704944016098, 0.61985137601, 0.74180024327, 0.920723491121, 0.906223052842, 0.952775273586, 0.509494295979, 0.164906645679, 0.569206282362, 0.392404370198, 5045.0
0.849364694142, 0.97970975188, 0.513162989855, 0.58995393311, 0.141618610657, 0.480638076514, 0.248797248787, 0.17847884681, 0.765853951215, 0.862778981402, 0.851524878946, 0.900266721948, 0.375071201113, 0.596778987188, 0.819241641686, 0.8750454544, 0.536983352299, 0.910089066914, 0.968985412734, 0.0159138401157, 0.957887369982, 0.653644781871, 0.509494295979, 0.21416601897, 0.589592831259, 0.222525572977, 5045.0
0.849364694142, 0.906814191103, 0.689967333886, 0.772168477978, 0.246485466855, 0.648697545122, 0.252478750593, 0.346524601253, 0.597744542155, 0.862778981402, 0.578933282553, 0.998566300811, 0.375071201113, 0.596778987188, 0.592712223324, 0.855737326058, 0.684255040518, 0.61985137601, 0.74180024327, 0.920723491121, 0.906223052842, 0.952775273586, 0.509494295979, 0.0557564773526, 0.569206282362, 0.940429521951, 5045.0
0.874107530801, 0.906814191103, 0.689967333886, 0.672172995569, 0.141618610657, 0.376992552805, 0.238490610761, 0.346524601253, 0.627375606169, 0.862778981402, 0.765803124992, 0.900266721948, 0.375071201113, 0.596778987188, 0.592712223324, 0.855737326058, 0.988440901872, 0.61985137601, 0.74180024327, 0.920723491121, 0.837836150636, 0.952775273586, 0.509494295979, 0.164906645679, 0.569206282362, 0.392404370198, 5045.0
0.849364694142, 0.97970975188, 0.946444310356, 0.58995393311, 0.141618610657, 0.614523533745, 0.248797248787, 0.291991761666, 0.765853951215, 0.796991977323, 0.77209416263, 0.644058446331, 0.375071201113, 0.596778987188, 0.994687714461, 0.8750454544, 0.536983352299, 0.910089066914, 0.995886051923, 0.179250657439, 0.957887369982, 0.653644781871, 0.509494295979, 0.347820961566, 0.945414090485, 0.222525572977, 5045.0
