0.588098080496, 0.77832500851, 0.963869356828, 0.719559824765, 0.0447080290018, 0.736859073945, 0.00297848227355, 0.598866132735, 0.165339099136, 0.784742598412, 0.521266277906, 0.58079378519, 0.195628345319, 0.614258882403, 0.511753178903, 0.787956564938, 0.779959733912, 0.828876834435, 0.701992087822, 0.00678328899, 0.699273792807, 0.780803933214, 0.939492377095, 0.998539505877, 0.376658630623, 0.80981388259, 2986.0
0.953791819221, 0.957883272286, 0.992487397725, 0.719559824765, 0.441425265873, 0.684684770778, 0.527974313485, 0.670043519433, 0.165339099136, 0.990517373134, 0.521266277906, 0.58079378519, 0.0256792505613, 0.629276487066, 0.511753178903, 0.502421771618, 0.713962626295, 0.879473563887, 0.74676048849, 0.954830443254, 0.699273792807, 0.997943728962, 0.939492377095, 0.633726814318, 0.110379699967, 0.792135194439, 2986.0
0.953791819221, 0.957883272286, 0.992487397725, 0.719559824765, 0.441425265873, 0.933619383748, 0.527974313485, 0.670043519433, 0.165339099136, 0.990517373134, 0.78809225974, 0.531777949681, 0.261219871775, 0.629276487066, 0.511753178903, 0.502421771618, 0.713962626295, 0.879473563887, 0.528362553258, 0.954830443254, 0.634052724966, 0.997943728962, 0.939492377095, 0.633726814318, 0.110379699967, 0.792135194439, 2986.0
0.588098080496, 0.77832500851, 0.963869356828, 0.719559824765, 0.0447080290018, 0.736859073945, 0.00297848227355, 0.598866132735, 0.165339099136, 0.784742598412, 0.521266277906, 0.58079378519, 0.195628345319, 0.614258882403, 0.511753178903, 0.787956564938, 0.779959733912, 0.828876834435, 0.701992087822, 0.00678328899, 0.699273792807, 0.780803933214, 0.939492377095, 0.998539505877, 0.376658630623, 0.80981388259, 2986.0
0.953791819221, 0.957883272286, 0.992487397725, 0.719559824765, 0.441425265873, 0.684684770778, 0.527974313485, 0.670043519433, 0.165339099136, 0.990517373134, 0.521266277906, 0.58079378519, 0.0256792505613, 0.629276487066, 0.511753178903, 0.502421771618, 0.713962626295, 0.879473563887, 0.74676048849, 0.954830443254, 0.699273792807, 0.997943728962, 0.939492377095, 0.633726814318, 0.110379699967, 0.792135194439, 2986.0
0.953791819221, 0.957883272286, 0.992487397725, 0.719559824765, 0.441425265873, 0.933619383748, 0.527974313485, 0.670043519433, 0.165339099136, 0.990517373134, 0.78809225974, 0.531777949681, 0.261219871775, 0.629276487066, 0.511753178903, 0.502421771618, 0.713962626295, 0.879473563887, 0.528362553258, 0.954830443254, 0.634052724966, 0.997943728962, 0.939492377095, 0.633726814318, 0.110379699967, 0.792135194439, 2986.0
0.59681644463, 0.673445300166, 0.634567074349, 0.671637380431, 0.201446028703, 0.162839923756, 0.26771657196, 0.183122121736, 0.991374051666, 0.0844017847681, 0.995134245178, 0.60449456888, 0.155961444009, 0.514096598155, 0.756664462424, 0.838737535719, 0.720200717583, 0.866043222753, 0.630055102333, 0.520318368813, 0.600160271133, 0.956651651353, 0.79044915614, 0.74610375944, 0.0296022124242, 0.024551225756, 3161.0
0.59681644463, 0.673445300166, 0.634567074349, 0.671637380431, 0.201446028703, 0.162839923756, 0.26771657196, 0.183122121736, 0.991374051666, 0.0844017847681, 0.995134245178, 0.60449456888, 0.155961444009, 0.514096598155, 0.756664462424, 0.838737535719, 0.720200717583, 0.866043222753, 0.630055102333, 0.520318368813, 0.600160271133, 0.956651651353, 0.79044915614, 0.74610375944, 0.0296022124242, 0.024551225756, 3161.0
0.588098080496, 0.666275744303, 0.963869356828, 0.719559824765, 0.0447080290018, 0.736859073945, 0.00297848227355, 0.286528678004, 0.00271714858743, 0.784742598412, 0.78809225974, 0.531777949681, 0.195628345319, 0.614258882403, 0.511753178903, 0.820424685291, 0.715724926109, 0.828876834435, 0.701992087822, 0.219010317984, 0.634052724966, 0.780803933214, 0.636297198636, 0.998539505877, 0.376658630623, 0.80981388259, 3185.0
0.774274696231, 0.927467162124, 0.634567074349, 0.903865788404, 0.0566197156807, 0.0874748637493, 0.353402565312, 0.0206201511089, 0.528140827284, 0.178412891786, 0.874337800363, 0.996114120847, 0.125805244894, 0.715387505722, 0.988896851086, 0.838737535719, 0.630564005784, 0.680602674897, 0.521855050546, 0.273188435497, 0.661828625208, 0.983832680711, 0.821746304644, 0.58055687648, 0.356603206954, 0.0861416636088, 3185.0
0.774274696231, 0.864245365222, 0.634567074349, 0.658273766654, 0.201446028703, 0.108116753056, 0.412819621294, 0.0745878013228, 0.754630653292, 0.815047362408, 0.921755895741, 0.996114120847, 0.328134931663, 0.715387505722, 0.756664462424, 0.796971840488, 0.969693110431, 0.916606428579, 0.521855050546, 0.0633710715696, 0.723797781587, 0.983832680711, 0.821746304644, 0.58055687648, 0.356603206954, 0.21538864625, 3185.0
0.771153846105, 0.673445300166, 0.964842306721, 0.658273766654, 0.22825206698, 0.9240843057, 0.26771657196, 0.183122121736, 0.991374051666, 0.428503118499, 0.874337800363, 0.842022400985, 0.18008300669, 0.514096598155, 0.756664462424, 0.843713409527, 0.720200717583, 0.866043222753, 0.630055102333, 0.00975813184951, 0.706662704094, 0.942429191761, 0.881183044083, 0.990213626365, 0.217145580474, 0.21538864625, 3185.0
0.774274696231, 0.927467162124, 0.634567074349, 0.691105685028, 0.154653968179, 0.0397398988469, 0.139734933365, 0.0745878013228, 0.155588628297, 0.194317999105, 0.982863210879, 0.996114120847, 0.0873610847899, 0.715387505722, 0.988896851086, 0.901955404662, 0.630564005784, 0.680602674897, 0.521855050546, 0.0633710715696, 0.624802566827, 0.983832680711, 0.821746304644, 0.635503266257, 0.356603206954, 0.955027853636, 3185.0
0.917234841464, 0.673445300166, 0.634567074349, 0.568663860779, 0.382138997784, 0.11397819676, 0.512221428846, 0.0726172666166, 0.976300679684, 0.886167272056, 0.832038147505, 0.996114120847, 0.438600839678, 0.514096598155, 0.756664462424, 0.901955404662, 0.969693110431, 0.915135482627, 0.630055102333, 0.116380474576, 0.624802566827, 0.756649135335, 0.79044915614, 0.74610375944, 0.427557389125, 0.21538864625, 3185.0
0.774274696231, 0.927467162124, 0.634567074349, 0.658273766654, 0.31755896417, 0.0874748637493, 0.353402565312, 0.0206201511089, 0.528140827284, 0.735093150161, 0.789074346973, 0.996114120847, 0.125805244894, 0.715387505722, 0.988896851086, 0.838737535719, 0.630564005784, 0.680602674897, 0.521855050546, 0.0633710715696, 0.706662704094, 0.983832680711, 0.736735545608, 0.633726814318, 0.356603206954, 0.0861416636088, 3185.0
0.774274696231, 0.967157048052, 0.634567074349, 0.661446233786, 0.396647103811, 0.245765854666, 0.331805215377, 0.0745878013228, 0.472413429149, 0.178412891786, 0.930001160107, 0.765892400273, 0.125805244894, 0.715387505722, 0.756664462424, 0.787956564938, 0.914707663905, 0.919422494661, 0.803556263218, 0.127409427023, 0.723797781587, 0.983832680711, 0.821746304644, 0.58055687648, 0.356603206954, 0.203731898452, 3185.0
0.651651174308, 0.978898923066, 0.634567074349, 0.568663860779, 0.14649777208, 0.0870090828103, 0.512221428846, 0.43467213026, 0.976300679684, 0.815047362408, 0.832038147505, 0.789453415902, 0.0752780287402, 0.514096598155, 0.756664462424, 0.901955404662, 0.969693110431, 0.579238062781, 0.630055102333, 0.0955942098435, 0.919745610379, 0.756649135335, 0.622366514257, 0.74610375944, 0.427557389125, 0.21538864625, 3185.0
0.771153846105, 0.780531931739, 0.948229220579, 0.568663860779, 0.22825206698, 0.162839923756, 0.26771657196, 0.183122121736, 0.991374051666, 0.0844017847681, 0.903767296959, 0.60449456888, 0.0401928287832, 0.514096598155, 0.756664462424, 0.838737535719, 0.720200717583, 0.870739086468, 0.630055102333, 0.00132699260546, 0.706662704094, 0.988146347768, 0.79044915614, 0.990213626365, 0.217145580474, 0.21538864625, 3185.0
0.771153846105, 0.673445300166, 0.857849904126, 0.509782902438, 0.258277009901, 0.672519560697, 0.512221428846, 0.339773037527, 0.976300679684, 0.553210312106, 0.679158030521, 0.996114120847, 0.0445229070608, 0.999773907206, 0.756664462424, 0.838737535719, 0.720200717583, 0.866043222753, 0.598451089649, 0.000259245930817, 0.706662704094, 0.746884220019, 0.79044915614, 0.997514012012, 0.278546466813, 0.21538864625, 3185.0
0.774274696231, 0.927467162124, 0.634567074349, 0.903865788404, 0.03776355621, 0.0874748637493, 0.353402565312, 0.0206201511089, 0.528140827284, 0.178412891786, 0.874337800363, 0.996114120847, 0.125805244894, 0.622859801248, 0.988896851086, 0.838737535719, 0.630564005784, 0.680602674897, 0.521855050546, 0.398744515302, 0.769275928938, 0.983832680711, 0.821746304644, 0.58055687648, 0.356603206954, 0.0861416636088, 3185.0
0.774274696231, 0.927467162124, 0.634567074349, 0.658273766654, 0.154653968179, 0.0191715556185, 0.139734933365, 0.0745878013228, 0.855583848654, 0.194317999105, 0.679158030521, 0.650385088356, 0.125805244894, 0.922397720172, 0.988896851086, 0.901955404662, 0.535291847984, 0.680602674897, 0.521855050546, 0.0145903956986, 0.624802566827, 0.972162756849, 0.953000356316, 0.990213626365, 0.356603206954, 0.955027853636, 3185.0
0.957017179043, 0.673445300166, 0.634567074349, 0.568663860779, 0.413869547521, 0.11397819676, 0.512221428846, 0.267841878996, 0.976300679684, 0.921157770659, 0.832038147505, 0.731395992783, 0.438600839678, 0.514096598155, 0.756664462424, 0.838737535719, 0.969693110431, 0.850319346554, 0.630055102333, 0.0131450823122, 0.64003136498, 0.821663161547, 0.79044915614, 0.864705760547, 0.427557389125, 0.21538864625, 3185.0
0.571371682993, 0.927467162124, 0.992487397725, 0.658273766654, 0.385401016772, 0.105218707763, 0.226393341786, 0.403938502754, 0.165339099136, 0.24007268892, 0.78809225974, 0.712732380313, 0.204746264113, 0.549476655076, 0.511753178903, 0.901955404662, 0.568911822833, 0.76046245659, 0.790738435001, 0.332276253972, 0.678072636104, 0.995359775827, 0.645737737819, 0.633726814318, 0.0775895789824, 0.955027853636, 3185.0
0.771153846105, 0.780531931739, 0.829219037884, 0.955730172789, 0.22825206698, 0.162839923756, 0.26771657196, 0.183122121736, 0.991374051666, 0.0844017847681, 0.903767296959, 0.899298317395, 0.18008300669, 0.514096598155, 0.756664462424, 0.838737535719, 0.720200717583, 0.866043222753, 0.695414730297, 0.00233775210858, 0.706662704094, 0.988146347768, 0.79044915614, 0.990213626365, 0.217145580474, 0.21538864625, 3185.0
0.59681644463, 0.673445300166, 0.634567074349, 0.568663860779, 0.246693351201, 0.11397819676, 0.139734933365, 0.37489422291, 0.976300679684, 0.815047362408, 0.832038147505, 0.996114120847, 0.438600839678, 0.888007183312, 0.756664462424, 0.901955404662, 0.969693110431, 0.681348337848, 0.630055102333, 0.116380474576, 0.661828625208, 0.756649135335, 0.79044915614, 0.74610375944, 0.427557389125, 0.21538864625, 3185.0
0.713454031689, 0.543588510651, 0.933347780044, 0.568663860779, 0.0155101315477, 0.162839923756, 0.512221428846, 0.0650617095116, 0.984308975204, 0.843481356631, 0.832038147505, 0.985939267549, 0.0752780287402, 0.657647521819, 0.756664462424, 0.838737535719, 0.764449865453, 0.725567843066, 0.876959940396, 0.419701032742, 0.624802566827, 0.578845593648, 0.79044915614, 0.500224599813, 0.356603206954, 0.21538864625, 3185.0
0.771153846105, 0.673445300166, 0.964842306721, 0.691105685028, 0.22825206698, 0.9240843057, 0.26771657196, 0.183122121736, 0.995765642981, 0.463536335271, 0.989325717036, 0.842022400985, 0.18008300669, 0.514096598155, 0.756664462424, 0.843713409527, 0.720200717583, 0.866043222753, 0.630055102333, 0.00975813184951, 0.706662704094, 0.977623447781, 0.881183044083, 0.990213626365, 0.217145580474, 0.21538864625, 3185.0
0.835447685347, 0.905381808214, 0.857849904126, 0.568663860779, 0.181059571016, 0.177645249945, 0.121654597563, 0.267841878996, 0.5645758298, 0.0108330258069, 0.903767296959, 0.567624523352, 0.262822439221, 0.514096598155, 0.756664462424, 0.838737535719, 0.720200717583, 0.866043222753, 0.630055102333, 0.00975813184951, 0.723797781587, 0.899642043089, 0.961503226243, 0.500224599813, 0.356603206954, 0.21538864625, 3185.0
0.774274696231, 0.967157048052, 0.634567074349, 0.661446233786, 0.201446028703, 0.245765854666, 0.331805215377, 0.0745878013228, 0.472413429149, 0.178412891786, 0.930001160107, 0.996114120847, 0.125805244894, 0.715387505722, 0.756664462424, 0.787956564938, 0.914707663905, 0.919422494661, 0.521855050546, 0.329492718243, 0.723797781587, 0.983832680711, 0.821746304644, 0.58055687648, 0.356603206954, 0.203731898452, 3185.0
0.651651174308, 0.978898923066, 0.634567074349, 0.568663860779, 0.246693351201, 0.588459992794, 0.512221428846, 0.43467213026, 0.51688364288, 0.815047362408, 0.832038147505, 0.789453415902, 0.0752780287402, 0.604419283932, 0.756664462424, 0.901955404662, 0.969693110431, 0.579238062781, 0.630055102333, 0.0955942098435, 0.919745610379, 0.756649135335, 0.79044915614, 0.990213626365, 0.427557389125, 0.21538864625, 3185.0
0.771153846105, 0.673445300166, 0.634567074349, 0.568663860779, 0.218623293869, 0.0467313283554, 0.139734933365, 0.37489422291, 0.976300679684, 0.815047362408, 0.832038147505, 0.996114120847, 0.438600839678, 0.514096598155, 0.846178811773, 0.901955404662, 0.969693110431, 0.681348337848, 0.630055102333, 0.116380474576, 0.624802566827, 0.756649135335, 0.79044915614, 0.74610375944, 0.35888289731, 0.21538864625, 3185.0
0.59681644463, 0.927467162124, 0.933347780044, 0.671637380431, 0.201446028703, 0.162839923756, 0.26771657196, 0.183122121736, 0.991374051666, 0.0844017847681, 0.995134245178, 0.60449456888, 0.18008300669, 0.514096598155, 0.756664462424, 0.838737535719, 0.720200717583, 0.866043222753, 0.630055102333, 0.00214233214135, 0.600160271133, 0.956651651353, 0.79044915614, 0.58055687648, 0.0296022124242, 0.21538864625, 3185.0
0.774274696231, 0.673445300166, 0.634567074349, 0.903865788404, 0.03776355621, 0.0874748637493, 0.353402565312, 0.0206201511089, 0.528140827284, 0.586795431895, 0.874337800363, 0.999443291015, 0.125805244894, 0.715387505722, 0.997710653661, 0.838737535719, 0.630564005784, 0.680602674897, 0.521855050546, 0.398744515302, 0.763643066026, 0.966640898361, 0.821746304644, 0.990213626365, 0.356603206954, 0.236113945352, 3185.0
0.644712435187, 0.927467162124, 0.634567074349, 0.658273766654, 0.154653968179, 0.0191715556185, 0.139734933365, 0.0741423972724, 0.754630653292, 0.194317999105, 0.702964172961, 0.996114120847, 0.125805244894, 0.922397720172, 0.988896851086, 0.901955404662, 0.535291847984, 0.680602674897, 0.521855050546, 0.0633710715696, 0.624802566827, 0.983832680711, 0.824551006918, 0.990213626365, 0.356603206954, 0.955027853636, 3185.0
0.767187050186, 0.673445300166, 0.634567074349, 0.568663860779, 0.413869547521, 0.11397819676, 0.512221428846, 0.267841878996, 0.976300679684, 0.815047362408, 0.832038147505, 0.996114120847, 0.438600839678, 0.514096598155, 0.758760431073, 0.838737535719, 0.969693110431, 0.850319346554, 0.630055102333, 0.116380474576, 0.624802566827, 0.756649135335, 0.79044915614, 0.74610375944, 0.427557389125, 0.21538864625, 3185.0
0.771153846105, 0.686448449062, 0.948229220579, 0.955730172789, 0.22825206698, 0.162839923756, 0.26771657196, 0.183122121736, 0.991374051666, 0.0844017847681, 0.903767296959, 0.60449456888, 0.18008300669, 0.514096598155, 0.756664462424, 0.838737535719, 0.720200717583, 0.866043222753, 0.695414730297, 0.00975813184951, 0.706662704094, 0.994042139397, 0.79044915614, 0.990213626365, 0.217145580474, 0.21538864625, 3185.0
0.588098080496, 0.666275744303, 0.963869356828, 0.719559824765, 0.0447080290018, 0.736859073945, 0.00297848227355, 0.286528678004, 0.00271714858743, 0.784742598412, 0.78809225974, 0.531777949681, 0.195628345319, 0.614258882403, 0.511753178903, 0.820424685291, 0.715724926109, 0.828876834435, 0.701992087822, 0.219010317984, 0.634052724966, 0.780803933214, 0.636297198636, 0.998539505877, 0.376658630623, 0.80981388259, 3185.0
0.774274696231, 0.927467162124, 0.634567074349, 0.903865788404, 0.0566197156807, 0.0874748637493, 0.353402565312, 0.0206201511089, 0.528140827284, 0.178412891786, 0.874337800363, 0.996114120847, 0.125805244894, 0.715387505722, 0.988896851086, 0.838737535719, 0.630564005784, 0.680602674897, 0.521855050546, 0.273188435497, 0.661828625208, 0.983832680711, 0.821746304644, 0.58055687648, 0.356603206954, 0.0861416636088, 3185.0
0.774274696231, 0.864245365222, 0.634567074349, 0.658273766654, 0.201446028703, 0.108116753056, 0.412819621294, 0.0745878013228, 0.754630653292, 0.815047362408, 0.921755895741, 0.996114120847, 0.328134931663, 0.715387505722, 0.756664462424, 0.796971840488, 0.969693110431, 0.916606428579, 0.521855050546, 0.0633710715696, 0.723797781587, 0.983832680711, 0.821746304644, 0.58055687648, 0.356603206954, 0.21538864625, 3185.0
0.771153846105, 0.673445300166, 0.964842306721, 0.658273766654, 0.22825206698, 0.9240843057, 0.26771657196, 0.183122121736, 0.991374051666, 0.428503118499, 0.874337800363, 0.842022400985, 0.18008300669, 0.514096598155, 0.756664462424, 0.843713409527, 0.720200717583, 0.866043222753, 0.630055102333, 0.00975813184951, 0.706662704094, 0.942429191761, 0.881183044083, 0.990213626365, 0.217145580474, 0.21538864625, 3185.0
0.774274696231, 0.927467162124, 0.634567074349, 0.691105685028, 0.154653968179, 0.0397398988469, 0.139734933365, 0.0745878013228, 0.155588628297, 0.194317999105, 0.982863210879, 0.996114120847, 0.0873610847899, 0.715387505722, 0.988896851086, 0.901955404662, 0.630564005784, 0.680602674897, 0.521855050546, 0.0633710715696, 0.624802566827, 0.983832680711, 0.821746304644, 0.635503266257, 0.356603206954, 0.955027853636, 3185.0
0.917234841464, 0.673445300166, 0.634567074349, 0.568663860779, 0.382138997784, 0.11397819676, 0.512221428846, 0.0726172666166, 0.976300679684, 0.886167272056, 0.832038147505, 0.996114120847, 0.438600839678, 0.514096598155, 0.756664462424, 0.901955404662, 0.969693110431, 0.915135482627, 0.630055102333, 0.116380474576, 0.624802566827, 0.756649135335, 0.79044915614, 0.74610375944, 0.427557389125, 0.21538864625, 3185.0
0.774274696231, 0.927467162124, 0.634567074349, 0.658273766654, 0.31755896417, 0.0874748637493, 0.353402565312, 0.0206201511089, 0.528140827284, 0.735093150161, 0.789074346973, 0.996114120847, 0.125805244894, 0.715387505722, 0.988896851086, 0.838737535719, 0.630564005784, 0.680602674897, 0.521855050546, 0.0633710715696, 0.706662704094, 0.983832680711, 0.736735545608, 0.633726814318, 0.356603206954, 0.0861416636088, 3185.0
0.774274696231, 0.967157048052, 0.634567074349, 0.661446233786, 0.396647103811, 0.245765854666, 0.331805215377, 0.0745878013228, 0.472413429149, 0.178412891786, 0.930001160107, 0.765892400273, 0.125805244894, 0.715387505722, 0.756664462424, 0.787956564938, 0.914707663905, 0.919422494661, 0.803556263218, 0.127409427023, 0.723797781587, 0.983832680711, 0.821746304644, 0.58055687648, 0.356603206954, 0.203731898452, 3185.0
0.651651174308, 0.978898923066, 0.634567074349, 0.568663860779, 0.14649777208, 0.0870090828103, 0.512221428846, 0.43467213026, 0.976300679684, 0.815047362408, 0.832038147505, 0.789453415902, 0.0752780287402, 0.514096598155, 0.756664462424, 0.901955404662, 0.969693110431, 0.579238062781, 0.630055102333, 0.0955942098435, 0.919745610379, 0.756649135335, 0.622366514257, 0.74610375944, 0.427557389125, 0.21538864625, 3185.0
0.771153846105, 0.780531931739, 0.948229220579, 0.568663860779, 0.22825206698, 0.162839923756, 0.26771657196, 0.183122121736, 0.991374051666, 0.0844017847681, 0.903767296959, 0.60449456888, 0.0401928287832, 0.514096598155, 0.756664462424, 0.838737535719, 0.720200717583, 0.870739086468, 0.630055102333, 0.00132699260546, 0.706662704094, 0.988146347768, 0.79044915614, 0.990213626365, 0.217145580474, 0.21538864625, 3185.0
0.771153846105, 0.673445300166, 0.857849904126, 0.509782902438, 0.258277009901, 0.672519560697, 0.512221428846, 0.339773037527, 0.976300679684, 0.553210312106, 0.679158030521, 0.996114120847, 0.0445229070608, 0.999773907206, 0.756664462424, 0.838737535719, 0.720200717583, 0.866043222753, 0.598451089649, 0.000259245930817, 0.706662704094, 0.746884220019, 0.79044915614, 0.997514012012, 0.278546466813, 0.21538864625, 3185.0
0.774274696231, 0.927467162124, 0.634567074349, 0.903865788404, 0.03776355621, 0.0874748637493, 0.353402565312, 0.0206201511089, 0.528140827284, 0.178412891786, 0.874337800363, 0.996114120847, 0.125805244894, 0.622859801248, 0.988896851086, 0.838737535719, 0.630564005784, 0.680602674897, 0.521855050546, 0.398744515302, 0.769275928938, 0.983832680711, 0.821746304644, 0.58055687648, 0.356603206954, 0.0861416636088, 3185.0
0.774274696231, 0.927467162124, 0.634567074349, 0.658273766654, 0.154653968179, 0.0191715556185, 0.139734933365, 0.0745878013228, 0.855583848654, 0.194317999105, 0.679158030521, 0.650385088356, 0.125805244894, 0.922397720172, 0.988896851086, 0.901955404662, 0.535291847984, 0.680602674897, 0.521855050546, 0.0145903956986, 0.624802566827, 0.972162756849, 0.953000356316, 0.990213626365, 0.356603206954, 0.955027853636, 3185.0
0.957017179043, 0.673445300166, 0.634567074349, 0.568663860779, 0.413869547521, 0.11397819676, 0.512221428846, 0.267841878996, 0.976300679684, 0.921157770659, 0.832038147505, 0.731395992783, 0.438600839678, 0.514096598155, 0.756664462424, 0.838737535719, 0.969693110431, 0.850319346554, 0.630055102333, 0.0131450823122, 0.64003136498, 0.821663161547, 0.79044915614, 0.864705760547, 0.427557389125, 0.21538864625, 3185.0
0.571371682993, 0.927467162124, 0.992487397725, 0.658273766654, 0.385401016772, 0.105218707763, 0.226393341786, 0.403938502754, 0.165339099136, 0.24007268892, 0.78809225974, 0.712732380313, 0.204746264113, 0.549476655076, 0.511753178903, 0.901955404662, 0.568911822833, 0.76046245659, 0.790738435001, 0.332276253972, 0.678072636104, 0.995359775827, 0.645737737819, 0.633726814318, 0.0775895789824, 0.955027853636, 3185.0
0.771153846105, 0.780531931739, 0.829219037884, 0.955730172789, 0.22825206698, 0.162839923756, 0.26771657196, 0.183122121736, 0.991374051666, 0.0844017847681, 0.903767296959, 0.899298317395, 0.18008300669, 0.514096598155, 0.756664462424, 0.838737535719, 0.720200717583, 0.866043222753, 0.695414730297, 0.00233775210858, 0.706662704094, 0.988146347768, 0.79044915614, 0.990213626365, 0.217145580474, 0.21538864625, 3185.0
0.59681644463, 0.673445300166, 0.634567074349, 0.568663860779, 0.246693351201, 0.11397819676, 0.139734933365, 0.37489422291, 0.976300679684, 0.815047362408, 0.832038147505, 0.996114120847, 0.438600839678, 0.888007183312, 0.756664462424, 0.901955404662, 0.969693110431, 0.681348337848, 0.630055102333, 0.116380474576, 0.661828625208, 0.756649135335, 0.79044915614, 0.74610375944, 0.427557389125, 0.21538864625, 3185.0
0.713454031689, 0.543588510651, 0.933347780044, 0.568663860779, 0.0155101315477, 0.162839923756, 0.512221428846, 0.0650617095116, 0.984308975204, 0.843481356631, 0.832038147505, 0.985939267549, 0.0752780287402, 0.657647521819, 0.756664462424, 0.838737535719, 0.764449865453, 0.725567843066, 0.876959940396, 0.419701032742, 0.624802566827, 0.578845593648, 0.79044915614, 0.500224599813, 0.356603206954, 0.21538864625, 3185.0
0.771153846105, 0.673445300166, 0.964842306721, 0.691105685028, 0.22825206698, 0.9240843057, 0.26771657196, 0.183122121736, 0.995765642981, 0.463536335271, 0.989325717036, 0.842022400985, 0.18008300669, 0.514096598155, 0.756664462424, 0.843713409527, 0.720200717583, 0.866043222753, 0.630055102333, 0.00975813184951, 0.706662704094, 0.977623447781, 0.881183044083, 0.990213626365, 0.217145580474, 0.21538864625, 3185.0
0.835447685347, 0.905381808214, 0.857849904126, 0.568663860779, 0.181059571016, 0.177645249945, 0.121654597563, 0.267841878996, 0.5645758298, 0.0108330258069, 0.903767296959, 0.567624523352, 0.262822439221, 0.514096598155, 0.756664462424, 0.838737535719, 0.720200717583, 0.866043222753, 0.630055102333, 0.00975813184951, 0.723797781587, 0.899642043089, 0.961503226243, 0.500224599813, 0.356603206954, 0.21538864625, 3185.0
0.774274696231, 0.967157048052, 0.634567074349, 0.661446233786, 0.201446028703, 0.245765854666, 0.331805215377, 0.0745878013228, 0.472413429149, 0.178412891786, 0.930001160107, 0.996114120847, 0.125805244894, 0.715387505722, 0.756664462424, 0.787956564938, 0.914707663905, 0.919422494661, 0.521855050546, 0.329492718243, 0.723797781587, 0.983832680711, 0.821746304644, 0.58055687648, 0.356603206954, 0.203731898452, 3185.0
0.651651174308, 0.978898923066, 0.634567074349, 0.568663860779, 0.246693351201, 0.588459992794, 0.512221428846, 0.43467213026, 0.51688364288, 0.815047362408, 0.832038147505, 0.789453415902, 0.0752780287402, 0.604419283932, 0.756664462424, 0.901955404662, 0.969693110431, 0.579238062781, 0.630055102333, 0.0955942098435, 0.919745610379, 0.756649135335, 0.79044915614, 0.990213626365, 0.427557389125, 0.21538864625, 3185.0
0.771153846105, 0.673445300166, 0.634567074349, 0.568663860779, 0.218623293869, 0.0467313283554, 0.139734933365, 0.37489422291, 0.976300679684, 0.815047362408, 0.832038147505, 0.996114120847, 0.438600839678, 0.514096598155, 0.846178811773, 0.901955404662, 0.969693110431, 0.681348337848, 0.630055102333, 0.116380474576, 0.624802566827, 0.756649135335, 0.79044915614, 0.74610375944, 0.35888289731, 0.21538864625, 3185.0
0.59681644463, 0.927467162124, 0.933347780044, 0.671637380431, 0.201446028703, 0.162839923756, 0.26771657196, 0.183122121736, 0.991374051666, 0.0844017847681, 0.995134245178, 0.60449456888, 0.18008300669, 0.514096598155, 0.756664462424, 0.838737535719, 0.720200717583, 0.866043222753, 0.630055102333, 0.00214233214135, 0.600160271133, 0.956651651353, 0.79044915614, 0.58055687648, 0.0296022124242, 0.21538864625, 3185.0
0.774274696231, 0.673445300166, 0.634567074349, 0.903865788404, 0.03776355621, 0.0874748637493, 0.353402565312, 0.0206201511089, 0.528140827284, 0.586795431895, 0.874337800363, 0.999443291015, 0.125805244894, 0.715387505722, 0.997710653661, 0.838737535719, 0.630564005784, 0.680602674897, 0.521855050546, 0.398744515302, 0.763643066026, 0.966640898361, 0.821746304644, 0.990213626365, 0.356603206954, 0.236113945352, 3185.0
0.644712435187, 0.927467162124, 0.634567074349, 0.658273766654, 0.154653968179, 0.0191715556185, 0.139734933365, 0.0741423972724, 0.754630653292, 0.194317999105, 0.702964172961, 0.996114120847, 0.125805244894, 0.922397720172, 0.988896851086, 0.901955404662, 0.535291847984, 0.680602674897, 0.521855050546, 0.0633710715696, 0.624802566827, 0.983832680711, 0.824551006918, 0.990213626365, 0.356603206954, 0.955027853636, 3185.0
0.767187050186, 0.673445300166, 0.634567074349, 0.568663860779, 0.413869547521, 0.11397819676, 0.512221428846, 0.267841878996, 0.976300679684, 0.815047362408, 0.832038147505, 0.996114120847, 0.438600839678, 0.514096598155, 0.758760431073, 0.838737535719, 0.969693110431, 0.850319346554, 0.630055102333, 0.116380474576, 0.624802566827, 0.756649135335, 0.79044915614, 0.74610375944, 0.427557389125, 0.21538864625, 3185.0
0.771153846105, 0.686448449062, 0.948229220579, 0.955730172789, 0.22825206698, 0.162839923756, 0.26771657196, 0.183122121736, 0.991374051666, 0.0844017847681, 0.903767296959, 0.60449456888, 0.18008300669, 0.514096598155, 0.756664462424, 0.838737535719, 0.720200717583, 0.866043222753, 0.695414730297, 0.00975813184951, 0.706662704094, 0.994042139397, 0.79044915614, 0.990213626365, 0.217145580474, 0.21538864625, 3185.0
0.879317488377, 0.594657040397, 0.575679435666, 0.995229210016, 0.398123912735, 0.342596881203, 0.549271544314, 0.158031591775, 0.997341589277, 0.911762717825, 0.999998930358, 0.931508638442, 0.252547291608, 0.830855440463, 0.956838702831, 0.687173657251, 0.566343914764, 0.995500578126, 0.81138574011, 0.570429378307, 0.435543341656, 0.357774451336, 0.00131701036353, 0.112811587128, 0.0351866827252, 0.145277616734, 3216.0
0.879317488377, 0.594657040397, 0.950824228817, 0.995229210016, 0.194447876655, 0.342596881203, 0.549271544314, 0.158031591775, 0.997341589277, 0.911762717825, 0.999998600209, 0.805060647398, 0.0271884131314, 0.830855440463, 0.956838702831, 0.687173657251, 0.566343914764, 0.793247237793, 0.972432464105, 0.570429378307, 0.203013876674, 0.357774451336, 0.00131701036353, 0.256152249579, 0.0353036746424, 0.145277616734, 3216.0
0.930046013949, 0.985252833118, 0.81613096216, 0.99389065341, 0.340395725247, 0.448218358821, 0.304574782024, 0.33407687104, 0.997341589277, 0.911762717825, 0.999998619211, 0.965810509869, 0.258744644369, 0.997772685311, 0.832596718367, 0.886314319868, 0.566343914764, 0.802780190735, 0.972432464105, 0.570429378307, 0.257613206018, 0.403279355387, 0.000363305054298, 0.256152249579, 0.0351866827252, 0.145277616734, 3216.0
0.929885775525, 0.594657040397, 0.81613096216, 0.99389065341, 0.460457131217, 0.448218358821, 0.665017606446, 0.158031591775, 0.997341589277, 0.911762717825, 0.999998600209, 0.907913232169, 0.0250007125875, 0.750914502425, 0.832596718367, 0.687173657251, 0.614420259167, 0.963484252259, 0.972432464105, 0.570429378307, 0.257613206018, 0.000238114333603, 0.000363305054298, 0.158007819865, 0.0351866827252, 0.145277616734, 3216.0
0.879317488377, 0.598826697492, 0.950824228817, 0.994902853081, 0.398123912735, 0.342596881203, 0.946054696344, 0.158031591775, 0.997341589277, 0.922465084206, 0.999998600209, 0.905076990184, 0.0271884131314, 0.830855440463, 0.956838702831, 0.687173657251, 0.566343914764, 0.793247237793, 0.81138574011, 0.570429378307, 0.257613206018, 0.357774451336, 0.00131701036353, 0.256152249579, 0.0353036746424, 0.0612364735325, 3216.0
0.879317488377, 0.594657040397, 0.598255571275, 0.99389065341, 0.398123912735, 0.342596881203, 0.389336881923, 0.158031591775, 0.997964131601, 0.911762717825, 0.999998600209, 0.620566300514, 0.171143100942, 0.830855440463, 0.956838702831, 0.687173657251, 0.566343914764, 0.934429327549, 0.81138574011, 0.570429378307, 0.000330672445134, 0.357774451336, 0.00131701036353, 0.174774552277, 0.375919302374, 0.105433085272, 3216.0
0.68755188849, 0.594657040397, 0.761654328241, 0.99389065341, 0.398123912735, 0.848979437888, 0.549271544314, 0.127639160353, 0.997341589277, 0.0930994878245, 0.999999657531, 0.999826448444, 0.252547291608, 0.875142866185, 0.747273997553, 0.687173657251, 0.925813698604, 0.934429327549, 0.81138574011, 0.788579597938, 0.0776837813007, 0.357774451336, 0.00131701036353, 0.256152249579, 0.0281074248645, 0.127518035239, 3216.0
0.929885775525, 0.594657040397, 0.81613096216, 0.99389065341, 0.460457131217, 0.448218358821, 0.304574782024, 0.0979861740078, 0.997341589277, 0.911762717825, 0.588459273616, 0.965810509869, 0.252547291608, 0.993022012282, 0.832596718367, 0.704545031573, 0.566343914764, 0.963484252259, 0.972432464105, 0.743185783289, 0.257613206018, 0.357774451336, 0.000363305054298, 0.256152249579, 0.0353036746424, 0.145277616734, 3216.0
0.929885775525, 0.594657040397, 0.81613096216, 0.99389065341, 0.452322553591, 0.448218358821, 0.000525702002569, 0.158031591775, 0.997964131601, 0.999511292765, 0.999998600209, 0.580240619099, 0.418382427471, 0.907833336436, 0.832596718367, 0.687173657251, 0.614420259167, 0.660112385443, 0.81138574011, 0.957844155559, 0.257613206018, 0.357774451336, 0.000363305054298, 0.256152249579, 0.0353036746424, 0.145277616734, 3216.0
0.879317488377, 0.594657040397, 0.598255571275, 0.933928597703, 0.398123912735, 0.342596881203, 0.389336881923, 0.158031591775, 0.99975001685, 0.911762717825, 0.999998600209, 0.715672692768, 0.252547291608, 0.899576743768, 0.956838702831, 0.687173657251, 0.566343914764, 0.934429327549, 0.81138574011, 0.533005137549, 0.247280251348, 0.357774451336, 0.00131701036353, 0.46240149501, 0.0353036746424, 0.145277616734, 3216.0
0.879317488377, 0.594657040397, 0.885856597593, 0.993921618911, 0.452322553591, 0.158685495941, 0.682612858327, 0.134347220239, 0.997341589277, 0.911762717825, 0.999998600209, 0.580240619099, 0.252547291608, 0.830855440463, 0.607534528921, 0.630039602989, 0.932034024519, 0.934429327549, 0.963958178233, 0.815655111386, 0.257613206018, 0.000559875225534, 0.144069687766, 0.256152249579, 0.0353036746424, 0.145277616734, 3216.0
0.68755188849, 0.594657040397, 0.761654328241, 0.99389065341, 0.398123912735, 0.848979437888, 0.549271544314, 0.127639160353, 0.998359027084, 0.973868304428, 0.999999657531, 0.999826448444, 0.114122006991, 0.875142866185, 0.956838702831, 0.687173657251, 0.925813698604, 0.934429327549, 0.698588918192, 0.688947341982, 0.105948670868, 0.357774451336, 0.00131701036353, 0.256152249579, 0.0281074248645, 0.127518035239, 3216.0
0.929885775525, 0.594657040397, 0.81613096216, 0.99389065341, 0.460457131217, 0.448218358821, 0.304574782024, 0.0888403911392, 0.998016430961, 0.500653284605, 0.999999476542, 0.965810509869, 0.252547291608, 0.993022012282, 0.832596718367, 0.687173657251, 0.614420259167, 0.963484252259, 0.529365846455, 0.919489073446, 0.257613206018, 0.000559875225534, 0.000363305054298, 0.256152249579, 0.0178218267912, 0.145277616734, 3216.0
0.879317488377, 0.594657040397, 0.598255571275, 0.99389065341, 0.452322553591, 0.342596881203, 0.389336881923, 0.158031591775, 0.997341589277, 0.911762717825, 0.99999892163, 0.620566300514, 0.171143100942, 0.830855440463, 0.956838702831, 0.687173657251, 0.566343914764, 0.934429327549, 0.81138574011, 0.570429378307, 0.247280251348, 0.357774451336, 0.000670572119303, 0.256152249579, 0.0353036746424, 0.145277616734, 3216.0
0.879317488377, 0.807979331173, 0.926828632083, 0.99389065341, 0.398123912735, 0.158685495941, 0.846173340095, 0.134347220239, 0.997964131601, 0.994999054174, 0.999998764508, 0.580240619099, 0.252547291608, 0.830855440463, 0.832596718367, 0.687173657251, 0.566343914764, 0.799372745221, 0.963958178233, 0.49547779474, 0.115997309506, 0.000559875225534, 0.115825876648, 0.256152249579, 0.0353036746424, 0.291209012104, 3216.0
0.929885775525, 0.842470625489, 0.81613096216, 0.99389065341, 0.460457131217, 0.448218358821, 0.665017606446, 0.158031591775, 0.997341589277, 0.911762717825, 0.999998600209, 0.907913232169, 0.252547291608, 0.993022012282, 0.832596718367, 0.780964715588, 0.614420259167, 0.963484252259, 0.972432464105, 0.994634682714, 0.257613206018, 0.000238114333603, 0.000363305054298, 0.158007819865, 0.0351866827252, 0.145277616734, 3216.0
0.879317488377, 0.594657040397, 0.950824228817, 0.561650387063, 0.398123912735, 0.342596881203, 0.946054696344, 0.158031591775, 0.997341589277, 0.911762717825, 0.999998600209, 0.805060647398, 0.0271884131314, 0.830855440463, 0.956838702831, 0.687173657251, 0.566343914764, 0.793247237793, 0.81138574011, 0.570429378307, 0.257613206018, 0.357774451336, 0.00131701036353, 0.256152249579, 0.0353036746424, 0.152666495079, 3216.0
0.879317488377, 0.594657040397, 0.598255571275, 0.999444315395, 0.398123912735, 0.404857793335, 0.389336881923, 0.158031591775, 0.997964131601, 0.911762717825, 0.999998600209, 0.620566300514, 0.171143100942, 0.830855440463, 0.956838702831, 0.687173657251, 0.566343914764, 0.934429327549, 0.81138574011, 0.570429378307, 0.00110169674018, 0.357774451336, 0.00131701036353, 0.1774702682, 0.375919302374, 0.145277616734, 3216.0
0.941605109618, 0.594657040397, 0.913468213987, 0.99389065341, 0.340395725247, 0.158685495941, 0.866954969215, 0.158031591775, 0.997341589277, 0.911762717825, 0.978722545113, 0.66512702326, 0.258744644369, 0.997772685311, 0.832596718367, 0.687173657251, 0.566343914764, 0.963484252259, 0.963958178233, 0.570429378307, 0.257613206018, 0.403279355387, 0.000151641846618, 0.256152249579, 0.0353036746424, 0.121660695505, 3216.0
0.929885775525, 0.964333533215, 0.81613096216, 0.998517656678, 0.452322553591, 0.0400333760958, 0.142884850968, 0.134347220239, 0.997669981711, 0.966938165735, 0.999998600209, 0.580240619099, 0.114122006991, 0.923169146788, 0.832596718367, 0.630039602989, 0.566343914764, 0.934429327549, 0.563722436819, 0.570429378307, 0.257613206018, 0.357774451336, 0.000363305054298, 0.450139247821, 0.00800432339612, 0.194735270675, 3216.0
0.879317488377, 0.656683326032, 0.81613096216, 0.995229210016, 0.115611368107, 0.162195817618, 0.549271544314, 0.158031591775, 0.997341589277, 0.911762717825, 0.934782581122, 0.642126566393, 0.157156624875, 0.830855440463, 0.956838702831, 0.687173657251, 0.566343914764, 0.987712893109, 0.81138574011, 0.570429378307, 0.0586427748262, 0.298329262769, 0.00131701036353, 0.395178520151, 0.0353036746424, 0.145277616734, 3216.0
0.923333916584, 0.594657040397, 0.913797825759, 0.998721731214, 0.398123912735, 0.645078811054, 0.549271544314, 0.127639160353, 0.997770402097, 0.917903559996, 0.999998600209, 0.979724848288, 0.252547291608, 0.830855440463, 0.832596718367, 0.849881236664, 0.566343914764, 0.968042820775, 0.81138574011, 0.570429378307, 0.105948670868, 0.357774451336, 0.00131701036353, 0.256152249579, 0.0353036746424, 0.79959447289, 3216.0
0.908286115647, 0.594657040397, 0.57308638854, 0.996303237381, 0.452322553591, 0.342596881203, 0.304574782024, 0.158031591775, 0.997341589277, 0.911762717825, 0.999998608776, 0.907913232169, 0.252547291608, 0.989464309007, 0.832596718367, 0.708493405211, 0.566343914764, 0.934429327549, 0.844515576428, 0.620547648949, 0.241645153696, 0.341789006323, 7.82264950105e-06, 0.256152249579, 0.00121954671967, 0.0650862939218, 3216.0
0.929885775525, 0.594657040397, 0.81613096216, 0.99389065341, 0.452322553591, 0.448218358821, 0.304574782024, 0.0102078776885, 0.997341589277, 0.911762717825, 0.999999476542, 0.965810509869, 0.252547291608, 0.993022012282, 0.533247629822, 0.687173657251, 0.614420259167, 0.963484252259, 0.972432464105, 0.568652586033, 0.257613206018, 0.292685288157, 0.000363305054298, 0.256152249579, 0.0353036746424, 0.145277616734, 3216.0
0.929885775525, 0.594657040397, 0.858343368179, 0.99389065341, 0.460457131217, 0.448218358821, 0.000525702002569, 0.158031591775, 0.997964131601, 0.999511292765, 0.999998600209, 0.580240619099, 0.171143100942, 0.907833336436, 0.832596718367, 0.687173657251, 0.566343914764, 0.660112385443, 0.81138574011, 0.570429378307, 0.257613206018, 0.357774451336, 0.000363305054298, 0.256152249579, 0.0353036746424, 0.145277616734, 3216.0
0.879317488377, 0.876558230964, 0.598255571275, 0.933928597703, 0.398123912735, 0.342596881203, 0.389336881923, 0.158031591775, 0.997669981711, 0.911762717825, 0.999998600209, 0.715672692768, 0.252547291608, 0.830855440463, 0.956838702831, 0.722334977658, 0.60123847024, 0.934429327549, 0.81138574011, 0.570429378307, 0.247280251348, 0.357774451336, 0.00131701036353, 0.256152249579, 0.0353036746424, 0.145277616734, 3216.0
0.879317488377, 0.594657040397, 0.950824228817, 0.995229210016, 0.194447876655, 0.342596881203, 0.549271544314, 0.158031591775, 0.997341589277, 0.911762717825, 0.999998600209, 0.805060647398, 0.0271884131314, 0.830855440463, 0.956838702831, 0.687173657251, 0.566343914764, 0.793247237793, 0.972432464105, 0.570429378307, 0.203013876674, 0.357774451336, 0.00131701036353, 0.256152249579, 0.0353036746424, 0.145277616734, 3216.0
0.879317488377, 0.594657040397, 0.575679435666, 0.995229210016, 0.398123912735, 0.342596881203, 0.549271544314, 0.158031591775, 0.997341589277, 0.911762717825, 0.999998930358, 0.931508638442, 0.252547291608, 0.830855440463, 0.956838702831, 0.687173657251, 0.566343914764, 0.995500578126, 0.81138574011, 0.570429378307, 0.435543341656, 0.357774451336, 0.00131701036353, 0.112811587128, 0.0351866827252, 0.145277616734, 3216.0
0.930046013949, 0.985252833118, 0.81613096216, 0.99389065341, 0.340395725247, 0.448218358821, 0.304574782024, 0.33407687104, 0.997341589277, 0.911762717825, 0.999998619211, 0.965810509869, 0.258744644369, 0.997772685311, 0.832596718367, 0.886314319868, 0.566343914764, 0.802780190735, 0.972432464105, 0.570429378307, 0.257613206018, 0.403279355387, 0.000363305054298, 0.256152249579, 0.0351866827252, 0.145277616734, 3216.0
0.929885775525, 0.594657040397, 0.81613096216, 0.99389065341, 0.460457131217, 0.448218358821, 0.665017606446, 0.158031591775, 0.997341589277, 0.911762717825, 0.999998600209, 0.907913232169, 0.0250007125875, 0.750914502425, 0.832596718367, 0.687173657251, 0.614420259167, 0.963484252259, 0.972432464105, 0.570429378307, 0.257613206018, 0.000238114333603, 0.000363305054298, 0.158007819865, 0.0351866827252, 0.145277616734, 3216.0
0.879317488377, 0.598826697492, 0.950824228817, 0.994902853081, 0.398123912735, 0.342596881203, 0.946054696344, 0.158031591775, 0.997341589277, 0.922465084206, 0.999998600209, 0.905076990184, 0.0271884131314, 0.830855440463, 0.956838702831, 0.687173657251, 0.566343914764, 0.793247237793, 0.81138574011, 0.570429378307, 0.257613206018, 0.357774451336, 0.00131701036353, 0.256152249579, 0.0353036746424, 0.0612364735325, 3216.0
0.879317488377, 0.594657040397, 0.598255571275, 0.99389065341, 0.398123912735, 0.342596881203, 0.389336881923, 0.158031591775, 0.997964131601, 0.911762717825, 0.999998600209, 0.620566300514, 0.171143100942, 0.830855440463, 0.956838702831, 0.687173657251, 0.566343914764, 0.934429327549, 0.81138574011, 0.570429378307, 0.000330672445134, 0.357774451336, 0.00131701036353, 0.174774552277, 0.375919302374, 0.105433085272, 3216.0
0.68755188849, 0.594657040397, 0.761654328241, 0.99389065341, 0.398123912735, 0.848979437888, 0.549271544314, 0.127639160353, 0.997341589277, 0.0930994878245, 0.999999657531, 0.999826448444, 0.252547291608, 0.875142866185, 0.747273997553, 0.687173657251, 0.925813698604, 0.934429327549, 0.81138574011, 0.788579597938, 0.0776837813007, 0.357774451336, 0.00131701036353, 0.256152249579, 0.0281074248645, 0.127518035239, 3216.0
0.929885775525, 0.594657040397, 0.81613096216, 0.99389065341, 0.460457131217, 0.448218358821, 0.304574782024, 0.0979861740078, 0.997341589277, 0.911762717825, 0.588459273616, 0.965810509869, 0.252547291608, 0.993022012282, 0.832596718367, 0.704545031573, 0.566343914764, 0.963484252259, 0.972432464105, 0.743185783289, 0.257613206018, 0.357774451336, 0.000363305054298, 0.256152249579, 0.0353036746424, 0.145277616734, 3216.0
0.929885775525, 0.594657040397, 0.81613096216, 0.99389065341, 0.452322553591, 0.448218358821, 0.000525702002569, 0.158031591775, 0.997964131601, 0.999511292765, 0.999998600209, 0.580240619099, 0.418382427471, 0.907833336436, 0.832596718367, 0.687173657251, 0.614420259167, 0.660112385443, 0.81138574011, 0.957844155559, 0.257613206018, 0.357774451336, 0.000363305054298, 0.256152249579, 0.0353036746424, 0.145277616734, 3216.0
0.879317488377, 0.594657040397, 0.598255571275, 0.933928597703, 0.398123912735, 0.342596881203, 0.389336881923, 0.158031591775, 0.99975001685, 0.911762717825, 0.999998600209, 0.715672692768, 0.252547291608, 0.899576743768, 0.956838702831, 0.687173657251, 0.566343914764, 0.934429327549, 0.81138574011, 0.533005137549, 0.247280251348, 0.357774451336, 0.00131701036353, 0.46240149501, 0.0353036746424, 0.145277616734, 3216.0
