0.588098080496, 0.957883272286, 0.963869356828, 0.719559824765, 0.0447080290018, 0.736859073945, 0.00297848227355, 0.598866132735, 0.165339099136, 0.784742598412, 0.521266277906, 0.58079378519, 0.195628345319, 0.614258882403, 0.511753178903, 0.787956564938, 0.779959733912, 0.828876834435, 0.701992087822, 0.00678328899, 0.699273792807, 0.530533099443, 0.993192961724, 0.998539505877, 0.376658630623, 0.80981388259, 2986.0
0.953791819221, 0.957883272286, 0.992487397725, 0.719559824765, 0.441425265873, 0.684684770778, 0.527974313485, 0.670043519433, 0.0108019738755, 0.990517373134, 0.521266277906, 0.58079378519, 0.00276435462866, 0.629276487066, 0.511753178903, 0.502421771618, 0.713962626295, 0.879473563887, 0.74676048849, 0.954830443254, 0.699273792807, 0.997943728962, 0.939492377095, 0.633726814318, 0.110379699967, 0.792135194439, 2986.0
0.930046013949, 0.985252833118, 0.81613096216, 0.99389065341, 0.340395725247, 0.448218358821, 0.304574782024, 0.65343524147, 0.997341589277, 0.911762717825, 0.999998619211, 0.907913232169, 0.258744644369, 0.997772685311, 0.832596718367, 0.886314319868, 0.566343914764, 0.802780190735, 0.978781280537, 0.570429378307, 0.257613206018, 0.403279355387, 0.000363305054298, 0.256152249579, 0.0351866827252, 0.145277616734, 2986.0
0.588098080496, 0.957883272286, 0.963869356828, 0.719559824765, 0.0447080290018, 0.736859073945, 0.00297848227355, 0.598866132735, 0.165339099136, 0.784742598412, 0.521266277906, 0.58079378519, 0.195628345319, 0.614258882403, 0.511753178903, 0.787956564938, 0.779959733912, 0.828876834435, 0.701992087822, 0.00678328899, 0.699273792807, 0.530533099443, 0.993192961724, 0.998539505877, 0.376658630623, 0.80981388259, 2986.0
0.953791819221, 0.957883272286, 0.992487397725, 0.719559824765, 0.441425265873, 0.684684770778, 0.527974313485, 0.670043519433, 0.0108019738755, 0.990517373134, 0.521266277906, 0.58079378519, 0.00276435462866, 0.629276487066, 0.511753178903, 0.502421771618, 0.713962626295, 0.879473563887, 0.74676048849, 0.954830443254, 0.699273792807, 0.997943728962, 0.939492377095, 0.633726814318, 0.110379699967, 0.792135194439, 2986.0
0.930046013949, 0.985252833118, 0.81613096216, 0.99389065341, 0.340395725247, 0.448218358821, 0.304574782024, 0.65343524147, 0.997341589277, 0.911762717825, 0.999998619211, 0.907913232169, 0.258744644369, 0.997772685311, 0.832596718367, 0.886314319868, 0.566343914764, 0.802780190735, 0.978781280537, 0.570429378307, 0.257613206018, 0.403279355387, 0.000363305054298, 0.256152249579, 0.0351866827252, 0.145277616734, 2986.0
0.59681644463, 0.673445300166, 0.634567074349, 0.671637380431, 0.201446028703, 0.162839923756, 0.26771657196, 0.183122121736, 0.991374051666, 0.0844017847681, 0.995134245178, 0.60449456888, 0.155961444009, 0.514096598155, 0.756664462424, 0.838737535719, 0.720200717583, 0.866043222753, 0.630055102333, 0.520318368813, 0.600160271133, 0.956651651353, 0.79044915614, 0.74610375944, 0.0296022124242, 0.024551225756, 3161.0
0.771153846105, 0.780531931739, 0.948229220579, 0.568663860779, 0.22825206698, 0.162839923756, 0.26771657196, 0.183122121736, 0.991374051666, 0.0844017847681, 0.903767296959, 0.789453415902, 0.0401928287832, 0.514096598155, 0.756664462424, 0.838737535719, 0.905335014833, 0.870739086468, 0.801250255512, 0.697857633039, 0.919745610379, 0.988146347768, 0.79044915614, 0.990213626365, 0.217145580474, 0.21538864625, 3161.0
0.59681644463, 0.673445300166, 0.634567074349, 0.671637380431, 0.201446028703, 0.162839923756, 0.26771657196, 0.183122121736, 0.991374051666, 0.0844017847681, 0.995134245178, 0.60449456888, 0.155961444009, 0.514096598155, 0.756664462424, 0.838737535719, 0.720200717583, 0.866043222753, 0.630055102333, 0.520318368813, 0.600160271133, 0.956651651353, 0.79044915614, 0.74610375944, 0.0296022124242, 0.024551225756, 3161.0
0.771153846105, 0.780531931739, 0.948229220579, 0.568663860779, 0.22825206698, 0.162839923756, 0.26771657196, 0.183122121736, 0.991374051666, 0.0844017847681, 0.903767296959, 0.789453415902, 0.0401928287832, 0.514096598155, 0.756664462424, 0.838737535719, 0.905335014833, 0.870739086468, 0.801250255512, 0.697857633039, 0.919745610379, 0.988146347768, 0.79044915614, 0.990213626365, 0.217145580474, 0.21538864625, 3161.0
0.588098080496, 0.666275744303, 0.998022644777, 0.719559824765, 0.0447080290018, 0.736859073945, 0.00297848227355, 0.0206201511089, 0.404860771591, 0.784742598412, 0.78809225974, 0.531777949681, 0.100643993353, 0.614258882403, 0.98556002055, 0.759911907571, 0.715724926109, 0.828876834435, 0.701992087822, 0.219010317984, 0.634052724966, 0.780803933214, 0.636297198636, 0.998539505877, 0.376658630623, 0.80981388259, 3185.0
0.774274696231, 0.532126398426, 0.634567074349, 0.903865788404, 0.0566197156807, 0.0874748637493, 0.547738354987, 0.286528678004, 0.528140827284, 0.178412891786, 0.874337800363, 0.996114120847, 0.125805244894, 0.715387505722, 0.988896851086, 0.838737535719, 0.630564005784, 0.587129875494, 0.521855050546, 0.140735925524, 0.661828625208, 0.983832680711, 0.821746304644, 0.58055687648, 0.356603206954, 0.0861416636088, 3185.0
0.851398055622, 0.532003819243, 0.634567074349, 0.658273766654, 0.201446028703, 0.108116753056, 0.412819621294, 0.0745878013228, 0.754630653292, 0.815047362408, 0.921755895741, 0.996114120847, 0.328134931663, 0.715387505722, 0.756664462424, 0.796971840488, 0.969693110431, 0.916606428579, 0.521855050546, 0.0633710715696, 0.723797781587, 0.743880652848, 0.821746304644, 0.58055687648, 0.356603206954, 0.21538864625, 3185.0
0.917234841464, 0.846746446388, 0.634567074349, 0.568663860779, 0.382138997784, 0.11397819676, 0.512221428846, 0.0726172666166, 0.976300679684, 0.886167272056, 0.880263502002, 0.996114120847, 0.438600839678, 0.745173327783, 0.756664462424, 0.901955404662, 0.969693110431, 0.915135482627, 0.630055102333, 0.116380474576, 0.624802566827, 0.756649135335, 0.79044915614, 0.74610375944, 0.427557389125, 0.21538864625, 3185.0
0.873840161433, 0.927467162124, 0.634567074349, 0.658273766654, 0.31755896417, 0.0874748637493, 0.353402565312, 0.0206201511089, 0.528140827284, 0.735093150161, 0.789074346973, 0.996114120847, 0.125805244894, 0.715387505722, 0.988896851086, 0.838737535719, 0.630564005784, 0.680602674897, 0.521855050546, 0.0633710715696, 0.806012149989, 0.983832680711, 0.736735545608, 0.633726814318, 0.356603206954, 0.0225659600469, 3185.0
0.774274696231, 0.967157048052, 0.634567074349, 0.661446233786, 0.396647103811, 0.245765854666, 0.331805215377, 0.0745878013228, 0.472413429149, 0.352209809754, 0.930001160107, 0.765892400273, 0.125805244894, 0.715387505722, 0.756664462424, 0.787956564938, 0.914707663905, 0.919422494661, 0.803556263218, 0.127409427023, 0.723797781587, 0.983832680711, 0.821746304644, 0.58055687648, 0.356603206954, 0.203731898452, 3185.0
0.651651174308, 0.978898923066, 0.658757828654, 0.568663860779, 0.14649777208, 0.0870090828103, 0.512221428846, 0.43467213026, 0.976300679684, 0.815047362408, 0.832038147505, 0.789453415902, 0.0752780287402, 0.514096598155, 0.756664462424, 0.901955404662, 0.969693110431, 0.579238062781, 0.630055102333, 0.0955942098435, 0.919745610379, 0.756649135335, 0.622366514257, 0.74610375944, 0.427557389125, 0.21538864625, 3185.0
0.771153846105, 0.780531931739, 0.948229220579, 0.568663860779, 0.22825206698, 0.162839923756, 0.26771657196, 0.183122121736, 0.991374051666, 0.0844017847681, 0.903767296959, 0.60449456888, 0.0401928287832, 0.577402680914, 0.756664462424, 0.838737535719, 0.720200717583, 0.870739086468, 0.630055102333, 0.207637552244, 0.706662704094, 0.988146347768, 0.79044915614, 0.990213626365, 0.217145580474, 0.21538864625, 3185.0
0.774274696231, 0.927467162124, 0.634567074349, 0.658273766654, 0.154653968179, 0.0191715556185, 0.139734933365, 0.0745878013228, 0.855583848654, 0.194317999105, 0.679158030521, 0.650385088356, 0.438600839678, 0.922397720172, 0.988896851086, 0.901955404662, 0.535291847984, 0.680602674897, 0.521855050546, 0.0145903956986, 0.624802566827, 0.972162756849, 0.953000356316, 0.990213626365, 0.356603206954, 0.955027853636, 3185.0
0.957017179043, 0.673445300166, 0.634567074349, 0.568663860779, 0.413869547521, 0.11397819676, 0.512221428846, 0.267841878996, 0.976300679684, 0.921157770659, 0.83274899015, 0.731395992783, 0.125805244894, 0.514096598155, 0.756664462424, 0.838737535719, 0.969693110431, 0.850319346554, 0.630055102333, 0.0170872303931, 0.64003136498, 0.821663161547, 0.79044915614, 0.864705760547, 0.427557389125, 0.21538864625, 3185.0
0.571371682993, 0.9974987816, 0.992487397725, 0.658273766654, 0.385401016772, 0.105218707763, 0.453107691671, 0.403938502754, 0.991374051666, 0.24007268892, 0.78809225974, 0.712732380313, 0.204746264113, 0.778366616622, 0.511753178903, 0.901955404662, 0.568911822833, 0.76046245659, 0.790738435001, 0.332276253972, 0.678072636104, 0.995359775827, 0.645737737819, 0.633726814318, 0.0775895789824, 0.955027853636, 3185.0
0.771153846105, 0.780531931739, 0.829219037884, 0.955730172789, 0.22825206698, 0.162839923756, 0.26771657196, 0.183122121736, 0.165339099136, 0.0844017847681, 0.903767296959, 0.899298317395, 0.18008300669, 0.514096598155, 0.756664462424, 0.838737535719, 0.720200717583, 0.813175103015, 0.695414730297, 0.00233775210858, 0.706662704094, 0.988146347768, 0.79044915614, 0.990213626365, 0.217145580474, 0.21538864625, 3185.0
0.59681644463, 0.673445300166, 0.634567074349, 0.568663860779, 0.246693351201, 0.11397819676, 0.139734933365, 0.37489422291, 0.832556419734, 0.815047362408, 0.832038147505, 0.996114120847, 0.438600839678, 0.931443099269, 0.756664462424, 0.901955404662, 0.969693110431, 0.681348337848, 0.630055102333, 0.116380474576, 0.661828625208, 0.756649135335, 0.79044915614, 0.74610375944, 0.427557389125, 0.21538864625, 3185.0
0.713454031689, 0.543588510651, 0.933347780044, 0.568663860779, 0.0155101315477, 0.162839923756, 0.512221428846, 0.0650617095116, 0.976300679684, 0.843481356631, 0.832038147505, 0.985939267549, 0.0752780287402, 0.657647521819, 0.756664462424, 0.838737535719, 0.764449865453, 0.725567843066, 0.876959940396, 0.397373774144, 0.624802566827, 0.578845593648, 0.79044915614, 0.500224599813, 0.356603206954, 0.21538864625, 3185.0
0.835447685347, 0.905381808214, 0.857849904126, 0.568663860779, 0.181059571016, 0.177645249945, 0.121654597563, 0.267841878996, 0.5645758298, 0.0108330258069, 0.903767296959, 0.567624523352, 0.262822439221, 0.514096598155, 0.756664462424, 0.838737535719, 0.945279886459, 0.866043222753, 0.630055102333, 0.00975813184951, 0.723797781587, 0.899642043089, 0.961503226243, 0.674141725099, 0.356603206954, 0.21538864625, 3185.0
0.680450937518, 0.967157048052, 0.634567074349, 0.661446233786, 0.201446028703, 0.245765854666, 0.331805215377, 0.018342357732, 0.472413429149, 0.178412891786, 0.930001160107, 0.996114120847, 0.0883541172106, 0.715387505722, 0.756664462424, 0.787956564938, 0.969693110431, 0.919422494661, 0.521855050546, 0.329492718243, 0.723797781587, 0.983832680711, 0.821746304644, 0.58055687648, 0.356603206954, 0.203731898452, 3185.0
0.651651174308, 0.978898923066, 0.634567074349, 0.568663860779, 0.246693351201, 0.588459992794, 0.512221428846, 0.43467213026, 0.51688364288, 0.815047362408, 0.832038147505, 0.789453415902, 0.0752780287402, 0.604419283932, 0.756664462424, 0.901955404662, 0.914707663905, 0.579238062781, 0.630055102333, 0.0955942098435, 0.919745610379, 0.756649135335, 0.79044915614, 0.864157047955, 0.427557389125, 0.21538864625, 3185.0
0.771153846105, 0.673445300166, 0.634567074349, 0.568663860779, 0.218623293869, 0.0467313283554, 0.139734933365, 0.37489422291, 0.976300679684, 0.815047362408, 0.832038147505, 0.996114120847, 0.438600839678, 0.514096598155, 0.846178811773, 0.901955404662, 0.969693110431, 0.681348337848, 0.630055102333, 0.306295850324, 0.624802566827, 0.756649135335, 0.79044915614, 0.74610375944, 0.35888289731, 0.21538864625, 3185.0
0.59681644463, 0.927467162124, 0.933347780044, 0.671637380431, 0.201446028703, 0.162839923756, 0.26771657196, 0.183122121736, 0.991374051666, 0.0844017847681, 0.995134245178, 0.60449456888, 0.18008300669, 0.514096598155, 0.756664462424, 0.838737535719, 0.720200717583, 0.866043222753, 0.630055102333, 0.00214233214135, 0.600160271133, 0.996484289356, 0.531579457535, 0.58055687648, 0.0296022124242, 0.21538864625, 3185.0
0.552658311986, 0.673445300166, 0.634567074349, 0.903865788404, 0.03776355621, 0.0874748637493, 0.353402565312, 0.0206201511089, 0.528140827284, 0.586795431895, 0.874337800363, 0.999443291015, 0.125805244894, 0.63418447595, 0.997710653661, 0.838737535719, 0.630564005784, 0.680602674897, 0.521855050546, 0.398744515302, 0.763643066026, 0.966640898361, 0.821746304644, 0.990213626365, 0.356603206954, 0.236113945352, 3185.0
0.644712435187, 0.927467162124, 0.634567074349, 0.658273766654, 0.154653968179, 0.00659287130621, 0.139734933365, 0.0741423972724, 0.754630653292, 0.181375456156, 0.702964172961, 0.996114120847, 0.125805244894, 0.922397720172, 0.988896851086, 0.987763168878, 0.535291847984, 0.680602674897, 0.521855050546, 0.0633710715696, 0.624802566827, 0.983832680711, 0.824551006918, 0.990213626365, 0.356603206954, 0.999164667288, 3185.0
0.767187050186, 0.673445300166, 0.634567074349, 0.568663860779, 0.413869547521, 0.11397819676, 0.512221428846, 0.267841878996, 0.976300679684, 0.815047362408, 0.832038147505, 0.996114120847, 0.438600839678, 0.514096598155, 0.758760431073, 0.838737535719, 0.969693110431, 0.850319346554, 0.630055102333, 0.116380474576, 0.624802566827, 0.756649135335, 0.79044915614, 0.74610375944, 0.427557389125, 0.0925611570113, 3185.0
0.771153846105, 0.686448449062, 0.948229220579, 0.955730172789, 0.133506213169, 0.162839923756, 0.26771657196, 0.183122121736, 0.991374051666, 0.0521045764079, 0.903767296959, 0.60449456888, 0.18008300669, 0.514096598155, 0.756664462424, 0.838737535719, 0.720200717583, 0.866043222753, 0.695414730297, 0.00975813184951, 0.706662704094, 0.994042139397, 0.88625394954, 0.990213626365, 0.124284998972, 0.21538864625, 3185.0
0.774274696231, 0.661988107261, 0.634567074349, 0.903865788404, 0.0566197156807, 0.0874748637493, 0.353402565312, 0.0206201511089, 0.528140827284, 0.178412891786, 0.874337800363, 0.996114120847, 0.125805244894, 0.715387505722, 0.988896851086, 0.820424685291, 0.630564005784, 0.680602674897, 0.521855050546, 0.273188435497, 0.661828625208, 0.983832680711, 0.821746304644, 0.58055687648, 0.356603206954, 0.623181781527, 3185.0
0.771153846105, 0.673445300166, 0.964842306721, 0.606211113758, 0.22825206698, 0.9240843057, 0.396735980727, 0.183122121736, 0.754630653292, 0.428503118499, 0.874337800363, 0.842022400985, 0.0790057029568, 0.514096598155, 0.756664462424, 0.843713409527, 0.720200717583, 0.866043222753, 0.630055102333, 0.00975813184951, 0.706662704094, 0.953905207276, 0.881183044083, 0.990213626365, 0.217145580474, 0.21538864625, 3185.0
0.774274696231, 0.927467162124, 0.549485129159, 0.691105685028, 0.154653968179, 0.0397398988469, 0.139734933365, 0.0745878013228, 0.155588628297, 0.194317999105, 0.982863210879, 0.999503621249, 0.0873610847899, 0.715387505722, 0.991173633585, 0.901955404662, 0.630564005784, 0.680602674897, 0.521855050546, 0.0633710715696, 0.624802566827, 0.994323657932, 0.821746304644, 0.635503266257, 0.356603206954, 0.955027853636, 3185.0
0.774274696231, 0.927467162124, 0.634567074349, 0.658273766654, 0.267097451433, 0.0874748637493, 0.353402565312, 0.0206201511089, 0.528140827284, 0.735093150161, 0.789074346973, 0.996114120847, 0.125805244894, 0.715387505722, 0.988896851086, 0.838737535719, 0.630564005784, 0.919422494661, 0.521855050546, 0.0633710715696, 0.706662704094, 0.983832680711, 0.736735545608, 0.573199654243, 0.422111454423, 0.0861416636088, 3185.0
0.774274696231, 0.985802485175, 0.634567074349, 0.661446233786, 0.396647103811, 0.245765854666, 0.331805215377, 0.0745878013228, 0.472413429149, 0.178412891786, 0.930001160107, 0.765892400273, 0.125805244894, 0.715387505722, 0.972789248239, 0.787956564938, 0.914707663905, 0.680602674897, 0.803556263218, 0.127409427023, 0.723797781587, 0.983832680711, 0.782448467368, 0.58055687648, 0.356603206954, 0.203731898452, 3185.0
0.651651174308, 0.978898923066, 0.634567074349, 0.568663860779, 0.14649777208, 0.0870090828103, 0.512221428846, 0.43467213026, 0.976300679684, 0.815047362408, 0.832038147505, 0.560468397151, 0.0642059801056, 0.514096598155, 0.756664462424, 0.901955404662, 0.599152114376, 0.579238062781, 0.630055102333, 0.278419526284, 0.706662704094, 0.756649135335, 0.622366514257, 0.784812527142, 0.427557389125, 0.21538864625, 3185.0
0.771153846105, 0.673445300166, 0.857849904126, 0.509782902438, 0.258277009901, 0.0874748637493, 0.512221428846, 0.339773037527, 0.976300679684, 0.553210312106, 0.584257596288, 0.996114120847, 0.0445229070608, 0.999773907206, 0.756664462424, 0.577089404396, 0.720200717583, 0.866043222753, 0.598451089649, 0.000259245930817, 0.706662704094, 0.746884220019, 0.79044915614, 0.997514012012, 0.278546466813, 0.0665351298067, 3185.0
0.571371682993, 0.960997700694, 0.992487397725, 0.640589524891, 0.385401016772, 0.105218707763, 0.16199019452, 0.403938502754, 0.165339099136, 0.24007268892, 0.78809225974, 0.546011362791, 0.204746264113, 0.549476655076, 0.511753178903, 0.787916431629, 0.568911822833, 0.76046245659, 0.790738435001, 0.332276253972, 0.678072636104, 0.995359775827, 0.645737737819, 0.633726814318, 0.0775895789824, 0.955027853636, 3185.0
0.771153846105, 0.780531931739, 0.829219037884, 0.955730172789, 0.0562323324031, 0.255110087107, 0.26771657196, 0.183122121736, 0.991374051666, 0.0844017847681, 0.903767296959, 0.899298317395, 0.18008300669, 0.514096598155, 0.785295011343, 0.838737535719, 0.720200717583, 0.866043222753, 0.695414730297, 0.00233775210858, 0.706662704094, 0.988146347768, 0.79044915614, 0.990213626365, 0.119182389551, 0.21538864625, 3185.0
0.59681644463, 0.828614147759, 0.634567074349, 0.568663860779, 0.246693351201, 0.11397819676, 0.139734933365, 0.274700698934, 0.976300679684, 0.815047362408, 0.832038147505, 0.996114120847, 0.438600839678, 0.888007183312, 0.756664462424, 0.321627755481, 0.969693110431, 0.681348337848, 0.574231609927, 0.116380474576, 0.661828625208, 0.756649135335, 0.79044915614, 0.74610375944, 0.427557389125, 0.21538864625, 3185.0
0.713454031689, 0.543588510651, 0.933347780044, 0.568663860779, 0.0155101315477, 0.158598642297, 0.512221428846, 0.0650617095116, 0.984308975204, 0.843481356631, 0.832038147505, 0.985939267549, 0.00688362989462, 0.657647521819, 0.756664462424, 0.838737535719, 0.764449865453, 0.725567843066, 0.876959940396, 0.419701032742, 0.624802566827, 0.582462175881, 0.79044915614, 0.681849283047, 0.356603206954, 0.21538864625, 3185.0
0.771153846105, 0.925407161849, 0.668469024843, 0.568663860779, 0.22825206698, 0.177645249945, 0.121654597563, 0.267841878996, 0.5645758298, 0.508326069619, 0.94888277209, 0.567624523352, 0.262822439221, 0.514096598155, 0.756664462424, 0.838737535719, 0.720200717583, 0.866043222753, 0.630055102333, 0.165087374528, 0.723797781587, 0.899642043089, 0.961503226243, 0.500224599813, 0.356603206954, 0.21538864625, 3185.0
0.651651174308, 0.967157048052, 0.941512282532, 0.661446233786, 0.201446028703, 0.245765854666, 0.331805215377, 0.0745878013228, 0.509750250372, 0.178412891786, 0.930001160107, 0.996114120847, 0.125805244894, 0.715387505722, 0.756664462424, 0.787956564938, 0.969693110431, 0.919422494661, 0.521855050546, 0.329492718243, 0.574610523346, 0.983832680711, 0.821746304644, 0.58055687648, 0.356603206954, 0.203731898452, 3185.0
0.771153846105, 0.673445300166, 0.634567074349, 0.568663860779, 0.218623293869, 0.0467313283554, 0.139734933365, 0.37489422291, 0.976300679684, 0.0844017847681, 0.832038147505, 0.996114120847, 0.438600839678, 0.514096598155, 0.846178811773, 0.901955404662, 0.969947614606, 0.681348337848, 0.630055102333, 0.116380474576, 0.624802566827, 0.756649135335, 0.79044915614, 0.74610375944, 0.35888289731, 0.21538864625, 3185.0
0.863702108019, 0.927467162124, 0.933347780044, 0.671637380431, 0.201446028703, 0.162839923756, 0.26771657196, 0.183122121736, 0.991374051666, 0.815047362408, 0.995134245178, 0.60449456888, 0.18008300669, 0.514096598155, 0.756664462424, 0.838737535719, 0.720200717583, 0.866043222753, 0.630055102333, 0.00214233214135, 0.600160271133, 0.956651651353, 0.79044915614, 0.58055687648, 0.0296022124242, 0.21538864625, 3185.0
0.774274696231, 0.673445300166, 0.634567074349, 0.903865788404, 0.03776355621, 0.0874748637493, 0.353402565312, 0.0206201511089, 0.479912465222, 0.586795431895, 0.874337800363, 0.999443291015, 0.125805244894, 0.715387505722, 0.997710653661, 0.838737535719, 0.630564005784, 0.680602674897, 0.521855050546, 0.398744515302, 0.763643066026, 0.966640898361, 0.821746304644, 0.990213626365, 0.356603206954, 0.236113945352, 3185.0
0.644712435187, 0.965420788371, 0.634567074349, 0.658273766654, 0.154653968179, 0.0191715556185, 0.139734933365, 0.0741423972724, 0.754630653292, 0.194317999105, 0.702964172961, 0.996114120847, 0.125805244894, 0.922397720172, 0.988896851086, 0.901955404662, 0.535291847984, 0.680602674897, 0.521855050546, 0.0633710715696, 0.624802566827, 0.983832680711, 0.824551006918, 0.913015095226, 0.356603206954, 0.955027853636, 3185.0
0.588098080496, 0.666275744303, 0.998022644777, 0.719559824765, 0.0447080290018, 0.736859073945, 0.00297848227355, 0.0206201511089, 0.404860771591, 0.784742598412, 0.78809225974, 0.531777949681, 0.100643993353, 0.614258882403, 0.98556002055, 0.759911907571, 0.715724926109, 0.828876834435, 0.701992087822, 0.219010317984, 0.634052724966, 0.780803933214, 0.636297198636, 0.998539505877, 0.376658630623, 0.80981388259, 3185.0
0.774274696231, 0.532126398426, 0.634567074349, 0.903865788404, 0.0566197156807, 0.0874748637493, 0.547738354987, 0.286528678004, 0.528140827284, 0.178412891786, 0.874337800363, 0.996114120847, 0.125805244894, 0.715387505722, 0.988896851086, 0.838737535719, 0.630564005784, 0.587129875494, 0.521855050546, 0.140735925524, 0.661828625208, 0.983832680711, 0.821746304644, 0.58055687648, 0.356603206954, 0.0861416636088, 3185.0
0.851398055622, 0.532003819243, 0.634567074349, 0.658273766654, 0.201446028703, 0.108116753056, 0.412819621294, 0.0745878013228, 0.754630653292, 0.815047362408, 0.921755895741, 0.996114120847, 0.328134931663, 0.715387505722, 0.756664462424, 0.796971840488, 0.969693110431, 0.916606428579, 0.521855050546, 0.0633710715696, 0.723797781587, 0.743880652848, 0.821746304644, 0.58055687648, 0.356603206954, 0.21538864625, 3185.0
0.917234841464, 0.846746446388, 0.634567074349, 0.568663860779, 0.382138997784, 0.11397819676, 0.512221428846, 0.0726172666166, 0.976300679684, 0.886167272056, 0.880263502002, 0.996114120847, 0.438600839678, 0.745173327783, 0.756664462424, 0.901955404662, 0.969693110431, 0.915135482627, 0.630055102333, 0.116380474576, 0.624802566827, 0.756649135335, 0.79044915614, 0.74610375944, 0.427557389125, 0.21538864625, 3185.0
0.873840161433, 0.927467162124, 0.634567074349, 0.658273766654, 0.31755896417, 0.0874748637493, 0.353402565312, 0.0206201511089, 0.528140827284, 0.735093150161, 0.789074346973, 0.996114120847, 0.125805244894, 0.715387505722, 0.988896851086, 0.838737535719, 0.630564005784, 0.680602674897, 0.521855050546, 0.0633710715696, 0.806012149989, 0.983832680711, 0.736735545608, 0.633726814318, 0.356603206954, 0.0225659600469, 3185.0
0.774274696231, 0.967157048052, 0.634567074349, 0.661446233786, 0.396647103811, 0.245765854666, 0.331805215377, 0.0745878013228, 0.472413429149, 0.352209809754, 0.930001160107, 0.765892400273, 0.125805244894, 0.715387505722, 0.756664462424, 0.787956564938, 0.914707663905, 0.919422494661, 0.803556263218, 0.127409427023, 0.723797781587, 0.983832680711, 0.821746304644, 0.58055687648, 0.356603206954, 0.203731898452, 3185.0
0.651651174308, 0.978898923066, 0.658757828654, 0.568663860779, 0.14649777208, 0.0870090828103, 0.512221428846, 0.43467213026, 0.976300679684, 0.815047362408, 0.832038147505, 0.789453415902, 0.0752780287402, 0.514096598155, 0.756664462424, 0.901955404662, 0.969693110431, 0.579238062781, 0.630055102333, 0.0955942098435, 0.919745610379, 0.756649135335, 0.622366514257, 0.74610375944, 0.427557389125, 0.21538864625, 3185.0
0.771153846105, 0.780531931739, 0.948229220579, 0.568663860779, 0.22825206698, 0.162839923756, 0.26771657196, 0.183122121736, 0.991374051666, 0.0844017847681, 0.903767296959, 0.60449456888, 0.0401928287832, 0.577402680914, 0.756664462424, 0.838737535719, 0.720200717583, 0.870739086468, 0.630055102333, 0.207637552244, 0.706662704094, 0.988146347768, 0.79044915614, 0.990213626365, 0.217145580474, 0.21538864625, 3185.0
0.774274696231, 0.927467162124, 0.634567074349, 0.658273766654, 0.154653968179, 0.0191715556185, 0.139734933365, 0.0745878013228, 0.855583848654, 0.194317999105, 0.679158030521, 0.650385088356, 0.438600839678, 0.922397720172, 0.988896851086, 0.901955404662, 0.535291847984, 0.680602674897, 0.521855050546, 0.0145903956986, 0.624802566827, 0.972162756849, 0.953000356316, 0.990213626365, 0.356603206954, 0.955027853636, 3185.0
0.957017179043, 0.673445300166, 0.634567074349, 0.568663860779, 0.413869547521, 0.11397819676, 0.512221428846, 0.267841878996, 0.976300679684, 0.921157770659, 0.83274899015, 0.731395992783, 0.125805244894, 0.514096598155, 0.756664462424, 0.838737535719, 0.969693110431, 0.850319346554, 0.630055102333, 0.0170872303931, 0.64003136498, 0.821663161547, 0.79044915614, 0.864705760547, 0.427557389125, 0.21538864625, 3185.0
0.571371682993, 0.9974987816, 0.992487397725, 0.658273766654, 0.385401016772, 0.105218707763, 0.453107691671, 0.403938502754, 0.991374051666, 0.24007268892, 0.78809225974, 0.712732380313, 0.204746264113, 0.778366616622, 0.511753178903, 0.901955404662, 0.568911822833, 0.76046245659, 0.790738435001, 0.332276253972, 0.678072636104, 0.995359775827, 0.645737737819, 0.633726814318, 0.0775895789824, 0.955027853636, 3185.0
0.771153846105, 0.780531931739, 0.829219037884, 0.955730172789, 0.22825206698, 0.162839923756, 0.26771657196, 0.183122121736, 0.165339099136, 0.0844017847681, 0.903767296959, 0.899298317395, 0.18008300669, 0.514096598155, 0.756664462424, 0.838737535719, 0.720200717583, 0.813175103015, 0.695414730297, 0.00233775210858, 0.706662704094, 0.988146347768, 0.79044915614, 0.990213626365, 0.217145580474, 0.21538864625, 3185.0
0.59681644463, 0.673445300166, 0.634567074349, 0.568663860779, 0.246693351201, 0.11397819676, 0.139734933365, 0.37489422291, 0.832556419734, 0.815047362408, 0.832038147505, 0.996114120847, 0.438600839678, 0.931443099269, 0.756664462424, 0.901955404662, 0.969693110431, 0.681348337848, 0.630055102333, 0.116380474576, 0.661828625208, 0.756649135335, 0.79044915614, 0.74610375944, 0.427557389125, 0.21538864625, 3185.0
0.713454031689, 0.543588510651, 0.933347780044, 0.568663860779, 0.0155101315477, 0.162839923756, 0.512221428846, 0.0650617095116, 0.976300679684, 0.843481356631, 0.832038147505, 0.985939267549, 0.0752780287402, 0.657647521819, 0.756664462424, 0.838737535719, 0.764449865453, 0.725567843066, 0.876959940396, 0.397373774144, 0.624802566827, 0.578845593648, 0.79044915614, 0.500224599813, 0.356603206954, 0.21538864625, 3185.0
0.835447685347, 0.905381808214, 0.857849904126, 0.568663860779, 0.181059571016, 0.177645249945, 0.121654597563, 0.267841878996, 0.5645758298, 0.0108330258069, 0.903767296959, 0.567624523352, 0.262822439221, 0.514096598155, 0.756664462424, 0.838737535719, 0.945279886459, 0.866043222753, 0.630055102333, 0.00975813184951, 0.723797781587, 0.899642043089, 0.961503226243, 0.674141725099, 0.356603206954, 0.21538864625, 3185.0
0.680450937518, 0.967157048052, 0.634567074349, 0.661446233786, 0.201446028703, 0.245765854666, 0.331805215377, 0.018342357732, 0.472413429149, 0.178412891786, 0.930001160107, 0.996114120847, 0.0883541172106, 0.715387505722, 0.756664462424, 0.787956564938, 0.969693110431, 0.919422494661, 0.521855050546, 0.329492718243, 0.723797781587, 0.983832680711, 0.821746304644, 0.58055687648, 0.356603206954, 0.203731898452, 3185.0
0.651651174308, 0.978898923066, 0.634567074349, 0.568663860779, 0.246693351201, 0.588459992794, 0.512221428846, 0.43467213026, 0.51688364288, 0.815047362408, 0.832038147505, 0.789453415902, 0.0752780287402, 0.604419283932, 0.756664462424, 0.901955404662, 0.914707663905, 0.579238062781, 0.630055102333, 0.0955942098435, 0.919745610379, 0.756649135335, 0.79044915614, 0.864157047955, 0.427557389125, 0.21538864625, 3185.0
0.771153846105, 0.673445300166, 0.634567074349, 0.568663860779, 0.218623293869, 0.0467313283554, 0.139734933365, 0.37489422291, 0.976300679684, 0.815047362408, 0.832038147505, 0.996114120847, 0.438600839678, 0.514096598155, 0.846178811773, 0.901955404662, 0.969693110431, 0.681348337848, 0.630055102333, 0.306295850324, 0.624802566827, 0.756649135335, 0.79044915614, 0.74610375944, 0.35888289731, 0.21538864625, 3185.0
0.59681644463, 0.927467162124, 0.933347780044, 0.671637380431, 0.201446028703, 0.162839923756, 0.26771657196, 0.183122121736, 0.991374051666, 0.0844017847681, 0.995134245178, 0.60449456888, 0.18008300669, 0.514096598155, 0.756664462424, 0.838737535719, 0.720200717583, 0.866043222753, 0.630055102333, 0.00214233214135, 0.600160271133, 0.996484289356, 0.531579457535, 0.58055687648, 0.0296022124242, 0.21538864625, 3185.0
0.552658311986, 0.673445300166, 0.634567074349, 0.903865788404, 0.03776355621, 0.0874748637493, 0.353402565312, 0.0206201511089, 0.528140827284, 0.586795431895, 0.874337800363, 0.999443291015, 0.125805244894, 0.63418447595, 0.997710653661, 0.838737535719, 0.630564005784, 0.680602674897, 0.521855050546, 0.398744515302, 0.763643066026, 0.966640898361, 0.821746304644, 0.990213626365, 0.356603206954, 0.236113945352, 3185.0
0.644712435187, 0.927467162124, 0.634567074349, 0.658273766654, 0.154653968179, 0.00659287130621, 0.139734933365, 0.0741423972724, 0.754630653292, 0.181375456156, 0.702964172961, 0.996114120847, 0.125805244894, 0.922397720172, 0.988896851086, 0.987763168878, 0.535291847984, 0.680602674897, 0.521855050546, 0.0633710715696, 0.624802566827, 0.983832680711, 0.824551006918, 0.990213626365, 0.356603206954, 0.999164667288, 3185.0
0.767187050186, 0.673445300166, 0.634567074349, 0.568663860779, 0.413869547521, 0.11397819676, 0.512221428846, 0.267841878996, 0.976300679684, 0.815047362408, 0.832038147505, 0.996114120847, 0.438600839678, 0.514096598155, 0.758760431073, 0.838737535719, 0.969693110431, 0.850319346554, 0.630055102333, 0.116380474576, 0.624802566827, 0.756649135335, 0.79044915614, 0.74610375944, 0.427557389125, 0.0925611570113, 3185.0
0.771153846105, 0.686448449062, 0.948229220579, 0.955730172789, 0.133506213169, 0.162839923756, 0.26771657196, 0.183122121736, 0.991374051666, 0.0521045764079, 0.903767296959, 0.60449456888, 0.18008300669, 0.514096598155, 0.756664462424, 0.838737535719, 0.720200717583, 0.866043222753, 0.695414730297, 0.00975813184951, 0.706662704094, 0.994042139397, 0.88625394954, 0.990213626365, 0.124284998972, 0.21538864625, 3185.0
0.774274696231, 0.661988107261, 0.634567074349, 0.903865788404, 0.0566197156807, 0.0874748637493, 0.353402565312, 0.0206201511089, 0.528140827284, 0.178412891786, 0.874337800363, 0.996114120847, 0.125805244894, 0.715387505722, 0.988896851086, 0.820424685291, 0.630564005784, 0.680602674897, 0.521855050546, 0.273188435497, 0.661828625208, 0.983832680711, 0.821746304644, 0.58055687648, 0.356603206954, 0.623181781527, 3185.0
0.771153846105, 0.673445300166, 0.964842306721, 0.606211113758, 0.22825206698, 0.9240843057, 0.396735980727, 0.183122121736, 0.754630653292, 0.428503118499, 0.874337800363, 0.842022400985, 0.0790057029568, 0.514096598155, 0.756664462424, 0.843713409527, 0.720200717583, 0.866043222753, 0.630055102333, 0.00975813184951, 0.706662704094, 0.953905207276, 0.881183044083, 0.990213626365, 0.217145580474, 0.21538864625, 3185.0
0.774274696231, 0.927467162124, 0.549485129159, 0.691105685028, 0.154653968179, 0.0397398988469, 0.139734933365, 0.0745878013228, 0.155588628297, 0.194317999105, 0.982863210879, 0.999503621249, 0.0873610847899, 0.715387505722, 0.991173633585, 0.901955404662, 0.630564005784, 0.680602674897, 0.521855050546, 0.0633710715696, 0.624802566827, 0.994323657932, 0.821746304644, 0.635503266257, 0.356603206954, 0.955027853636, 3185.0
0.774274696231, 0.927467162124, 0.634567074349, 0.658273766654, 0.267097451433, 0.0874748637493, 0.353402565312, 0.0206201511089, 0.528140827284, 0.735093150161, 0.789074346973, 0.996114120847, 0.125805244894, 0.715387505722, 0.988896851086, 0.838737535719, 0.630564005784, 0.919422494661, 0.521855050546, 0.0633710715696, 0.706662704094, 0.983832680711, 0.736735545608, 0.573199654243, 0.422111454423, 0.0861416636088, 3185.0
0.774274696231, 0.985802485175, 0.634567074349, 0.661446233786, 0.396647103811, 0.245765854666, 0.331805215377, 0.0745878013228, 0.472413429149, 0.178412891786, 0.930001160107, 0.765892400273, 0.125805244894, 0.715387505722, 0.972789248239, 0.787956564938, 0.914707663905, 0.680602674897, 0.803556263218, 0.127409427023, 0.723797781587, 0.983832680711, 0.782448467368, 0.58055687648, 0.356603206954, 0.203731898452, 3185.0
0.651651174308, 0.978898923066, 0.634567074349, 0.568663860779, 0.14649777208, 0.0870090828103, 0.512221428846, 0.43467213026, 0.976300679684, 0.815047362408, 0.832038147505, 0.560468397151, 0.0642059801056, 0.514096598155, 0.756664462424, 0.901955404662, 0.599152114376, 0.579238062781, 0.630055102333, 0.278419526284, 0.706662704094, 0.756649135335, 0.622366514257, 0.784812527142, 0.427557389125, 0.21538864625, 3185.0
0.771153846105, 0.673445300166, 0.857849904126, 0.509782902438, 0.258277009901, 0.0874748637493, 0.512221428846, 0.339773037527, 0.976300679684, 0.553210312106, 0.584257596288, 0.996114120847, 0.0445229070608, 0.999773907206, 0.756664462424, 0.577089404396, 0.720200717583, 0.866043222753, 0.598451089649, 0.000259245930817, 0.706662704094, 0.746884220019, 0.79044915614, 0.997514012012, 0.278546466813, 0.0665351298067, 3185.0
0.571371682993, 0.960997700694, 0.992487397725, 0.640589524891, 0.385401016772, 0.105218707763, 0.16199019452, 0.403938502754, 0.165339099136, 0.24007268892, 0.78809225974, 0.546011362791, 0.204746264113, 0.549476655076, 0.511753178903, 0.787916431629, 0.568911822833, 0.76046245659, 0.790738435001, 0.332276253972, 0.678072636104, 0.995359775827, 0.645737737819, 0.633726814318, 0.0775895789824, 0.955027853636, 3185.0
0.771153846105, 0.780531931739, 0.829219037884, 0.955730172789, 0.0562323324031, 0.255110087107, 0.26771657196, 0.183122121736, 0.991374051666, 0.0844017847681, 0.903767296959, 0.899298317395, 0.18008300669, 0.514096598155, 0.785295011343, 0.838737535719, 0.720200717583, 0.866043222753, 0.695414730297, 0.00233775210858, 0.706662704094, 0.988146347768, 0.79044915614, 0.990213626365, 0.119182389551, 0.21538864625, 3185.0
0.59681644463, 0.828614147759, 0.634567074349, 0.568663860779, 0.246693351201, 0.11397819676, 0.139734933365, 0.274700698934, 0.976300679684, 0.815047362408, 0.832038147505, 0.996114120847, 0.438600839678, 0.888007183312, 0.756664462424, 0.321627755481, 0.969693110431, 0.681348337848, 0.574231609927, 0.116380474576, 0.661828625208, 0.756649135335, 0.79044915614, 0.74610375944, 0.427557389125, 0.21538864625, 3185.0
0.713454031689, 0.543588510651, 0.933347780044, 0.568663860779, 0.0155101315477, 0.158598642297, 0.512221428846, 0.0650617095116, 0.984308975204, 0.843481356631, 0.832038147505, 0.985939267549, 0.00688362989462, 0.657647521819, 0.756664462424, 0.838737535719, 0.764449865453, 0.725567843066, 0.876959940396, 0.419701032742, 0.624802566827, 0.582462175881, 0.79044915614, 0.681849283047, 0.356603206954, 0.21538864625, 3185.0
0.771153846105, 0.925407161849, 0.668469024843, 0.568663860779, 0.22825206698, 0.177645249945, 0.121654597563, 0.267841878996, 0.5645758298, 0.508326069619, 0.94888277209, 0.567624523352, 0.262822439221, 0.514096598155, 0.756664462424, 0.838737535719, 0.720200717583, 0.866043222753, 0.630055102333, 0.165087374528, 0.723797781587, 0.899642043089, 0.961503226243, 0.500224599813, 0.356603206954, 0.21538864625, 3185.0
0.651651174308, 0.967157048052, 0.941512282532, 0.661446233786, 0.201446028703, 0.245765854666, 0.331805215377, 0.0745878013228, 0.509750250372, 0.178412891786, 0.930001160107, 0.996114120847, 0.125805244894, 0.715387505722, 0.756664462424, 0.787956564938, 0.969693110431, 0.919422494661, 0.521855050546, 0.329492718243, 0.574610523346, 0.983832680711, 0.821746304644, 0.58055687648, 0.356603206954, 0.203731898452, 3185.0
0.771153846105, 0.673445300166, 0.634567074349, 0.568663860779, 0.218623293869, 0.0467313283554, 0.139734933365, 0.37489422291, 0.976300679684, 0.0844017847681, 0.832038147505, 0.996114120847, 0.438600839678, 0.514096598155, 0.846178811773, 0.901955404662, 0.969947614606, 0.681348337848, 0.630055102333, 0.116380474576, 0.624802566827, 0.756649135335, 0.79044915614, 0.74610375944, 0.35888289731, 0.21538864625, 3185.0
0.863702108019, 0.927467162124, 0.933347780044, 0.671637380431, 0.201446028703, 0.162839923756, 0.26771657196, 0.183122121736, 0.991374051666, 0.815047362408, 0.995134245178, 0.60449456888, 0.18008300669, 0.514096598155, 0.756664462424, 0.838737535719, 0.720200717583, 0.866043222753, 0.630055102333, 0.00214233214135, 0.600160271133, 0.956651651353, 0.79044915614, 0.58055687648, 0.0296022124242, 0.21538864625, 3185.0
0.774274696231, 0.673445300166, 0.634567074349, 0.903865788404, 0.03776355621, 0.0874748637493, 0.353402565312, 0.0206201511089, 0.479912465222, 0.586795431895, 0.874337800363, 0.999443291015, 0.125805244894, 0.715387505722, 0.997710653661, 0.838737535719, 0.630564005784, 0.680602674897, 0.521855050546, 0.398744515302, 0.763643066026, 0.966640898361, 0.821746304644, 0.990213626365, 0.356603206954, 0.236113945352, 3185.0
0.644712435187, 0.965420788371, 0.634567074349, 0.658273766654, 0.154653968179, 0.0191715556185, 0.139734933365, 0.0741423972724, 0.754630653292, 0.194317999105, 0.702964172961, 0.996114120847, 0.125805244894, 0.922397720172, 0.988896851086, 0.901955404662, 0.535291847984, 0.680602674897, 0.521855050546, 0.0633710715696, 0.624802566827, 0.983832680711, 0.824551006918, 0.913015095226, 0.356603206954, 0.955027853636, 3185.0
0.929885775525, 0.771320685294, 0.81613096216, 0.99389065341, 0.460457131217, 0.448218358821, 0.665017606446, 0.158031591775, 0.997341589277, 0.911762717825, 0.999998600209, 0.965810509869, 0.00407778223128, 0.750914502425, 0.832596718367, 0.687173657251, 0.614420259167, 0.963484252259, 0.972432464105, 0.570429378307, 0.257613206018, 0.000238114333603, 0.000363305054298, 0.142493514511, 0.0351866827252, 0.145277616734, 3216.0
0.929885775525, 0.594657040397, 0.598255571275, 0.933928597703, 0.398123912735, 0.0952390158915, 0.389336881923, 0.158031591775, 0.99975001685, 0.911762717825, 0.999998600209, 0.715672692768, 0.252547291608, 0.899576743768, 0.956838702831, 0.687173657251, 0.566343914764, 0.934429327549, 0.81138574011, 0.533005137549, 0.247280251348, 0.357774451336, 0.00131701036353, 0.46240149501, 0.0353036746424, 0.145277616734, 3216.0
0.879317488377, 0.594657040397, 0.598255571275, 0.99389065341, 0.398123912735, 0.342596881203, 0.389336881923, 0.158031591775, 0.997964131601, 0.911762717825, 0.999998600209, 0.620566300514, 0.171143100942, 0.830855440463, 0.956838702831, 0.687173657251, 0.566343914764, 0.934429327549, 0.81138574011, 0.570429378307, 0.000330672445134, 0.357774451336, 0.00131701036353, 0.174774552277, 0.375919302374, 0.105433085272, 3216.0
0.849457360371, 0.594657040397, 0.761654328241, 0.99389065341, 0.398123912735, 0.848979437888, 0.549271544314, 0.127639160353, 0.997341589277, 0.0930994878245, 0.999999657531, 0.999826448444, 0.252547291608, 0.778861499837, 0.747273997553, 0.687173657251, 0.925813698604, 0.934429327549, 0.81138574011, 0.788579597938, 0.0776837813007, 0.357774451336, 0.00131701036353, 0.256152249579, 0.0281074248645, 0.145277616734, 3216.0
0.985449942879, 0.594657040397, 0.81613096216, 0.99389065341, 0.460457131217, 0.448218358821, 0.304574782024, 0.0979861740078, 0.997341589277, 0.998103005508, 0.588459273616, 0.965810509869, 0.252547291608, 0.993022012282, 0.832596718367, 0.690389916237, 0.566343914764, 0.980563537314, 0.972432464105, 0.743185783289, 0.257613206018, 0.357774451336, 0.000363305054298, 0.256152249579, 0.0353036746424, 0.127518035239, 3216.0
0.879317488377, 0.594657040397, 0.885856597593, 0.993921618911, 0.452322553591, 0.158685495941, 0.682612858327, 0.134347220239, 0.997341589277, 0.938554246581, 0.999998600209, 0.580240619099, 0.206727034905, 0.830855440463, 0.607534528921, 0.630039602989, 0.932034024519, 0.934429327549, 0.963958178233, 0.815655111386, 0.105948670868, 0.000559875225534, 0.144069687766, 0.256152249579, 0.0353036746424, 0.145277616734, 3216.0
0.929885775525, 0.594657040397, 0.81613096216, 0.99389065341, 0.460457131217, 0.448218358821, 0.304574782024, 0.0888403911392, 0.998016430961, 0.500653284605, 0.999999476542, 0.990872730318, 0.252547291608, 0.993022012282, 0.832596718367, 0.687173657251, 0.614420259167, 0.963484252259, 0.529365846455, 0.919489073446, 0.257613206018, 0.000559875225534, 0.140395420922, 0.256152249579, 0.0178218267912, 0.145277616734, 3216.0
0.879317488377, 0.594657040397, 0.598255571275, 0.99389065341, 0.452322553591, 0.342596881203, 0.389336881923, 0.158031591775, 0.997341589277, 0.911762717825, 0.99999892163, 0.620566300514, 0.171143100942, 0.830855440463, 0.956838702831, 0.687173657251, 0.566343914764, 0.934429327549, 0.81138574011, 0.632719503539, 0.247280251348, 0.357774451336, 0.226953840085, 0.256152249579, 0.0353036746424, 0.145277616734, 3216.0
0.879317488377, 0.594657040397, 0.598255571275, 0.999444315395, 0.398123912735, 0.700116190725, 0.389336881923, 0.0497324140376, 0.997964131601, 0.97776649459, 0.999998600209, 0.620566300514, 0.171143100942, 0.830855440463, 0.956838702831, 0.687173657251, 0.566343914764, 0.934429327549, 0.81138574011, 0.570429378307, 0.00110169674018, 0.357774451336, 0.00131701036353, 0.1774702682, 0.0251640671522, 0.145277616734, 3216.0
0.908286115647, 0.594657040397, 0.57308638854, 0.996303237381, 0.452322553591, 0.0340176425653, 0.304574782024, 0.158031591775, 0.997341589277, 0.911762717825, 0.999998608776, 0.907913232169, 0.252547291608, 0.989464309007, 0.832596718367, 0.708493405211, 0.566343914764, 0.934429327549, 0.844515576428, 0.620547648949, 0.241645153696, 0.341789006323, 7.82264950105e-06, 0.256152249579, 0.00121954671967, 0.0650862939218, 3216.0
