0.588098080496, 0.985252833118, 0.81613096216, 0.719559824765, 0.340395725247, 0.494644347316, 0.304574782024, 0.65343524147, 0.997341589277, 0.911762717825, 0.999998619211, 0.907913232169, 0.35805252847, 0.999431358637, 0.863045736417, 0.622406786937, 0.566343914764, 0.557915103296, 0.99613297081, 0.793893045611, 0.0676559775738, 0.403279355387, 0.000363305054298, 0.256152249579, 0.0351866827252, 0.145277616734, 2986.0
0.771153846105, 0.999808630475, 0.7499946362, 0.955730172789, 0.0562323324031, 0.255110087107, 0.26771657196, 0.744872162334, 0.991374051666, 0.0844017847681, 0.903767296959, 0.899298317395, 0.18008300669, 0.514096598155, 0.785295011343, 0.838737535719, 0.720200717583, 0.866043222753, 0.807088283466, 0.00233775210858, 0.706662704094, 0.988146347768, 0.79044915614, 0.990213626365, 0.119182389551, 0.21538864625, 2986.0
0.771153846105, 0.673445300166, 0.829219037884, 0.568663860779, 0.449447199105, 0.0467313283554, 0.174013690139, 0.753638155372, 0.983783972965, 0.815047362408, 0.832038147505, 0.996114120847, 0.201494696332, 0.514096598155, 0.894545529099, 0.901955404662, 0.969693110431, 0.681348337848, 0.695414730297, 0.306295850324, 0.624802566827, 0.756649135335, 0.79044915614, 0.604799341291, 0.35888289731, 0.21538864625, 2986.0
0.774274696231, 0.684980129634, 0.634567074349, 0.903865788404, 0.0566197156807, 0.0874748637493, 0.353402565312, 0.881916790635, 0.528140827284, 0.951715672109, 0.985044581195, 0.996114120847, 0.125805244894, 0.860536282152, 0.988896851086, 0.820424685291, 0.630564005784, 0.708300937472, 0.521855050546, 0.273188435497, 0.612991754448, 0.983832680711, 0.88625394954, 0.58055687648, 0.356603206954, 0.795817947017, 2986.0
0.930046013949, 0.985252833118, 0.81613096216, 0.995176654171, 0.423708449813, 0.448218358821, 0.304574782024, 0.65343524147, 0.997341589277, 0.911762717825, 0.79225051488, 0.907913232169, 0.258744644369, 0.998382666849, 0.511753178903, 0.502421771618, 0.879319674947, 0.51645479539, 0.872455943642, 0.570429378307, 0.257613206018, 0.403279355387, 0.000238637494701, 0.251035399437, 0.0339898252309, 0.145277616734, 2986.0
0.771153846105, 0.886509952597, 0.829219037884, 0.719559824765, 0.0562323324031, 0.255110087107, 0.26771657196, 0.795714895638, 0.991374051666, 0.799447148842, 0.903767296959, 0.899298317395, 0.18008300669, 0.514096598155, 0.785295011343, 0.838737535719, 0.91855882847, 0.866043222753, 0.695414730297, 0.00233775210858, 0.706662704094, 0.988146347768, 0.974750305874, 0.990213626365, 0.119182389551, 0.138519470825, 2986.0
0.930046013949, 0.957883272286, 0.81613096216, 0.955730172789, 0.18003414286, 0.494644347316, 0.304574782024, 0.65343524147, 0.997341589277, 0.911762717825, 0.999998619211, 0.907913232169, 0.258744644369, 0.997772685311, 0.832596718367, 0.905922810697, 0.779959733912, 0.802780190735, 0.978781280537, 0.570429378307, 0.0676559775738, 0.194104744084, 0.000363305054298, 0.256152249579, 0.0351866827252, 0.145277616734, 2986.0
0.771153846105, 0.780531931739, 0.829219037884, 0.955730172789, 0.0562323324031, 0.255110087107, 0.26771657196, 0.795714895638, 0.991374051666, 0.0844017847681, 0.903767296959, 0.899298317395, 0.18008300669, 0.514096598155, 0.785295011343, 0.838737535719, 0.720200717583, 0.866043222753, 0.695414730297, 0.309199759045, 0.706662704094, 0.530533099443, 0.79044915614, 0.990213626365, 0.119182389551, 0.21538864625, 2986.0
0.771153846105, 0.661988107261, 0.634567074349, 0.903865788404, 0.0566197156807, 0.0874748637493, 0.353402565312, 0.753638155372, 0.886859505903, 0.178412891786, 0.985044581195, 0.996114120847, 0.125805244894, 0.715387505722, 0.988896851086, 0.820424685291, 0.630564005784, 0.708300937472, 0.521855050546, 0.273188435497, 0.612991754448, 0.90011091306, 0.88625394954, 0.58055687648, 0.356603206954, 0.21538864625, 2986.0
0.644712435187, 0.965420788371, 0.634567074349, 0.753821024694, 0.382138997784, 0.00610143575574, 0.139734933365, 0.762000682739, 0.754630653292, 0.194317999105, 0.645770789788, 0.996114120847, 0.125805244894, 0.922397720172, 0.996444250309, 0.901955404662, 0.535291847984, 0.680602674897, 0.521855050546, 0.0633710715696, 0.624802566827, 0.756649135335, 0.821746304644, 0.913015095226, 0.356603206954, 0.955027853636, 2986.0
0.733526172089, 0.686448449062, 0.98512564984, 0.955730172789, 0.133506213169, 0.175967193659, 0.198248465848, 0.810012756185, 0.991374051666, 0.0521045764079, 0.545347650705, 0.60449456888, 0.18008300669, 0.514096598155, 0.756664462424, 0.93630573054, 0.720200717583, 0.866043222753, 0.695414730297, 0.0633710715696, 0.706662704094, 0.868876860735, 0.821746304644, 0.990213626365, 0.124284998972, 0.623181781527, 2986.0
0.771153846105, 0.780531931739, 0.829219037884, 0.955730172789, 0.0562323324031, 0.255110087107, 0.139734933365, 0.79517090927, 0.581469051402, 0.0563508267122, 0.903767296959, 0.899298317395, 0.18008300669, 0.514096598155, 0.785295011343, 0.787916431629, 0.720200717583, 0.866043222753, 0.695414730297, 0.00233775210858, 0.72795780082, 0.997663177529, 0.79044915614, 0.990213626365, 0.119182389551, 0.593115992684, 2986.0
0.588098080496, 0.985252833118, 0.81613096216, 0.719559824765, 0.340395725247, 0.494644347316, 0.304574782024, 0.65343524147, 0.997341589277, 0.911762717825, 0.999998619211, 0.907913232169, 0.35805252847, 0.999431358637, 0.863045736417, 0.622406786937, 0.566343914764, 0.557915103296, 0.99613297081, 0.793893045611, 0.0676559775738, 0.403279355387, 0.000363305054298, 0.256152249579, 0.0351866827252, 0.145277616734, 2986.0
0.771153846105, 0.999808630475, 0.7499946362, 0.955730172789, 0.0562323324031, 0.255110087107, 0.26771657196, 0.744872162334, 0.991374051666, 0.0844017847681, 0.903767296959, 0.899298317395, 0.18008300669, 0.514096598155, 0.785295011343, 0.838737535719, 0.720200717583, 0.866043222753, 0.807088283466, 0.00233775210858, 0.706662704094, 0.988146347768, 0.79044915614, 0.990213626365, 0.119182389551, 0.21538864625, 2986.0
0.771153846105, 0.673445300166, 0.829219037884, 0.568663860779, 0.449447199105, 0.0467313283554, 0.174013690139, 0.753638155372, 0.983783972965, 0.815047362408, 0.832038147505, 0.996114120847, 0.201494696332, 0.514096598155, 0.894545529099, 0.901955404662, 0.969693110431, 0.681348337848, 0.695414730297, 0.306295850324, 0.624802566827, 0.756649135335, 0.79044915614, 0.604799341291, 0.35888289731, 0.21538864625, 2986.0
0.774274696231, 0.684980129634, 0.634567074349, 0.903865788404, 0.0566197156807, 0.0874748637493, 0.353402565312, 0.881916790635, 0.528140827284, 0.951715672109, 0.985044581195, 0.996114120847, 0.125805244894, 0.860536282152, 0.988896851086, 0.820424685291, 0.630564005784, 0.708300937472, 0.521855050546, 0.273188435497, 0.612991754448, 0.983832680711, 0.88625394954, 0.58055687648, 0.356603206954, 0.795817947017, 2986.0
0.930046013949, 0.985252833118, 0.81613096216, 0.995176654171, 0.423708449813, 0.448218358821, 0.304574782024, 0.65343524147, 0.997341589277, 0.911762717825, 0.79225051488, 0.907913232169, 0.258744644369, 0.998382666849, 0.511753178903, 0.502421771618, 0.879319674947, 0.51645479539, 0.872455943642, 0.570429378307, 0.257613206018, 0.403279355387, 0.000238637494701, 0.251035399437, 0.0339898252309, 0.145277616734, 2986.0
0.771153846105, 0.886509952597, 0.829219037884, 0.719559824765, 0.0562323324031, 0.255110087107, 0.26771657196, 0.795714895638, 0.991374051666, 0.799447148842, 0.903767296959, 0.899298317395, 0.18008300669, 0.514096598155, 0.785295011343, 0.838737535719, 0.91855882847, 0.866043222753, 0.695414730297, 0.00233775210858, 0.706662704094, 0.988146347768, 0.974750305874, 0.990213626365, 0.119182389551, 0.138519470825, 2986.0
0.930046013949, 0.957883272286, 0.81613096216, 0.955730172789, 0.18003414286, 0.494644347316, 0.304574782024, 0.65343524147, 0.997341589277, 0.911762717825, 0.999998619211, 0.907913232169, 0.258744644369, 0.997772685311, 0.832596718367, 0.905922810697, 0.779959733912, 0.802780190735, 0.978781280537, 0.570429378307, 0.0676559775738, 0.194104744084, 0.000363305054298, 0.256152249579, 0.0351866827252, 0.145277616734, 2986.0
0.771153846105, 0.780531931739, 0.829219037884, 0.955730172789, 0.0562323324031, 0.255110087107, 0.26771657196, 0.795714895638, 0.991374051666, 0.0844017847681, 0.903767296959, 0.899298317395, 0.18008300669, 0.514096598155, 0.785295011343, 0.838737535719, 0.720200717583, 0.866043222753, 0.695414730297, 0.309199759045, 0.706662704094, 0.530533099443, 0.79044915614, 0.990213626365, 0.119182389551, 0.21538864625, 2986.0
0.771153846105, 0.661988107261, 0.634567074349, 0.903865788404, 0.0566197156807, 0.0874748637493, 0.353402565312, 0.753638155372, 0.886859505903, 0.178412891786, 0.985044581195, 0.996114120847, 0.125805244894, 0.715387505722, 0.988896851086, 0.820424685291, 0.630564005784, 0.708300937472, 0.521855050546, 0.273188435497, 0.612991754448, 0.90011091306, 0.88625394954, 0.58055687648, 0.356603206954, 0.21538864625, 2986.0
0.644712435187, 0.965420788371, 0.634567074349, 0.753821024694, 0.382138997784, 0.00610143575574, 0.139734933365, 0.762000682739, 0.754630653292, 0.194317999105, 0.645770789788, 0.996114120847, 0.125805244894, 0.922397720172, 0.996444250309, 0.901955404662, 0.535291847984, 0.680602674897, 0.521855050546, 0.0633710715696, 0.624802566827, 0.756649135335, 0.821746304644, 0.913015095226, 0.356603206954, 0.955027853636, 2986.0
0.733526172089, 0.686448449062, 0.98512564984, 0.955730172789, 0.133506213169, 0.175967193659, 0.198248465848, 0.810012756185, 0.991374051666, 0.0521045764079, 0.545347650705, 0.60449456888, 0.18008300669, 0.514096598155, 0.756664462424, 0.93630573054, 0.720200717583, 0.866043222753, 0.695414730297, 0.0633710715696, 0.706662704094, 0.868876860735, 0.821746304644, 0.990213626365, 0.124284998972, 0.623181781527, 2986.0
0.771153846105, 0.780531931739, 0.829219037884, 0.955730172789, 0.0562323324031, 0.255110087107, 0.139734933365, 0.79517090927, 0.581469051402, 0.0563508267122, 0.903767296959, 0.899298317395, 0.18008300669, 0.514096598155, 0.785295011343, 0.787916431629, 0.720200717583, 0.866043222753, 0.695414730297, 0.00233775210858, 0.72795780082, 0.997663177529, 0.79044915614, 0.990213626365, 0.119182389551, 0.593115992684, 2986.0
0.713454031689, 0.780531931739, 0.968025885128, 0.568663860779, 0.22825206698, 0.0457151057751, 0.26771657196, 0.183122121736, 0.991374051666, 0.0844017847681, 0.903767296959, 0.897559417226, 0.00462403608593, 0.514096598155, 0.756664462424, 0.838737535719, 0.905335014833, 0.866043222753, 0.801250255512, 0.697857633039, 0.919745610379, 0.988146347768, 0.79044915614, 0.990213626365, 0.149219858285, 0.21538864625, 3161.0
0.713454031689, 0.543588510651, 0.959987333971, 0.568663860779, 0.246693351201, 0.080269150307, 0.85644057216, 0.0650617095116, 0.976300679684, 0.843481356631, 0.722050688584, 0.985939267549, 0.0731705345469, 0.657647521819, 0.756664462424, 0.965345542301, 0.764449865453, 0.941329403979, 0.876959940396, 0.853317067516, 0.546340658328, 0.578845593648, 0.868137821698, 0.500224599813, 0.286626853008, 0.21538864625, 3161.0
0.713454031689, 0.780531931739, 0.948229220579, 0.568663860779, 0.22825206698, 0.0457151057751, 0.26771657196, 0.165579005538, 0.991374051666, 0.0844017847681, 0.903767296959, 0.897559417226, 0.0401928287832, 0.514096598155, 0.756664462424, 0.838737535719, 0.905335014833, 0.870739086468, 0.801250255512, 0.697857633039, 0.919745610379, 0.988146347768, 0.79044915614, 0.990213626365, 0.217145580474, 0.101348370945, 3161.0
0.774274696231, 0.927467162124, 0.549485129159, 0.691105685028, 0.154653968179, 0.0397398988469, 0.139734933365, 0.0745878013228, 0.155588628297, 0.194317999105, 0.982863210879, 0.999503621249, 0.0873610847899, 0.715387505722, 0.991173633585, 0.901955404662, 0.630564005784, 0.941329403979, 0.521855050546, 0.814461700795, 0.77284582204, 0.994323657932, 0.821746304644, 0.99530287045, 0.356603206954, 0.955027853636, 3161.0
0.713454031689, 0.780531931739, 0.968025885128, 0.568663860779, 0.22825206698, 0.0457151057751, 0.26771657196, 0.183122121736, 0.991374051666, 0.0844017847681, 0.903767296959, 0.897559417226, 0.00462403608593, 0.514096598155, 0.756664462424, 0.838737535719, 0.905335014833, 0.866043222753, 0.801250255512, 0.697857633039, 0.919745610379, 0.988146347768, 0.79044915614, 0.990213626365, 0.149219858285, 0.21538864625, 3161.0
0.713454031689, 0.543588510651, 0.959987333971, 0.568663860779, 0.246693351201, 0.080269150307, 0.85644057216, 0.0650617095116, 0.976300679684, 0.843481356631, 0.722050688584, 0.985939267549, 0.0731705345469, 0.657647521819, 0.756664462424, 0.965345542301, 0.764449865453, 0.941329403979, 0.876959940396, 0.853317067516, 0.546340658328, 0.578845593648, 0.868137821698, 0.500224599813, 0.286626853008, 0.21538864625, 3161.0
0.713454031689, 0.780531931739, 0.948229220579, 0.568663860779, 0.22825206698, 0.0457151057751, 0.26771657196, 0.165579005538, 0.991374051666, 0.0844017847681, 0.903767296959, 0.897559417226, 0.0401928287832, 0.514096598155, 0.756664462424, 0.838737535719, 0.905335014833, 0.870739086468, 0.801250255512, 0.697857633039, 0.919745610379, 0.988146347768, 0.79044915614, 0.990213626365, 0.217145580474, 0.101348370945, 3161.0
0.774274696231, 0.927467162124, 0.549485129159, 0.691105685028, 0.154653968179, 0.0397398988469, 0.139734933365, 0.0745878013228, 0.155588628297, 0.194317999105, 0.982863210879, 0.999503621249, 0.0873610847899, 0.715387505722, 0.991173633585, 0.901955404662, 0.630564005784, 0.941329403979, 0.521855050546, 0.814461700795, 0.77284582204, 0.994323657932, 0.821746304644, 0.99530287045, 0.356603206954, 0.955027853636, 3161.0
0.956385981287, 0.532126398426, 0.634567074349, 0.755354892178, 0.0566197156807, 0.0874748637493, 0.547738354987, 0.286528678004, 0.528140827284, 0.004614754166, 0.874337800363, 0.996114120847, 0.125805244894, 0.715387505722, 0.981644220616, 0.838737535719, 0.630564005784, 0.587129875494, 0.521855050546, 0.140735925524, 0.661828625208, 0.983832680711, 0.821746304644, 0.58055687648, 0.356603206954, 0.0861416636088, 3185.0
0.822816474015, 0.978898923066, 0.634567074349, 0.99957861603, 0.246693351201, 0.588459992794, 0.512221428846, 0.43467213026, 0.51688364288, 0.907814700524, 0.832038147505, 0.789453415902, 0.0752780287402, 0.604419283932, 0.756664462424, 0.901955404662, 0.914707663905, 0.579238062781, 0.630055102333, 0.0955942098435, 0.919745610379, 0.756649135335, 0.79044915614, 0.864157047955, 0.427557389125, 0.782679910012, 3185.0
0.99994183115, 0.50621718547, 0.634567074349, 0.505324820735, 0.0132259384321, 0.11397819676, 0.045894932347, 0.37489422291, 0.832556419734, 0.81465165286, 0.84960942854, 0.99890969839, 0.438600839678, 0.931443099269, 0.632770036702, 0.838737535719, 0.969693110431, 0.681348337848, 0.971836170465, 0.116380474576, 0.661828625208, 0.806562100918, 0.79044915614, 0.74610375944, 0.427557389125, 0.21538864625, 3185.0
0.651651174308, 0.978898923066, 0.634567074349, 0.568663860779, 0.246693351201, 0.588459992794, 0.512221428846, 0.43467213026, 0.51688364288, 0.815047362408, 0.832038147505, 0.789453415902, 0.0752780287402, 0.604419283932, 0.756664462424, 0.901955404662, 0.914707663905, 0.579238062781, 0.809474746953, 0.0955942098435, 0.919745610379, 0.983832680711, 0.79044915614, 0.864157047955, 0.427557389125, 0.21538864625, 3185.0
0.59681644463, 0.927467162124, 0.523656534087, 0.671637380431, 0.201446028703, 0.162839923756, 0.26771657196, 0.183122121736, 0.991374051666, 0.0844017847681, 0.832038147505, 0.60449456888, 0.18008300669, 0.514096598155, 0.756664462424, 0.838737535719, 0.720200717583, 0.866043222753, 0.630055102333, 0.00214233214135, 0.600160271133, 0.996484289356, 0.531579457535, 0.58055687648, 0.0296022124242, 0.21538864625, 3185.0
0.774274696231, 0.927467162124, 0.634567074349, 0.658273766654, 0.275847734187, 0.0874748637493, 0.353402565312, 0.183122121736, 0.211534781201, 0.735093150161, 0.789074346973, 0.996114120847, 0.125805244894, 0.514096598155, 0.988896851086, 0.901955404662, 0.70234862136, 0.919422494661, 0.521855050546, 0.440329334905, 0.706662704094, 0.993687984688, 0.749013330703, 0.573199654243, 0.422111454423, 0.0861416636088, 3185.0
0.771153846105, 0.733766745545, 0.634567074349, 0.568663860779, 0.218623293869, 0.614716342769, 0.139734933365, 0.37489422291, 0.976300679684, 0.0844017847681, 0.832038147505, 0.999032852835, 0.438600839678, 0.715387505722, 0.846178811773, 0.901955404662, 0.938616108995, 0.681348337848, 0.521855050546, 0.211225149787, 0.624802566827, 0.756649135335, 0.821746304644, 0.74610375944, 0.35888289731, 0.21538864625, 3185.0
0.851398055622, 0.532003819243, 0.634567074349, 0.658273766654, 0.201446028703, 0.108116753056, 0.412819621294, 0.0745878013228, 0.754630653292, 0.815047362408, 0.921755895741, 0.996114120847, 0.328134931663, 0.715387505722, 0.756664462424, 0.796971840488, 0.969693110431, 0.605784867284, 0.521855050546, 0.0633710715696, 0.903142061137, 0.743880652848, 0.821746304644, 0.764527077175, 0.356603206954, 0.21538864625, 3185.0
0.771153846105, 0.780531931739, 0.948229220579, 0.568663860779, 0.22825206698, 0.162839923756, 0.26771657196, 0.183122121736, 0.460487543731, 0.0844017847681, 0.913374992482, 0.60449456888, 0.0752780287402, 0.577402680914, 0.756664462424, 0.838737535719, 0.720200717583, 0.870739086468, 0.630055102333, 0.188658481909, 0.706662704094, 0.988146347768, 0.614363664224, 0.990213626365, 0.217145580474, 0.21538864625, 3185.0
0.774274696231, 0.927467162124, 0.751722646521, 0.658273766654, 0.154653968179, 0.0191715556185, 0.139734933365, 0.0745878013228, 0.855583848654, 0.25160536886, 0.679158030521, 0.650385088356, 0.438600839678, 0.963310381687, 0.988896851086, 0.901955404662, 0.535291847984, 0.680602674897, 0.521855050546, 0.0145903956986, 0.624802566827, 0.98111910999, 0.953000356316, 0.990213626365, 0.356603206954, 0.955027853636, 3185.0
0.552658311986, 0.673445300166, 0.834323632111, 0.903865788404, 0.03776355621, 0.0874748637493, 0.139734933365, 0.183122121736, 0.528140827284, 0.586795431895, 0.874337800363, 0.999443291015, 0.125805244894, 0.63418447595, 0.997710653661, 0.987763168878, 0.630564005784, 0.775322038609, 0.521855050546, 0.0614678482587, 0.650711255953, 0.966640898361, 0.821746304644, 0.990213626365, 0.356603206954, 0.999164667288, 3185.0
0.644712435187, 0.927467162124, 0.634567074349, 0.658273766654, 0.154653968179, 0.00659287130621, 0.353402565312, 0.0741423972724, 0.754630653292, 0.181375456156, 0.702964172961, 0.996114120847, 0.125805244894, 0.922397720172, 0.988896851086, 0.838737535719, 0.55073390958, 0.680602674897, 0.521855050546, 0.0633710715696, 0.624802566827, 0.813988690546, 0.824551006918, 0.990213626365, 0.356603206954, 0.236113945352, 3185.0
0.767187050186, 0.673445300166, 0.634567074349, 0.733995823365, 0.413869547521, 0.11397819676, 0.512221428846, 0.267841878996, 0.976300679684, 0.825774269065, 0.832038147505, 0.996114120847, 0.438600839678, 0.514096598155, 0.758760431073, 0.838737535719, 0.720200717583, 0.956713413755, 0.935265161938, 0.116380474576, 0.624802566827, 0.756649135335, 0.79044915614, 0.74610375944, 0.427557389125, 0.0925611570113, 3185.0
0.774274696231, 0.985802485175, 0.634567074349, 0.661446233786, 0.452733642681, 0.245765854666, 0.331805215377, 0.0745878013228, 0.531425023625, 0.178412891786, 0.930001160107, 0.630074139837, 0.125805244894, 0.715387505722, 0.989354447186, 0.787956564938, 0.804101786229, 0.680602674897, 0.803556263218, 0.047557087648, 0.723797781587, 0.983832680711, 0.782448467368, 0.58055687648, 0.422111454423, 0.442838715164, 3185.0
0.771153846105, 0.94415918105, 0.634567074349, 0.568663860779, 0.143574535136, 0.477136914028, 0.139734933365, 0.37489422291, 0.998646109357, 0.178412891786, 0.832038147505, 0.999174798177, 0.438600839678, 0.835962865287, 0.756664462424, 0.901955404662, 0.969947614606, 0.629352484619, 0.630055102333, 0.116380474576, 0.646901291244, 0.756649135335, 0.79044915614, 0.74610375944, 0.35888289731, 0.21538864625, 3185.0
0.863702108019, 0.927467162124, 0.933347780044, 0.671637380431, 0.201446028703, 0.10860633476, 0.26771657196, 0.183122121736, 0.38434582219, 0.815047362408, 0.995586503992, 0.60449456888, 0.125805244894, 0.514096598155, 0.846178811773, 0.838737535719, 0.720200717583, 0.866043222753, 0.630055102333, 0.00214233214135, 0.600160271133, 0.956651651353, 0.79044915614, 0.58055687648, 0.0296022124242, 0.21538864625, 3185.0
0.771153846105, 0.780531931739, 0.829219037884, 0.658273766654, 0.363778225927, 0.162839923756, 0.26771657196, 0.183122121736, 0.165339099136, 0.390649498615, 0.903767296959, 0.899298317395, 0.18008300669, 0.830863532628, 0.756664462424, 0.838737535719, 0.720200717583, 0.813175103015, 0.695414730297, 0.00233775210858, 0.706662704094, 0.687342194815, 0.79044915614, 0.990213626365, 0.217145580474, 0.21538864625, 3185.0
0.59681644463, 0.673445300166, 0.634567074349, 0.505324820735, 0.0155101315477, 0.272800224104, 0.139734933365, 0.37489422291, 0.832556419734, 0.136342372683, 0.832038147505, 0.996114120847, 0.438600839678, 0.657777090501, 0.756664462424, 0.901955404662, 0.969693110431, 0.681348337848, 0.630055102333, 0.116380474576, 0.661828625208, 0.756649135335, 0.79044915614, 0.74610375944, 0.427557389125, 0.21538864625, 3185.0
0.680450937518, 0.986938162223, 0.634567074349, 0.661446233786, 0.201446028703, 0.245765854666, 0.221903704146, 0.018342357732, 0.5645758298, 0.81465165286, 0.930001160107, 0.996114120847, 0.0883541172106, 0.715387505722, 0.905298030151, 0.787956564938, 0.969693110431, 0.919422494661, 0.521855050546, 0.256355775731, 0.723797781587, 0.983832680711, 0.821746304644, 0.58055687648, 0.356603206954, 0.203731898452, 3185.0
0.651651174308, 0.673445300166, 0.634567074349, 0.620125391448, 0.271821697112, 0.588459992794, 0.512221428846, 0.43467213026, 0.51688364288, 0.815047362408, 0.832038147505, 0.996114120847, 0.0279238530872, 0.814608572339, 0.756664462424, 0.901955404662, 0.914707663905, 0.579238062781, 0.630055102333, 0.162917667487, 0.955353868005, 0.717099870149, 0.79044915614, 0.510195838341, 0.427557389125, 0.21538864625, 3185.0
0.771153846105, 0.978898923066, 0.928954674785, 0.991680753166, 0.449447199105, 0.0467313283554, 0.139734933365, 0.255651413539, 0.980333697724, 0.846451234148, 0.832038147505, 0.951838145388, 0.438600839678, 0.604419283932, 0.846178811773, 0.901955404662, 0.969693110431, 0.681348337848, 0.807088283466, 0.306295850324, 0.624802566827, 0.756649135335, 0.79044915614, 0.74610375944, 0.35888289731, 0.21538864625, 3185.0
0.598290382283, 0.927467162124, 0.819062351345, 0.671637380431, 0.201446028703, 0.114690805889, 0.26771657196, 0.183122121736, 0.991374051666, 0.0844017847681, 0.995134245178, 0.996114120847, 0.0283573111684, 0.514096598155, 0.756664462424, 0.892744620012, 0.969693110431, 0.866043222753, 0.630055102333, 0.116380474576, 0.600160271133, 0.996484289356, 0.531579457535, 0.58055687648, 0.0296022124242, 0.21538864625, 3185.0
0.958777993764, 0.673445300166, 0.634567074349, 0.568663860779, 0.413869547521, 0.00659287130621, 0.512221428846, 0.267841878996, 0.992466412144, 0.815047362408, 0.832038147505, 0.60449456888, 0.438600839678, 0.880003479695, 0.758760431073, 0.838737535719, 0.720200717583, 0.850319346554, 0.630055102333, 0.00214233214135, 0.624802566827, 0.739055853578, 0.824551006918, 0.74610375944, 0.305314758582, 0.203757695461, 3185.0
0.774274696231, 0.927467162124, 0.634567074349, 0.658273766654, 0.233825683264, 0.0896879846226, 0.710283862036, 0.0206201511089, 0.528140827284, 0.735093150161, 0.789074346973, 0.996114120847, 0.125805244894, 0.715387505722, 0.772435619239, 0.889775253903, 0.777377319281, 0.919422494661, 0.521855050546, 0.00975813184951, 0.706662704094, 0.983832680711, 0.736735545608, 0.573199654243, 0.422111454423, 0.111216474026, 3185.0
0.651651174308, 0.501384801351, 0.959179801658, 0.564464744568, 0.14649777208, 0.456629742041, 0.512221428846, 0.43467213026, 0.976300679684, 0.815047362408, 0.832038147505, 0.560468397151, 0.0642059801056, 0.514096598155, 0.756664462424, 0.901955404662, 0.599152114376, 0.579238062781, 0.695414730297, 0.278419526284, 0.706662704094, 0.988146347768, 0.622366514257, 0.925152974773, 0.278546466813, 0.21538864625, 3185.0
0.771153846105, 0.780531931739, 0.829219037884, 0.955730172789, 0.0562323324031, 0.0810087415469, 0.305248145958, 0.183122121736, 0.991374051666, 0.0844017847681, 0.988786187895, 0.944370334788, 0.18008300669, 0.657647521819, 0.785295011343, 0.838737535719, 0.720200717583, 0.866043222753, 0.630055102333, 0.00233775210858, 0.72795780082, 0.756649135335, 0.79044915614, 0.990213626365, 0.119182389551, 0.593115992684, 3185.0
0.851398055622, 0.532003819243, 0.634567074349, 0.626275102558, 0.201446028703, 0.108116753056, 0.306546610829, 0.0745878013228, 0.754630653292, 0.351088105062, 0.921755895741, 0.997298981148, 0.328134931663, 0.715387505722, 0.756664462424, 0.796971840488, 0.969693110431, 0.916606428579, 0.936332163582, 0.00698411743478, 0.723797781587, 0.743880652848, 0.821746304644, 0.764527077175, 0.356603206954, 0.21538864625, 3185.0
0.571371682993, 0.999342860672, 0.992487397725, 0.658273766654, 0.385401016772, 0.105218707763, 0.453107691671, 0.228391045982, 0.942657833029, 0.24007268892, 0.66155591712, 0.60449456888, 0.204746264113, 0.778366616622, 0.756664462424, 0.901955404662, 0.811988347313, 0.76046245659, 0.695414730297, 0.332276253972, 0.678072636104, 0.995359775827, 0.645737737819, 0.633726814318, 0.0775895789824, 0.955027853636, 3185.0
0.644712435187, 0.927467162124, 0.634567074349, 0.810478370017, 0.154653968179, 0.00659287130621, 0.0210097555777, 0.0741423972724, 0.754630653292, 0.825774269065, 0.702964172961, 0.996114120847, 0.125805244894, 0.922397720172, 0.988896851086, 0.987763168878, 0.55073390958, 0.680602674897, 0.604216415985, 0.0633710715696, 0.862527112338, 0.99096522801, 0.824551006918, 0.990213626365, 0.427557389125, 0.999164667288, 3185.0
0.774274696231, 0.890340251348, 0.549485129159, 0.616734547242, 0.154653968179, 0.0397398988469, 0.139734933365, 0.183122121736, 0.155588628297, 0.194317999105, 0.982863210879, 0.999503621249, 0.0873610847899, 0.715387505722, 0.991173633585, 0.901955404662, 0.720200717583, 0.680602674897, 0.521855050546, 0.0633710715696, 0.624802566827, 0.994323657932, 0.821746304644, 0.635503266257, 0.356603206954, 0.293851042527, 3185.0
0.774274696231, 0.927467162124, 0.804672466073, 0.661446233786, 0.452733642681, 0.245765854666, 0.331805215377, 0.0498322353564, 0.531425023625, 0.178412891786, 0.990162491144, 0.983769921518, 0.125805244894, 0.715387505722, 0.981644220616, 0.787956564938, 0.914707663905, 0.680602674897, 0.828407758507, 0.00235660064977, 0.723797781587, 0.983832680711, 0.855206362275, 0.58055687648, 0.356603206954, 0.080588088905, 3185.0
0.746639532527, 0.532126398426, 0.634567074349, 0.816453452311, 0.0566197156807, 0.0874748637493, 0.547738354987, 0.248097855646, 0.528140827284, 0.004614754166, 0.874337800363, 0.996114120847, 0.125805244894, 0.715387505722, 0.988896851086, 0.838737535719, 0.630564005784, 0.587129875494, 0.521855050546, 0.140735925524, 0.661828625208, 0.983832680711, 0.821746304644, 0.713206135428, 0.356603206954, 0.203731898452, 3185.0
0.644712435187, 0.965420788371, 0.634567074349, 0.658273766654, 0.258437258483, 0.0103036859678, 0.139734933365, 0.0741423972724, 0.754630653292, 0.194317999105, 0.645770789788, 0.996114120847, 0.125805244894, 0.922397720172, 0.996444250309, 0.901955404662, 0.535291847984, 0.680602674897, 0.521855050546, 0.0633710715696, 0.624802566827, 0.983832680711, 0.821746304644, 0.913015095226, 0.356603206954, 0.955027853636, 3185.0
0.917234841464, 0.846746446388, 0.634567074349, 0.568663860779, 0.382138997784, 0.108116753056, 0.512221428846, 0.0726172666166, 0.982769786978, 0.886167272056, 0.781841746243, 0.996114120847, 0.438600839678, 0.745173327783, 0.648253451664, 0.901955404662, 0.969693110431, 0.916606428579, 0.742837916587, 0.116380474576, 0.727279019061, 0.756649135335, 0.79044915614, 0.74610375944, 0.427557389125, 0.21538864625, 3185.0
0.651651174308, 0.978898923066, 0.634567074349, 0.661446233786, 0.246693351201, 0.588459992794, 0.20340927429, 0.43467213026, 0.914629190734, 0.815047362408, 0.832038147505, 0.789453415902, 0.0752780287402, 0.604419283932, 0.756664462424, 0.901955404662, 0.914707663905, 0.579238062781, 0.630055102333, 0.0955942098435, 0.919745610379, 0.756649135335, 0.79044915614, 0.864157047955, 0.427557389125, 0.21538864625, 3185.0
0.774274696231, 0.927467162124, 0.634567074349, 0.903865788404, 0.0566197156807, 0.0874748637493, 0.353402565312, 0.0206201511089, 0.528140827284, 0.178412891786, 0.985044581195, 0.996114120847, 0.125805244894, 0.715387505722, 0.988896851086, 0.280337797563, 0.630564005784, 0.680602674897, 0.521855050546, 0.273188435497, 0.661828625208, 0.983832680711, 0.821746304644, 0.58055687648, 0.356603206954, 0.623181781527, 3185.0
0.774274696231, 0.927467162124, 0.634567074349, 0.658273766654, 0.275847734187, 0.0200294444829, 0.353402565312, 0.0206201511089, 0.991374051666, 0.735093150161, 0.789074346973, 0.996114120847, 0.125805244894, 0.82847182247, 0.988896851086, 0.939437515825, 0.70234862136, 0.919422494661, 0.521855050546, 0.103663471682, 0.706662704094, 0.983832680711, 0.736735545608, 0.573199654243, 0.422111454423, 0.0861416636088, 3185.0
0.771153846105, 0.673445300166, 0.969960390811, 0.568663860779, 0.171713146169, 0.0467313283554, 0.412819621294, 0.37489422291, 0.976300679684, 0.0844017847681, 0.734817689755, 0.999032852835, 0.438600839678, 0.715387505722, 0.846178811773, 0.901955404662, 0.597442304117, 0.681348337848, 0.521855050546, 0.116380474576, 0.624802566827, 0.893507611396, 0.84384505607, 0.764527077175, 0.193444953098, 0.21538864625, 3185.0
0.851398055622, 0.532003819243, 0.634567074349, 0.53874981013, 0.201446028703, 0.464793758627, 0.139734933365, 0.0745878013228, 0.754630653292, 0.815047362408, 0.921755895741, 0.996114120847, 0.328134931663, 0.715387505722, 0.756664462424, 0.796971840488, 0.969693110431, 0.605784867284, 0.521855050546, 0.0633710715696, 0.574181375732, 0.743880652848, 0.821746304644, 0.74610375944, 0.356603206954, 0.21538864625, 3185.0
0.774274696231, 0.927467162124, 0.693119702657, 0.658273766654, 0.154653968179, 0.0191715556185, 0.139734933365, 0.0745878013228, 0.428326854084, 0.25160536886, 0.679158030521, 0.650385088356, 0.438600839678, 0.922397720172, 0.988896851086, 0.901955404662, 0.535291847984, 0.680602674897, 0.521855050546, 0.0145903956986, 0.624802566827, 0.98111910999, 0.953000356316, 0.990213626365, 0.356603206954, 0.822546573526, 3185.0
0.822816474015, 0.978898923066, 0.634567074349, 0.99957861603, 0.246693351201, 0.588459992794, 0.512221428846, 0.43467213026, 0.51688364288, 0.907814700524, 0.832038147505, 0.789453415902, 0.0752780287402, 0.604419283932, 0.756664462424, 0.901955404662, 0.914707663905, 0.579238062781, 0.630055102333, 0.0955942098435, 0.919745610379, 0.756649135335, 0.79044915614, 0.864157047955, 0.427557389125, 0.782679910012, 3185.0
0.956385981287, 0.532126398426, 0.634567074349, 0.755354892178, 0.0566197156807, 0.0874748637493, 0.547738354987, 0.286528678004, 0.528140827284, 0.004614754166, 0.874337800363, 0.996114120847, 0.125805244894, 0.715387505722, 0.981644220616, 0.838737535719, 0.630564005784, 0.587129875494, 0.521855050546, 0.140735925524, 0.661828625208, 0.983832680711, 0.821746304644, 0.58055687648, 0.356603206954, 0.0861416636088, 3185.0
0.99994183115, 0.50621718547, 0.634567074349, 0.505324820735, 0.0132259384321, 0.11397819676, 0.045894932347, 0.37489422291, 0.832556419734, 0.81465165286, 0.84960942854, 0.99890969839, 0.438600839678, 0.931443099269, 0.632770036702, 0.838737535719, 0.969693110431, 0.681348337848, 0.971836170465, 0.116380474576, 0.661828625208, 0.806562100918, 0.79044915614, 0.74610375944, 0.427557389125, 0.21538864625, 3185.0
0.651651174308, 0.978898923066, 0.634567074349, 0.568663860779, 0.246693351201, 0.588459992794, 0.512221428846, 0.43467213026, 0.51688364288, 0.815047362408, 0.832038147505, 0.789453415902, 0.0752780287402, 0.604419283932, 0.756664462424, 0.901955404662, 0.914707663905, 0.579238062781, 0.809474746953, 0.0955942098435, 0.919745610379, 0.983832680711, 0.79044915614, 0.864157047955, 0.427557389125, 0.21538864625, 3185.0
0.59681644463, 0.927467162124, 0.523656534087, 0.671637380431, 0.201446028703, 0.162839923756, 0.26771657196, 0.183122121736, 0.991374051666, 0.0844017847681, 0.832038147505, 0.60449456888, 0.18008300669, 0.514096598155, 0.756664462424, 0.838737535719, 0.720200717583, 0.866043222753, 0.630055102333, 0.00214233214135, 0.600160271133, 0.996484289356, 0.531579457535, 0.58055687648, 0.0296022124242, 0.21538864625, 3185.0
0.774274696231, 0.927467162124, 0.634567074349, 0.658273766654, 0.275847734187, 0.0874748637493, 0.353402565312, 0.183122121736, 0.211534781201, 0.735093150161, 0.789074346973, 0.996114120847, 0.125805244894, 0.514096598155, 0.988896851086, 0.901955404662, 0.70234862136, 0.919422494661, 0.521855050546, 0.440329334905, 0.706662704094, 0.993687984688, 0.749013330703, 0.573199654243, 0.422111454423, 0.0861416636088, 3185.0
0.771153846105, 0.733766745545, 0.634567074349, 0.568663860779, 0.218623293869, 0.614716342769, 0.139734933365, 0.37489422291, 0.976300679684, 0.0844017847681, 0.832038147505, 0.999032852835, 0.438600839678, 0.715387505722, 0.846178811773, 0.901955404662, 0.938616108995, 0.681348337848, 0.521855050546, 0.211225149787, 0.624802566827, 0.756649135335, 0.821746304644, 0.74610375944, 0.35888289731, 0.21538864625, 3185.0
0.851398055622, 0.532003819243, 0.634567074349, 0.658273766654, 0.201446028703, 0.108116753056, 0.412819621294, 0.0745878013228, 0.754630653292, 0.815047362408, 0.921755895741, 0.996114120847, 0.328134931663, 0.715387505722, 0.756664462424, 0.796971840488, 0.969693110431, 0.605784867284, 0.521855050546, 0.0633710715696, 0.903142061137, 0.743880652848, 0.821746304644, 0.764527077175, 0.356603206954, 0.21538864625, 3185.0
0.771153846105, 0.780531931739, 0.948229220579, 0.568663860779, 0.22825206698, 0.162839923756, 0.26771657196, 0.183122121736, 0.460487543731, 0.0844017847681, 0.913374992482, 0.60449456888, 0.0752780287402, 0.577402680914, 0.756664462424, 0.838737535719, 0.720200717583, 0.870739086468, 0.630055102333, 0.188658481909, 0.706662704094, 0.988146347768, 0.614363664224, 0.990213626365, 0.217145580474, 0.21538864625, 3185.0
0.774274696231, 0.927467162124, 0.751722646521, 0.658273766654, 0.154653968179, 0.0191715556185, 0.139734933365, 0.0745878013228, 0.855583848654, 0.25160536886, 0.679158030521, 0.650385088356, 0.438600839678, 0.963310381687, 0.988896851086, 0.901955404662, 0.535291847984, 0.680602674897, 0.521855050546, 0.0145903956986, 0.624802566827, 0.98111910999, 0.953000356316, 0.990213626365, 0.356603206954, 0.955027853636, 3185.0
0.552658311986, 0.673445300166, 0.834323632111, 0.903865788404, 0.03776355621, 0.0874748637493, 0.139734933365, 0.183122121736, 0.528140827284, 0.586795431895, 0.874337800363, 0.999443291015, 0.125805244894, 0.63418447595, 0.997710653661, 0.987763168878, 0.630564005784, 0.775322038609, 0.521855050546, 0.0614678482587, 0.650711255953, 0.966640898361, 0.821746304644, 0.990213626365, 0.356603206954, 0.999164667288, 3185.0
0.644712435187, 0.927467162124, 0.634567074349, 0.658273766654, 0.154653968179, 0.00659287130621, 0.353402565312, 0.0741423972724, 0.754630653292, 0.181375456156, 0.702964172961, 0.996114120847, 0.125805244894, 0.922397720172, 0.988896851086, 0.838737535719, 0.55073390958, 0.680602674897, 0.521855050546, 0.0633710715696, 0.624802566827, 0.813988690546, 0.824551006918, 0.990213626365, 0.356603206954, 0.236113945352, 3185.0
0.767187050186, 0.673445300166, 0.634567074349, 0.733995823365, 0.413869547521, 0.11397819676, 0.512221428846, 0.267841878996, 0.976300679684, 0.825774269065, 0.832038147505, 0.996114120847, 0.438600839678, 0.514096598155, 0.758760431073, 0.838737535719, 0.720200717583, 0.956713413755, 0.935265161938, 0.116380474576, 0.624802566827, 0.756649135335, 0.79044915614, 0.74610375944, 0.427557389125, 0.0925611570113, 3185.0
0.774274696231, 0.985802485175, 0.634567074349, 0.661446233786, 0.452733642681, 0.245765854666, 0.331805215377, 0.0745878013228, 0.531425023625, 0.178412891786, 0.930001160107, 0.630074139837, 0.125805244894, 0.715387505722, 0.989354447186, 0.787956564938, 0.804101786229, 0.680602674897, 0.803556263218, 0.047557087648, 0.723797781587, 0.983832680711, 0.782448467368, 0.58055687648, 0.422111454423, 0.442838715164, 3185.0
0.771153846105, 0.94415918105, 0.634567074349, 0.568663860779, 0.143574535136, 0.477136914028, 0.139734933365, 0.37489422291, 0.998646109357, 0.178412891786, 0.832038147505, 0.999174798177, 0.438600839678, 0.835962865287, 0.756664462424, 0.901955404662, 0.969947614606, 0.629352484619, 0.630055102333, 0.116380474576, 0.646901291244, 0.756649135335, 0.79044915614, 0.74610375944, 0.35888289731, 0.21538864625, 3185.0
0.863702108019, 0.927467162124, 0.933347780044, 0.671637380431, 0.201446028703, 0.10860633476, 0.26771657196, 0.183122121736, 0.38434582219, 0.815047362408, 0.995586503992, 0.60449456888, 0.125805244894, 0.514096598155, 0.846178811773, 0.838737535719, 0.720200717583, 0.866043222753, 0.630055102333, 0.00214233214135, 0.600160271133, 0.956651651353, 0.79044915614, 0.58055687648, 0.0296022124242, 0.21538864625, 3185.0
0.771153846105, 0.780531931739, 0.829219037884, 0.658273766654, 0.363778225927, 0.162839923756, 0.26771657196, 0.183122121736, 0.165339099136, 0.390649498615, 0.903767296959, 0.899298317395, 0.18008300669, 0.830863532628, 0.756664462424, 0.838737535719, 0.720200717583, 0.813175103015, 0.695414730297, 0.00233775210858, 0.706662704094, 0.687342194815, 0.79044915614, 0.990213626365, 0.217145580474, 0.21538864625, 3185.0
0.59681644463, 0.673445300166, 0.634567074349, 0.505324820735, 0.0155101315477, 0.272800224104, 0.139734933365, 0.37489422291, 0.832556419734, 0.136342372683, 0.832038147505, 0.996114120847, 0.438600839678, 0.657777090501, 0.756664462424, 0.901955404662, 0.969693110431, 0.681348337848, 0.630055102333, 0.116380474576, 0.661828625208, 0.756649135335, 0.79044915614, 0.74610375944, 0.427557389125, 0.21538864625, 3185.0
0.680450937518, 0.986938162223, 0.634567074349, 0.661446233786, 0.201446028703, 0.245765854666, 0.221903704146, 0.018342357732, 0.5645758298, 0.81465165286, 0.930001160107, 0.996114120847, 0.0883541172106, 0.715387505722, 0.905298030151, 0.787956564938, 0.969693110431, 0.919422494661, 0.521855050546, 0.256355775731, 0.723797781587, 0.983832680711, 0.821746304644, 0.58055687648, 0.356603206954, 0.203731898452, 3185.0
0.651651174308, 0.673445300166, 0.634567074349, 0.620125391448, 0.271821697112, 0.588459992794, 0.512221428846, 0.43467213026, 0.51688364288, 0.815047362408, 0.832038147505, 0.996114120847, 0.0279238530872, 0.814608572339, 0.756664462424, 0.901955404662, 0.914707663905, 0.579238062781, 0.630055102333, 0.162917667487, 0.955353868005, 0.717099870149, 0.79044915614, 0.510195838341, 0.427557389125, 0.21538864625, 3185.0
0.771153846105, 0.978898923066, 0.928954674785, 0.991680753166, 0.449447199105, 0.0467313283554, 0.139734933365, 0.255651413539, 0.980333697724, 0.846451234148, 0.832038147505, 0.951838145388, 0.438600839678, 0.604419283932, 0.846178811773, 0.901955404662, 0.969693110431, 0.681348337848, 0.807088283466, 0.306295850324, 0.624802566827, 0.756649135335, 0.79044915614, 0.74610375944, 0.35888289731, 0.21538864625, 3185.0
0.598290382283, 0.927467162124, 0.819062351345, 0.671637380431, 0.201446028703, 0.114690805889, 0.26771657196, 0.183122121736, 0.991374051666, 0.0844017847681, 0.995134245178, 0.996114120847, 0.0283573111684, 0.514096598155, 0.756664462424, 0.892744620012, 0.969693110431, 0.866043222753, 0.630055102333, 0.116380474576, 0.600160271133, 0.996484289356, 0.531579457535, 0.58055687648, 0.0296022124242, 0.21538864625, 3185.0
0.958777993764, 0.673445300166, 0.634567074349, 0.568663860779, 0.413869547521, 0.00659287130621, 0.512221428846, 0.267841878996, 0.992466412144, 0.815047362408, 0.832038147505, 0.60449456888, 0.438600839678, 0.880003479695, 0.758760431073, 0.838737535719, 0.720200717583, 0.850319346554, 0.630055102333, 0.00214233214135, 0.624802566827, 0.739055853578, 0.824551006918, 0.74610375944, 0.305314758582, 0.203757695461, 3185.0
0.774274696231, 0.927467162124, 0.634567074349, 0.658273766654, 0.233825683264, 0.0896879846226, 0.710283862036, 0.0206201511089, 0.528140827284, 0.735093150161, 0.789074346973, 0.996114120847, 0.125805244894, 0.715387505722, 0.772435619239, 0.889775253903, 0.777377319281, 0.919422494661, 0.521855050546, 0.00975813184951, 0.706662704094, 0.983832680711, 0.736735545608, 0.573199654243, 0.422111454423, 0.111216474026, 3185.0
0.651651174308, 0.501384801351, 0.959179801658, 0.564464744568, 0.14649777208, 0.456629742041, 0.512221428846, 0.43467213026, 0.976300679684, 0.815047362408, 0.832038147505, 0.560468397151, 0.0642059801056, 0.514096598155, 0.756664462424, 0.901955404662, 0.599152114376, 0.579238062781, 0.695414730297, 0.278419526284, 0.706662704094, 0.988146347768, 0.622366514257, 0.925152974773, 0.278546466813, 0.21538864625, 3185.0
0.771153846105, 0.780531931739, 0.829219037884, 0.955730172789, 0.0562323324031, 0.0810087415469, 0.305248145958, 0.183122121736, 0.991374051666, 0.0844017847681, 0.988786187895, 0.944370334788, 0.18008300669, 0.657647521819, 0.785295011343, 0.838737535719, 0.720200717583, 0.866043222753, 0.630055102333, 0.00233775210858, 0.72795780082, 0.756649135335, 0.79044915614, 0.990213626365, 0.119182389551, 0.593115992684, 3185.0
0.851398055622, 0.532003819243, 0.634567074349, 0.626275102558, 0.201446028703, 0.108116753056, 0.306546610829, 0.0745878013228, 0.754630653292, 0.351088105062, 0.921755895741, 0.997298981148, 0.328134931663, 0.715387505722, 0.756664462424, 0.796971840488, 0.969693110431, 0.916606428579, 0.936332163582, 0.00698411743478, 0.723797781587, 0.743880652848, 0.821746304644, 0.764527077175, 0.356603206954, 0.21538864625, 3185.0
0.571371682993, 0.999342860672, 0.992487397725, 0.658273766654, 0.385401016772, 0.105218707763, 0.453107691671, 0.228391045982, 0.942657833029, 0.24007268892, 0.66155591712, 0.60449456888, 0.204746264113, 0.778366616622, 0.756664462424, 0.901955404662, 0.811988347313, 0.76046245659, 0.695414730297, 0.332276253972, 0.678072636104, 0.995359775827, 0.645737737819, 0.633726814318, 0.0775895789824, 0.955027853636, 3185.0
