0.808216577086, 0.988446044345, 0.829219037884, 0.568663860779, 0.449447199105, 0.0467313283554, 0.174013690139, 0.736364924039, 0.983783972965, 0.971748871008, 0.832038147505, 0.996114120847, 0.0182168883747, 0.514096598155, 0.983901582201, 0.901955404662, 0.969693110431, 0.708300937472, 0.695414730297, 0.273188435497, 0.67864999321, 0.756649135335, 0.79044915614, 0.58055687648, 0.0304915460381, 0.529956712203, 2986.0
0.771153846105, 0.965420788371, 0.634567074349, 0.903865788404, 0.344553654127, 0.0293868742855, 0.353402565312, 0.753638155372, 0.886859505903, 0.178412891786, 0.985044581195, 0.996114120847, 0.125805244894, 0.715387505722, 0.988896851086, 0.722904220385, 0.630564005784, 0.708300937472, 0.521855050546, 0.273188435497, 0.950847309776, 0.90011091306, 0.821746304644, 0.58055687648, 0.356603206954, 0.21538864625, 2986.0
0.644712435187, 0.661988107261, 0.634567074349, 0.955730172789, 0.382138997784, 0.00610143575574, 0.139734933365, 0.762000682739, 0.754630653292, 0.194317999105, 0.645770789788, 0.997073481408, 0.125805244894, 0.922397720172, 0.996444250309, 0.901955404662, 0.500786714272, 0.680602674897, 0.521855050546, 0.0633710715696, 0.624802566827, 0.756649135335, 0.88625394954, 0.913015095226, 0.356603206954, 0.998852942177, 2986.0
0.771153846105, 0.780531931739, 0.829219037884, 0.955730172789, 0.0566197156807, 0.255110087107, 0.139734933365, 0.644667421524, 0.581469051402, 0.0563508267122, 0.903767296959, 0.899298317395, 0.18008300669, 0.514096598155, 0.785295011343, 0.787916431629, 0.720200717583, 0.774704038235, 0.695414730297, 0.00233775210858, 0.72795780082, 0.997663177529, 0.79044915614, 0.990213626365, 0.119182389551, 0.593115992684, 2986.0
0.774274696231, 0.684980129634, 0.634567074349, 0.548493311096, 0.0562323324031, 0.0874748637493, 0.353402565312, 0.881916790635, 0.72464339868, 0.951715672109, 0.985044581195, 0.996114120847, 0.125805244894, 0.860536282152, 0.988896851086, 0.820424685291, 0.630564005784, 0.708300937472, 0.521855050546, 0.273188435497, 0.612991754448, 0.983832680711, 0.88625394954, 0.58055687648, 0.356603206954, 0.795817947017, 2986.0
0.771153846105, 0.957883272286, 0.829219037884, 0.719559824765, 0.0562323324031, 0.255110087107, 0.26771657196, 0.795714895638, 0.991374051666, 0.799447148842, 0.977162874072, 0.945843338545, 0.18008300669, 0.514096598155, 0.785295011343, 0.838737535719, 0.91855882847, 0.866043222753, 0.695414730297, 0.00233775210858, 0.706662704094, 0.988146347768, 0.862115487383, 0.990213626365, 0.119182389551, 0.138519470825, 2986.0
0.980201233665, 0.886509952597, 0.81613096216, 0.955730172789, 0.18003414286, 0.494644347316, 0.146698983371, 0.65343524147, 0.997488722394, 0.911762717825, 0.999998619211, 0.907913232169, 0.258744644369, 0.999626081674, 0.832596718367, 0.905922810697, 0.779959733912, 0.802780190735, 0.978781280537, 0.570429378307, 0.0676559775738, 0.194104744084, 0.000363305054298, 0.256152249579, 0.231870158358, 0.0980848718995, 2986.0
0.771153846105, 0.780531931739, 0.829219037884, 0.955730172789, 0.0241037025397, 0.436675258587, 0.26771657196, 0.795714895638, 0.991374051666, 0.0844017847681, 0.903767296959, 0.899298317395, 0.18008300669, 0.514096598155, 0.785295011343, 0.838737535719, 0.720200717583, 0.866043222753, 0.695414730297, 0.309199759045, 0.734387372503, 0.932664212583, 0.981604059311, 0.990213626365, 0.119182389551, 0.21538864625, 2986.0
0.866914525692, 0.661988107261, 0.634567074349, 0.903865788404, 0.0566197156807, 0.0874748637493, 0.353402565312, 0.753638155372, 0.887809088296, 0.178412891786, 0.985044581195, 0.653906627464, 0.125805244894, 0.715387505722, 0.993436713802, 0.820424685291, 0.595781815872, 0.708300937472, 0.521855050546, 0.137613429912, 0.612991754448, 0.90011091306, 0.88625394954, 0.58055687648, 0.356603206954, 0.21538864625, 2986.0
0.774274696231, 0.780531931739, 0.948229220579, 0.568663860779, 0.311286627531, 0.0457151057751, 0.26771657196, 0.586645756311, 0.991374051666, 0.0844017847681, 0.903767296959, 0.897559417226, 0.0401928287832, 0.514096598155, 0.756664462424, 0.877770802062, 0.720200717583, 0.870739086468, 0.808644096412, 0.697857633039, 0.919745610379, 0.988146347768, 0.79044915614, 0.990213626365, 0.217145580474, 0.101348370945, 2986.0
0.771153846105, 0.988446044345, 0.829219037884, 0.590228417164, 0.449447199105, 0.0467313283554, 0.174013690139, 0.736364924039, 0.983783972965, 0.951715672109, 0.832038147505, 0.999244272886, 0.0994425030297, 0.514096598155, 0.983901582201, 0.901955404662, 0.969693110431, 0.681348337848, 0.521855050546, 0.273188435497, 0.624802566827, 0.756649135335, 0.79044915614, 0.58055687648, 0.0304915460381, 0.74316802582, 2986.0
0.644712435187, 0.661988107261, 0.634567074349, 0.753821024694, 0.382138997784, 0.00610143575574, 0.139734933365, 0.762000682739, 0.754630653292, 0.194317999105, 0.645770789788, 0.997073481408, 0.125805244894, 0.922397720172, 0.996444250309, 0.901955404662, 0.500786714272, 0.680602674897, 0.521855050546, 0.411241484402, 0.624802566827, 0.756649135335, 0.937081523332, 0.913015095226, 0.356603206954, 0.998852942177, 2986.0
0.733526172089, 0.686448449062, 0.98512564984, 0.955730172789, 0.24004020752, 0.175967193659, 0.198248465848, 0.79517090927, 0.992120554201, 0.0521045764079, 0.545347650705, 0.60449456888, 0.18008300669, 0.514096598155, 0.756664462424, 0.93630573054, 0.720200717583, 0.866043222753, 0.713583822589, 0.0633710715696, 0.706662704094, 0.868876860735, 0.821746304644, 0.990213626365, 0.124284998972, 0.623181781527, 2986.0
0.98787039707, 0.957883272286, 0.81613096216, 0.955730172789, 0.18003414286, 0.494644347316, 0.146698983371, 0.65343524147, 0.997488722394, 0.911762717825, 0.999998619211, 0.907913232169, 0.258744644369, 0.999626081674, 0.832596718367, 0.905922810697, 0.779959733912, 0.802780190735, 0.978781280537, 0.570429378307, 0.0676559775738, 0.194104744084, 0.000363305054298, 0.256152249579, 0.0351866827252, 0.145277616734, 2986.0
0.771153846105, 0.780531931739, 0.829219037884, 0.955730172789, 0.0241037025397, 0.280003618332, 0.26771657196, 0.605686567629, 0.991374051666, 0.225221379756, 0.903767296959, 0.899298317395, 0.18008300669, 0.514096598155, 0.785295011343, 0.838737535719, 0.720200717583, 0.866043222753, 0.695414730297, 0.309199759045, 0.612991754448, 0.530533099443, 0.981604059311, 0.990213626365, 0.119182389551, 0.21538864625, 2986.0
0.771153846105, 0.661988107261, 0.634567074349, 0.903865788404, 0.0566197156807, 0.0874748637493, 0.353402565312, 0.753638155372, 0.887809088296, 0.178412891786, 0.985044581195, 0.996114120847, 0.125805244894, 0.715387505722, 0.99507175859, 0.820424685291, 0.630564005784, 0.708300937472, 0.521855050546, 0.137613429912, 0.706662704094, 0.90011091306, 0.88625394954, 0.58055687648, 0.356603206954, 0.21538864625, 2986.0
0.863702108019, 0.780531931739, 0.948229220579, 0.568663860779, 0.311286627531, 0.0457151057751, 0.26771657196, 0.586645756311, 0.991374051666, 0.0844017847681, 0.903767296959, 0.897559417226, 0.0401928287832, 0.514096598155, 0.756664462424, 0.838737535719, 0.905335014833, 0.870739086468, 0.808644096412, 0.697857633039, 0.919745610379, 0.988146347768, 0.761264696505, 0.990213626365, 0.217145580474, 0.101348370945, 2986.0
0.774274696231, 0.927467162124, 0.933347780044, 0.541854129674, 0.201446028703, 0.10860633476, 0.26771657196, 0.732533131942, 0.38434582219, 0.815047362408, 0.995586503992, 0.60449456888, 0.125805244894, 0.796778521345, 0.846178811773, 0.711033222234, 0.720200717583, 0.866043222753, 0.630055102333, 0.00214233214135, 0.600160271133, 0.956651651353, 0.926007336405, 0.58055687648, 0.0296022124242, 0.21538864625, 2986.0
0.771153846105, 0.780531931739, 0.829219037884, 0.955730172789, 0.317472428573, 0.485965920413, 0.139734933365, 0.789231473717, 0.581469051402, 0.0563508267122, 0.914784747073, 0.899298317395, 0.101773068484, 0.514096598155, 0.756664462424, 0.59858685358, 0.720200717583, 0.866043222753, 0.695414730297, 0.0300651610762, 0.632757669916, 0.997663177529, 0.585919837659, 0.946493966222, 0.119182389551, 0.593115992684, 2986.0
0.571371682993, 0.999342860672, 0.992487397725, 0.658273766654, 0.385401016772, 0.105218707763, 0.0981826662651, 0.758895153473, 0.942657833029, 0.24007268892, 0.921755895741, 0.60449456888, 0.125805244894, 0.778366616622, 0.756664462424, 0.787956564938, 0.969693110431, 0.76046245659, 0.59623388506, 0.332276253972, 0.86823993358, 0.995359775827, 0.645737737819, 0.633726814318, 0.0775895789824, 0.955027853636, 2986.0
0.808216577086, 0.988446044345, 0.829219037884, 0.568663860779, 0.449447199105, 0.0467313283554, 0.174013690139, 0.736364924039, 0.983783972965, 0.971748871008, 0.832038147505, 0.996114120847, 0.0182168883747, 0.514096598155, 0.983901582201, 0.901955404662, 0.969693110431, 0.708300937472, 0.695414730297, 0.273188435497, 0.67864999321, 0.756649135335, 0.79044915614, 0.58055687648, 0.0304915460381, 0.529956712203, 2986.0
0.771153846105, 0.965420788371, 0.634567074349, 0.903865788404, 0.344553654127, 0.0293868742855, 0.353402565312, 0.753638155372, 0.886859505903, 0.178412891786, 0.985044581195, 0.996114120847, 0.125805244894, 0.715387505722, 0.988896851086, 0.722904220385, 0.630564005784, 0.708300937472, 0.521855050546, 0.273188435497, 0.950847309776, 0.90011091306, 0.821746304644, 0.58055687648, 0.356603206954, 0.21538864625, 2986.0
0.644712435187, 0.661988107261, 0.634567074349, 0.955730172789, 0.382138997784, 0.00610143575574, 0.139734933365, 0.762000682739, 0.754630653292, 0.194317999105, 0.645770789788, 0.997073481408, 0.125805244894, 0.922397720172, 0.996444250309, 0.901955404662, 0.500786714272, 0.680602674897, 0.521855050546, 0.0633710715696, 0.624802566827, 0.756649135335, 0.88625394954, 0.913015095226, 0.356603206954, 0.998852942177, 2986.0
0.771153846105, 0.780531931739, 0.829219037884, 0.955730172789, 0.0566197156807, 0.255110087107, 0.139734933365, 0.644667421524, 0.581469051402, 0.0563508267122, 0.903767296959, 0.899298317395, 0.18008300669, 0.514096598155, 0.785295011343, 0.787916431629, 0.720200717583, 0.774704038235, 0.695414730297, 0.00233775210858, 0.72795780082, 0.997663177529, 0.79044915614, 0.990213626365, 0.119182389551, 0.593115992684, 2986.0
0.774274696231, 0.684980129634, 0.634567074349, 0.548493311096, 0.0562323324031, 0.0874748637493, 0.353402565312, 0.881916790635, 0.72464339868, 0.951715672109, 0.985044581195, 0.996114120847, 0.125805244894, 0.860536282152, 0.988896851086, 0.820424685291, 0.630564005784, 0.708300937472, 0.521855050546, 0.273188435497, 0.612991754448, 0.983832680711, 0.88625394954, 0.58055687648, 0.356603206954, 0.795817947017, 2986.0
0.771153846105, 0.957883272286, 0.829219037884, 0.719559824765, 0.0562323324031, 0.255110087107, 0.26771657196, 0.795714895638, 0.991374051666, 0.799447148842, 0.977162874072, 0.945843338545, 0.18008300669, 0.514096598155, 0.785295011343, 0.838737535719, 0.91855882847, 0.866043222753, 0.695414730297, 0.00233775210858, 0.706662704094, 0.988146347768, 0.862115487383, 0.990213626365, 0.119182389551, 0.138519470825, 2986.0
0.980201233665, 0.886509952597, 0.81613096216, 0.955730172789, 0.18003414286, 0.494644347316, 0.146698983371, 0.65343524147, 0.997488722394, 0.911762717825, 0.999998619211, 0.907913232169, 0.258744644369, 0.999626081674, 0.832596718367, 0.905922810697, 0.779959733912, 0.802780190735, 0.978781280537, 0.570429378307, 0.0676559775738, 0.194104744084, 0.000363305054298, 0.256152249579, 0.231870158358, 0.0980848718995, 2986.0
0.771153846105, 0.780531931739, 0.829219037884, 0.955730172789, 0.0241037025397, 0.436675258587, 0.26771657196, 0.795714895638, 0.991374051666, 0.0844017847681, 0.903767296959, 0.899298317395, 0.18008300669, 0.514096598155, 0.785295011343, 0.838737535719, 0.720200717583, 0.866043222753, 0.695414730297, 0.309199759045, 0.734387372503, 0.932664212583, 0.981604059311, 0.990213626365, 0.119182389551, 0.21538864625, 2986.0
0.866914525692, 0.661988107261, 0.634567074349, 0.903865788404, 0.0566197156807, 0.0874748637493, 0.353402565312, 0.753638155372, 0.887809088296, 0.178412891786, 0.985044581195, 0.653906627464, 0.125805244894, 0.715387505722, 0.993436713802, 0.820424685291, 0.595781815872, 0.708300937472, 0.521855050546, 0.137613429912, 0.612991754448, 0.90011091306, 0.88625394954, 0.58055687648, 0.356603206954, 0.21538864625, 2986.0
0.774274696231, 0.780531931739, 0.948229220579, 0.568663860779, 0.311286627531, 0.0457151057751, 0.26771657196, 0.586645756311, 0.991374051666, 0.0844017847681, 0.903767296959, 0.897559417226, 0.0401928287832, 0.514096598155, 0.756664462424, 0.877770802062, 0.720200717583, 0.870739086468, 0.808644096412, 0.697857633039, 0.919745610379, 0.988146347768, 0.79044915614, 0.990213626365, 0.217145580474, 0.101348370945, 2986.0
0.771153846105, 0.988446044345, 0.829219037884, 0.590228417164, 0.449447199105, 0.0467313283554, 0.174013690139, 0.736364924039, 0.983783972965, 0.951715672109, 0.832038147505, 0.999244272886, 0.0994425030297, 0.514096598155, 0.983901582201, 0.901955404662, 0.969693110431, 0.681348337848, 0.521855050546, 0.273188435497, 0.624802566827, 0.756649135335, 0.79044915614, 0.58055687648, 0.0304915460381, 0.74316802582, 2986.0
0.644712435187, 0.661988107261, 0.634567074349, 0.753821024694, 0.382138997784, 0.00610143575574, 0.139734933365, 0.762000682739, 0.754630653292, 0.194317999105, 0.645770789788, 0.997073481408, 0.125805244894, 0.922397720172, 0.996444250309, 0.901955404662, 0.500786714272, 0.680602674897, 0.521855050546, 0.411241484402, 0.624802566827, 0.756649135335, 0.937081523332, 0.913015095226, 0.356603206954, 0.998852942177, 2986.0
0.733526172089, 0.686448449062, 0.98512564984, 0.955730172789, 0.24004020752, 0.175967193659, 0.198248465848, 0.79517090927, 0.992120554201, 0.0521045764079, 0.545347650705, 0.60449456888, 0.18008300669, 0.514096598155, 0.756664462424, 0.93630573054, 0.720200717583, 0.866043222753, 0.713583822589, 0.0633710715696, 0.706662704094, 0.868876860735, 0.821746304644, 0.990213626365, 0.124284998972, 0.623181781527, 2986.0
0.98787039707, 0.957883272286, 0.81613096216, 0.955730172789, 0.18003414286, 0.494644347316, 0.146698983371, 0.65343524147, 0.997488722394, 0.911762717825, 0.999998619211, 0.907913232169, 0.258744644369, 0.999626081674, 0.832596718367, 0.905922810697, 0.779959733912, 0.802780190735, 0.978781280537, 0.570429378307, 0.0676559775738, 0.194104744084, 0.000363305054298, 0.256152249579, 0.0351866827252, 0.145277616734, 2986.0
0.771153846105, 0.780531931739, 0.829219037884, 0.955730172789, 0.0241037025397, 0.280003618332, 0.26771657196, 0.605686567629, 0.991374051666, 0.225221379756, 0.903767296959, 0.899298317395, 0.18008300669, 0.514096598155, 0.785295011343, 0.838737535719, 0.720200717583, 0.866043222753, 0.695414730297, 0.309199759045, 0.612991754448, 0.530533099443, 0.981604059311, 0.990213626365, 0.119182389551, 0.21538864625, 2986.0
0.771153846105, 0.661988107261, 0.634567074349, 0.903865788404, 0.0566197156807, 0.0874748637493, 0.353402565312, 0.753638155372, 0.887809088296, 0.178412891786, 0.985044581195, 0.996114120847, 0.125805244894, 0.715387505722, 0.99507175859, 0.820424685291, 0.630564005784, 0.708300937472, 0.521855050546, 0.137613429912, 0.706662704094, 0.90011091306, 0.88625394954, 0.58055687648, 0.356603206954, 0.21538864625, 2986.0
0.863702108019, 0.780531931739, 0.948229220579, 0.568663860779, 0.311286627531, 0.0457151057751, 0.26771657196, 0.586645756311, 0.991374051666, 0.0844017847681, 0.903767296959, 0.897559417226, 0.0401928287832, 0.514096598155, 0.756664462424, 0.838737535719, 0.905335014833, 0.870739086468, 0.808644096412, 0.697857633039, 0.919745610379, 0.988146347768, 0.761264696505, 0.990213626365, 0.217145580474, 0.101348370945, 2986.0
0.774274696231, 0.927467162124, 0.933347780044, 0.541854129674, 0.201446028703, 0.10860633476, 0.26771657196, 0.732533131942, 0.38434582219, 0.815047362408, 0.995586503992, 0.60449456888, 0.125805244894, 0.796778521345, 0.846178811773, 0.711033222234, 0.720200717583, 0.866043222753, 0.630055102333, 0.00214233214135, 0.600160271133, 0.956651651353, 0.926007336405, 0.58055687648, 0.0296022124242, 0.21538864625, 2986.0
0.771153846105, 0.780531931739, 0.829219037884, 0.955730172789, 0.317472428573, 0.485965920413, 0.139734933365, 0.789231473717, 0.581469051402, 0.0563508267122, 0.914784747073, 0.899298317395, 0.101773068484, 0.514096598155, 0.756664462424, 0.59858685358, 0.720200717583, 0.866043222753, 0.695414730297, 0.0300651610762, 0.632757669916, 0.997663177529, 0.585919837659, 0.946493966222, 0.119182389551, 0.593115992684, 2986.0
0.571371682993, 0.999342860672, 0.992487397725, 0.658273766654, 0.385401016772, 0.105218707763, 0.0981826662651, 0.758895153473, 0.942657833029, 0.24007268892, 0.921755895741, 0.60449456888, 0.125805244894, 0.778366616622, 0.756664462424, 0.787956564938, 0.969693110431, 0.76046245659, 0.59623388506, 0.332276253972, 0.86823993358, 0.995359775827, 0.645737737819, 0.633726814318, 0.0775895789824, 0.955027853636, 2986.0
0.713454031689, 0.780531931739, 0.548518304171, 0.568663860779, 0.22825206698, 0.921136777994, 0.509530608665, 0.183122121736, 0.9961979196, 0.0844017847681, 0.903767296959, 0.581440597328, 0.260665732217, 0.514096598155, 0.756664462424, 0.838737535719, 0.905335014833, 0.866043222753, 0.801250255512, 0.853317067516, 0.919745610379, 0.988146347768, 0.79044915614, 0.990213626365, 0.149219858285, 0.21538864625, 3161.0
0.713454031689, 0.780531931739, 0.548518304171, 0.568663860779, 0.22825206698, 0.921136777994, 0.26771657196, 0.183122121736, 0.993963519304, 0.0844017847681, 0.903767296959, 0.960806032159, 0.00462403608593, 0.514096598155, 0.756664462424, 0.838737535719, 0.905335014833, 0.866043222753, 0.801250255512, 0.853317067516, 0.919745610379, 0.988146347768, 0.79044915614, 0.947175647848, 0.149219858285, 0.21538864625, 3161.0
0.713454031689, 0.528177379656, 0.959987333971, 0.568663860779, 0.246693351201, 0.080269150307, 0.910119110865, 0.0650617095116, 0.976300679684, 0.843481356631, 0.722050688584, 0.897559417226, 0.0731705345469, 0.657647521819, 0.756664462424, 0.965345542301, 0.992406447145, 0.941329403979, 0.876959940396, 0.697857633039, 0.546340658328, 0.578845593648, 0.868137821698, 0.500224599813, 0.286626853008, 0.21538864625, 3161.0
0.774274696231, 0.780531931739, 0.948229220579, 0.568663860779, 0.22825206698, 0.0457151057751, 0.26771657196, 0.0592879502152, 0.991794665728, 0.0844017847681, 0.903767296959, 0.985939267549, 0.0401928287832, 0.561565254843, 0.756664462424, 0.838737535719, 0.905335014833, 0.870739086468, 0.801250255512, 0.697857633039, 0.77284582204, 0.988146347768, 0.79044915614, 0.990213626365, 0.217145580474, 0.325634630551, 3161.0
0.713454031689, 0.780531931739, 0.548518304171, 0.568663860779, 0.22825206698, 0.921136777994, 0.509530608665, 0.183122121736, 0.9961979196, 0.0844017847681, 0.903767296959, 0.581440597328, 0.260665732217, 0.514096598155, 0.756664462424, 0.838737535719, 0.905335014833, 0.866043222753, 0.801250255512, 0.853317067516, 0.919745610379, 0.988146347768, 0.79044915614, 0.990213626365, 0.149219858285, 0.21538864625, 3161.0
0.713454031689, 0.780531931739, 0.548518304171, 0.568663860779, 0.22825206698, 0.921136777994, 0.26771657196, 0.183122121736, 0.993963519304, 0.0844017847681, 0.903767296959, 0.960806032159, 0.00462403608593, 0.514096598155, 0.756664462424, 0.838737535719, 0.905335014833, 0.866043222753, 0.801250255512, 0.853317067516, 0.919745610379, 0.988146347768, 0.79044915614, 0.947175647848, 0.149219858285, 0.21538864625, 3161.0
0.713454031689, 0.528177379656, 0.959987333971, 0.568663860779, 0.246693351201, 0.080269150307, 0.910119110865, 0.0650617095116, 0.976300679684, 0.843481356631, 0.722050688584, 0.897559417226, 0.0731705345469, 0.657647521819, 0.756664462424, 0.965345542301, 0.992406447145, 0.941329403979, 0.876959940396, 0.697857633039, 0.546340658328, 0.578845593648, 0.868137821698, 0.500224599813, 0.286626853008, 0.21538864625, 3161.0
0.774274696231, 0.780531931739, 0.948229220579, 0.568663860779, 0.22825206698, 0.0457151057751, 0.26771657196, 0.0592879502152, 0.991794665728, 0.0844017847681, 0.903767296959, 0.985939267549, 0.0401928287832, 0.561565254843, 0.756664462424, 0.838737535719, 0.905335014833, 0.870739086468, 0.801250255512, 0.697857633039, 0.77284582204, 0.988146347768, 0.79044915614, 0.990213626365, 0.217145580474, 0.325634630551, 3161.0
0.851398055622, 0.797236306741, 0.634567074349, 0.626275102558, 0.201446028703, 0.108116753056, 0.306546610829, 0.0745878013228, 0.754630653292, 0.351088105062, 0.921755895741, 0.720127396551, 0.328134931663, 0.715387505722, 0.756664462424, 0.787916431629, 0.977532569476, 0.916606428579, 0.953429989955, 0.00698411743478, 0.723797781587, 0.743880652848, 0.821746304644, 0.764527077175, 0.356603206954, 0.21538864625, 3185.0
0.709580870834, 0.978898923066, 0.745833278104, 0.99957861603, 0.246693351201, 0.588459992794, 0.512221428846, 0.43467213026, 0.51688364288, 0.907814700524, 0.832038147505, 0.789453415902, 0.0752780287402, 0.604419283932, 0.756664462424, 0.901955404662, 0.91580941031, 0.579238062781, 0.630055102333, 0.0298926836763, 0.919745610379, 0.756649135335, 0.79044915614, 0.864157047955, 0.427557389125, 0.0909119629494, 3185.0
0.956385981287, 0.532126398426, 0.734834678107, 0.755354892178, 0.0566197156807, 0.0874748637493, 0.804787462017, 0.286528678004, 0.528140827284, 0.004614754166, 0.874337800363, 0.819471498668, 0.125805244894, 0.715387505722, 0.981644220616, 0.893693557567, 0.634362220061, 0.587129875494, 0.521855050546, 0.140735925524, 0.661828625208, 0.983832680711, 0.821746304644, 0.58055687648, 0.356603206954, 0.0861416636088, 3185.0
0.59681644463, 0.927467162124, 0.523656534087, 0.671637380431, 0.218623293869, 0.162839923756, 0.26771657196, 0.183122121736, 0.991525169645, 0.0844017847681, 0.832038147505, 0.60449456888, 0.18008300669, 0.514096598155, 0.756664462424, 0.838737535719, 0.865633140667, 0.866043222753, 0.630055102333, 0.45600974046, 0.600160271133, 0.997902583496, 0.531579457535, 0.58055687648, 0.0296022124242, 0.21538864625, 3185.0
0.771153846105, 0.733766745545, 0.634567074349, 0.568663860779, 0.201446028703, 0.614716342769, 0.139734933365, 0.37489422291, 0.976300679684, 0.0844017847681, 0.832038147505, 0.999032852835, 0.438600839678, 0.715387505722, 0.846178811773, 0.901955404662, 0.938616108995, 0.681348337848, 0.521855050546, 0.211225149787, 0.624802566827, 0.743880652848, 0.821746304644, 0.638968569148, 0.35888289731, 0.21538864625, 3185.0
0.73492755081, 0.927467162124, 0.751722646521, 0.658273766654, 0.154653968179, 0.0191715556185, 0.139734933365, 0.0276582778273, 0.855583848654, 0.25160536886, 0.837295623913, 0.650385088356, 0.159984521924, 0.963310381687, 0.988896851086, 0.901955404662, 0.535291847984, 0.680602674897, 0.521855050546, 0.0145903956986, 0.713868292237, 0.516171278075, 0.953000356316, 0.990213626365, 0.356603206954, 0.955027853636, 3185.0
0.552658311986, 0.673445300166, 0.834323632111, 0.903865788404, 0.03776355621, 0.0874748637493, 0.139734933365, 0.183122121736, 0.528140827284, 0.586795431895, 0.874337800363, 0.999443291015, 0.125805244894, 0.63418447595, 0.997710653661, 0.987763168878, 0.630564005784, 0.775322038609, 0.521855050546, 0.0203581960612, 0.524269792452, 0.966640898361, 0.821746304644, 0.990213626365, 0.356603206954, 0.999164667288, 3185.0
0.774274696231, 0.985802485175, 0.634567074349, 0.661446233786, 0.452733642681, 0.245765854666, 0.331805215377, 0.0745878013228, 0.0431078283413, 0.178412891786, 0.930001160107, 0.630074139837, 0.125805244894, 0.971457548696, 0.989354447186, 0.787956564938, 0.804101786229, 0.866043222753, 0.803556263218, 0.047557087648, 0.723797781587, 0.983832680711, 0.782448467368, 0.58055687648, 0.422111454423, 0.442838715164, 3185.0
0.863702108019, 0.927467162124, 0.933347780044, 0.671637380431, 0.201446028703, 0.10860633476, 0.26771657196, 0.183122121736, 0.38434582219, 0.815047362408, 0.995586503992, 0.762673785926, 0.125805244894, 0.514096598155, 0.846178811773, 0.838737535719, 0.720200717583, 0.680602674897, 0.630055102333, 0.00214233214135, 0.600160271133, 0.956651651353, 0.79044915614, 0.58055687648, 0.370476781389, 0.21538864625, 3185.0
0.680450937518, 0.986938162223, 0.634567074349, 0.661446233786, 0.201446028703, 0.212827432219, 0.221903704146, 0.018342357732, 0.5645758298, 0.81465165286, 0.98128588892, 0.684757588005, 0.0883541172106, 0.715387505722, 0.905298030151, 0.787956564938, 0.914707663905, 0.919422494661, 0.521855050546, 0.256355775731, 0.723797781587, 0.983832680711, 0.821746304644, 0.58055687648, 0.356603206954, 0.203731898452, 3185.0
0.598290382283, 0.927467162124, 0.819062351345, 0.671637380431, 0.140478365762, 0.114690805889, 0.26771657196, 0.255651413539, 0.991374051666, 0.0844017847681, 0.995134245178, 0.996114120847, 0.0114323622533, 0.514096598155, 0.756664462424, 0.892744620012, 0.969693110431, 0.970926772575, 0.630055102333, 0.116380474576, 0.600160271133, 0.996484289356, 0.85526533316, 0.58055687648, 0.0296022124242, 0.21538864625, 3185.0
0.851398055622, 0.532003819243, 0.634567074349, 0.626275102558, 0.201446028703, 0.822557529361, 0.306546610829, 0.0745878013228, 0.754630653292, 0.351088105062, 0.66155591712, 0.997298981148, 0.328134931663, 0.715387505722, 0.756664462424, 0.796971840488, 0.811988347313, 0.916606428579, 0.936332163582, 0.0043507336687, 0.577100672005, 0.743880652848, 0.622366514257, 0.764527077175, 0.356603206954, 0.21538864625, 3185.0
0.651651174308, 0.978898923066, 0.634567074349, 0.661446233786, 0.246693351201, 0.588459992794, 0.20340927429, 0.43467213026, 0.914629190734, 0.815047362408, 0.832038147505, 0.823261842404, 0.0752780287402, 0.604419283932, 0.756664462424, 0.901955404662, 0.886391221406, 0.590954591447, 0.815170558968, 0.156171772674, 0.661828625208, 0.756649135335, 0.79044915614, 0.864157047955, 0.427557389125, 0.21538864625, 3185.0
0.774274696231, 0.927467162124, 0.634567074349, 0.903865788404, 0.0566197156807, 0.0874748637493, 0.353402565312, 0.0206201511089, 0.726351530399, 0.178412891786, 0.985044581195, 0.996114120847, 0.125805244894, 0.715387505722, 0.988896851086, 0.280337797563, 0.630564005784, 0.680602674897, 0.521855050546, 0.273188435497, 0.919745610379, 0.983832680711, 0.821746304644, 0.58055687648, 0.356603206954, 0.623181781527, 3185.0
0.851398055622, 0.532003819243, 0.634567074349, 0.53874981013, 0.108445874571, 0.464793758627, 0.139734933365, 0.0745878013228, 0.754630653292, 0.815047362408, 0.921755895741, 0.996114120847, 0.328134931663, 0.971745721334, 0.810505130125, 0.433586603123, 0.969693110431, 0.605784867284, 0.521855050546, 0.0633710715696, 0.574181375732, 0.763720041385, 0.821746304644, 0.74610375944, 0.356603206954, 0.21538864625, 3185.0
0.59681644463, 0.927467162124, 0.523656534087, 0.671637380431, 0.186338783031, 0.162783469821, 0.26771657196, 0.183122121736, 0.991374051666, 0.0844017847681, 0.832038147505, 0.60449456888, 0.18008300669, 0.514096598155, 0.756664462424, 0.92679744783, 0.720200717583, 0.572091967928, 0.630055102333, 0.00214233214135, 0.600160271133, 0.996484289356, 0.531579457535, 0.56116532141, 0.0296022124242, 0.21538864625, 3185.0
0.771153846105, 0.532003819243, 0.634567074349, 0.658273766654, 0.201446028703, 0.108116753056, 0.412819621294, 0.0745878013228, 0.774384381088, 0.815047362408, 0.945456577616, 0.996114120847, 0.328134931663, 0.715387505722, 0.756664462424, 0.661366136618, 0.969693110431, 0.605784867284, 0.521855050546, 0.0633710715696, 0.903142061137, 0.779340748775, 0.821746304644, 0.764527077175, 0.356603206954, 0.21538864625, 3185.0
0.552658311986, 0.673445300166, 0.834323632111, 0.903865788404, 0.03776355621, 0.0874748637493, 0.139734933365, 0.183122121736, 0.528140827284, 0.586795431895, 0.874337800363, 0.999443291015, 0.125805244894, 0.63418447595, 0.997710653661, 0.987763168878, 0.630564005784, 0.775322038609, 0.521855050546, 0.0614678482587, 0.650711255953, 0.966640898361, 0.821746304644, 0.996409284721, 0.356603206954, 0.999164667288, 3185.0
0.59681644463, 0.673445300166, 0.634567074349, 0.505324820735, 0.0136848648755, 0.272800224104, 0.139734933365, 0.37489422291, 0.832556419734, 0.490264123198, 0.832038147505, 0.996114120847, 0.438600839678, 0.990976101352, 0.756664462424, 0.901955404662, 0.969693110431, 0.681348337848, 0.630055102333, 0.116380474576, 0.661828625208, 0.756649135335, 0.79044915614, 0.74610375944, 0.427557389125, 0.21538864625, 3185.0
0.958777993764, 0.673445300166, 0.634567074349, 0.568663860779, 0.413869547521, 0.00659287130621, 0.512221428846, 0.267841878996, 0.992466412144, 0.815047362408, 0.765858166563, 0.998792022803, 0.438600839678, 0.880003479695, 0.758760431073, 0.838737535719, 0.720200717583, 0.850319346554, 0.630055102333, 0.00214233214135, 0.823938033744, 0.739055853578, 0.824551006918, 0.74610375944, 0.0296022124242, 0.690170663966, 3185.0
0.771153846105, 0.780531931739, 0.829219037884, 0.955730172789, 0.0562323324031, 0.485965920413, 0.139734933365, 0.409417541091, 0.581469051402, 0.0563508267122, 0.914784747073, 0.899298317395, 0.18008300669, 0.514096598155, 0.756664462424, 0.787916431629, 0.720200717583, 0.866043222753, 0.695414730297, 0.0300651610762, 0.706662704094, 0.997663177529, 0.585919837659, 0.990213626365, 0.00669958875643, 0.593115992684, 3185.0
0.960118707214, 0.532126398426, 0.734834678107, 0.755354892178, 0.0566197156807, 0.0874748637493, 0.804787462017, 0.286528678004, 0.528140827284, 0.000589370318778, 0.874337800363, 0.819471498668, 0.125805244894, 0.715387505722, 0.981644220616, 0.838737535719, 0.634362220061, 0.587129875494, 0.521855050546, 0.140735925524, 0.661828625208, 0.983832680711, 0.821746304644, 0.58055687648, 0.356603206954, 0.0861416636088, 3185.0
0.822816474015, 0.990965423542, 0.912539746154, 0.99957861603, 0.246693351201, 0.809785604468, 0.512221428846, 0.43467213026, 0.51688364288, 0.907814700524, 0.832038147505, 0.789453415902, 0.0752780287402, 0.604419283932, 0.50970669692, 0.901955404662, 0.914707663905, 0.579238062781, 0.630055102333, 0.0955942098435, 0.919745610379, 0.756649135335, 0.79044915614, 0.864157047955, 0.427557389125, 0.782679910012, 3185.0
0.59681644463, 0.927467162124, 0.523656534087, 0.671637380431, 0.201446028703, 0.162839923756, 0.26771657196, 0.183122121736, 0.996402693954, 0.0844017847681, 0.832038147505, 0.60449456888, 0.18008300669, 0.514096598155, 0.756664462424, 0.838737535719, 0.865633140667, 0.866043222753, 0.623221823403, 0.00214233214135, 0.600160271133, 0.996484289356, 0.531579457535, 0.58055687648, 0.285417519567, 0.21538864625, 3185.0
0.771153846105, 0.733766745545, 0.634567074349, 0.568663860779, 0.218623293869, 0.843744464864, 0.139734933365, 0.37489422291, 0.976300679684, 0.0844017847681, 0.832038147505, 0.999032852835, 0.438600839678, 0.600769548488, 0.846178811773, 0.901955404662, 0.938616108995, 0.681348337848, 0.521855050546, 0.211225149787, 0.624802566827, 0.743880652848, 0.821746304644, 0.74610375944, 0.336202085108, 0.21538864625, 3185.0
0.851398055622, 0.532003819243, 0.634567074349, 0.658273766654, 0.201446028703, 0.108116753056, 0.412819621294, 0.0745878013228, 0.754630653292, 0.815047362408, 0.921755895741, 0.996114120847, 0.0428308177413, 0.715387505722, 0.795556153909, 0.796971840488, 0.969693110431, 0.605784867284, 0.521855050546, 0.0633710715696, 0.903142061137, 0.756649135335, 0.821746304644, 0.764527077175, 0.356603206954, 0.21538864625, 3185.0
0.774274696231, 0.985802485175, 0.634567074349, 0.903865788404, 0.03776355621, 0.245765854666, 0.331805215377, 0.0745878013228, 0.0210831413171, 0.586795431895, 0.930001160107, 0.630074139837, 0.125805244894, 0.669294993264, 0.989354447186, 0.787956564938, 0.804101786229, 0.680602674897, 0.803556263218, 0.047557087648, 0.703827932399, 0.983832680711, 0.782448467368, 0.58055687648, 0.422111454423, 0.442838715164, 3185.0
0.863702108019, 0.927467162124, 0.933347780044, 0.671637380431, 0.201446028703, 0.10860633476, 0.26771657196, 0.182595584539, 0.38434582219, 0.815047362408, 0.995586503992, 0.60449456888, 0.0186983530724, 0.514096598155, 0.846178811773, 0.838737535719, 0.720200717583, 0.866043222753, 0.947423452187, 0.00120994188999, 0.600160271133, 0.956651651353, 0.763074281772, 0.58055687648, 0.370476781389, 0.21538864625, 3185.0
0.771153846105, 0.555686612157, 0.829219037884, 0.658273766654, 0.363778225927, 0.162839923756, 0.26771657196, 0.183122121736, 0.992557067114, 0.695094907771, 0.965793389862, 0.899298317395, 0.18008300669, 0.830863532628, 0.756664462424, 0.838737535719, 0.720200717583, 0.656040228621, 0.695414730297, 0.181925043688, 0.706662704094, 0.687342194815, 0.868298507337, 0.990213626365, 0.217145580474, 0.21538864625, 3185.0
0.680450937518, 0.986938162223, 0.634567074349, 0.661446233786, 0.201446028703, 0.212827432219, 0.221903704146, 0.018342357732, 0.5645758298, 0.81465165286, 0.98128588892, 0.684757588005, 0.0883541172106, 0.715387505722, 0.905298030151, 0.787956564938, 0.914707663905, 0.919422494661, 0.521855050546, 0.256355775731, 0.723797781587, 0.983832680711, 0.821746304644, 0.58055687648, 0.356603206954, 0.203731898452, 3185.0
0.598290382283, 0.927467162124, 0.819062351345, 0.837193250691, 0.140478365762, 0.114690805889, 0.26771657196, 0.255651413539, 0.991374051666, 0.0844017847681, 0.995134245178, 0.996114120847, 0.0283573111684, 0.514096598155, 0.756664462424, 0.892744620012, 0.969693110431, 0.970926772575, 0.630055102333, 0.116380474576, 0.600160271133, 0.996484289356, 0.560679264338, 0.58055687648, 0.0296022124242, 0.21538864625, 3185.0
0.958777993764, 0.673445300166, 0.634567074349, 0.664131865131, 0.413869547521, 0.00659287130621, 0.512221428846, 0.325699703135, 0.992466412144, 0.815047362408, 0.832038147505, 0.60449456888, 0.438600839678, 0.880003479695, 0.758760431073, 0.838737535719, 0.720200717583, 0.850319346554, 0.630055102333, 0.00214233214135, 0.624802566827, 0.739055853578, 0.824551006918, 0.74610375944, 0.305314758582, 0.203757695461, 3185.0
0.651651174308, 0.501384801351, 0.959179801658, 0.846317818717, 0.14649777208, 0.456629742041, 0.512221428846, 0.43467213026, 0.976300679684, 0.815047362408, 0.832038147505, 0.5285124472, 0.0642059801056, 0.514096598155, 0.756664462424, 0.540857063355, 0.599152114376, 0.579238062781, 0.695414730297, 0.278419526284, 0.706662704094, 0.988146347768, 0.622366514257, 0.925152974773, 0.278546466813, 0.21538864625, 3185.0
0.851398055622, 0.703839507862, 0.634567074349, 0.626275102558, 0.171799743272, 0.822557529361, 0.306546610829, 0.0745878013228, 0.754630653292, 0.351088105062, 0.66155591712, 0.9240156946, 0.328134931663, 0.715387505722, 0.831044281314, 0.796971840488, 0.811988347313, 0.916606428579, 0.936332163582, 0.0043507336687, 0.577100672005, 0.743880652848, 0.821746304644, 0.764527077175, 0.356603206954, 0.955027853636, 3185.0
0.571371682993, 0.999342860672, 0.992487397725, 0.658273766654, 0.385401016772, 0.105218707763, 0.0981826662651, 0.273691129749, 0.942657833029, 0.24007268892, 0.921755895741, 0.60449456888, 0.204746264113, 0.778366616622, 0.756664462424, 0.901955404662, 0.969693110431, 0.919856888089, 0.695414730297, 0.332276253972, 0.678072636104, 0.995359775827, 0.645737737819, 0.633726814318, 0.0775895789824, 0.21538864625, 3185.0
0.644712435187, 0.965420788371, 0.634567074349, 0.568663860779, 0.258437258483, 0.245765854666, 0.282867238525, 0.0741423972724, 0.531425023625, 0.194317999105, 0.645770789788, 0.996114120847, 0.125805244894, 0.767092869778, 0.996444250309, 0.901955404662, 0.969693110431, 0.680602674897, 0.609559587055, 0.0633710715696, 0.624802566827, 0.756649135335, 0.821746304644, 0.913015095226, 0.356603206954, 0.955027853636, 3185.0
0.651651174308, 0.978898923066, 0.634567074349, 0.661446233786, 0.246693351201, 0.588459992794, 0.0613736602772, 0.43467213026, 0.933930284278, 0.815047362408, 0.832038147505, 0.789453415902, 0.0752780287402, 0.604419283932, 0.757313289943, 0.706725862931, 0.886391221406, 0.579238062781, 0.630055102333, 0.0955942098435, 0.919745610379, 0.756649135335, 0.79044915614, 0.864157047955, 0.427557389125, 0.21538864625, 3185.0
0.774274696231, 0.927467162124, 0.634567074349, 0.903865788404, 0.0566197156807, 0.0874748637493, 0.353402565312, 0.0206201511089, 0.528140827284, 0.178412891786, 0.985044581195, 0.913974760349, 0.125805244894, 0.715387505722, 0.988896851086, 0.280337797563, 0.630564005784, 0.680602674897, 0.521855050546, 0.273188435497, 0.661828625208, 0.983832680711, 0.821746304644, 0.58055687648, 0.356603206954, 0.623181781527, 3185.0
0.774274696231, 0.969167930137, 0.634567074349, 0.658273766654, 0.275847734187, 0.0200294444829, 0.353402565312, 0.0206201511089, 0.991374051666, 0.735093150161, 0.789074346973, 0.996555705752, 0.125805244894, 0.82847182247, 0.988896851086, 0.939437515825, 0.711369906054, 0.919422494661, 0.521855050546, 0.103663471682, 0.706662704094, 0.983832680711, 0.736735545608, 0.573199654243, 0.422111454423, 0.0861416636088, 3185.0
0.709580870834, 0.978898923066, 0.745833278104, 0.99957861603, 0.246693351201, 0.588459992794, 0.512221428846, 0.43467213026, 0.51688364288, 0.907814700524, 0.832038147505, 0.789453415902, 0.0752780287402, 0.604419283932, 0.756664462424, 0.901955404662, 0.91580941031, 0.579238062781, 0.630055102333, 0.0298926836763, 0.919745610379, 0.756649135335, 0.79044915614, 0.864157047955, 0.427557389125, 0.0909119629494, 3185.0
0.851398055622, 0.797236306741, 0.634567074349, 0.626275102558, 0.201446028703, 0.108116753056, 0.306546610829, 0.0745878013228, 0.754630653292, 0.351088105062, 0.921755895741, 0.720127396551, 0.328134931663, 0.715387505722, 0.756664462424, 0.787916431629, 0.977532569476, 0.916606428579, 0.953429989955, 0.00698411743478, 0.723797781587, 0.743880652848, 0.821746304644, 0.764527077175, 0.356603206954, 0.21538864625, 3185.0
0.956385981287, 0.532126398426, 0.734834678107, 0.755354892178, 0.0566197156807, 0.0874748637493, 0.804787462017, 0.286528678004, 0.528140827284, 0.004614754166, 0.874337800363, 0.819471498668, 0.125805244894, 0.715387505722, 0.981644220616, 0.893693557567, 0.634362220061, 0.587129875494, 0.521855050546, 0.140735925524, 0.661828625208, 0.983832680711, 0.821746304644, 0.58055687648, 0.356603206954, 0.0861416636088, 3185.0
0.59681644463, 0.927467162124, 0.523656534087, 0.671637380431, 0.218623293869, 0.162839923756, 0.26771657196, 0.183122121736, 0.991525169645, 0.0844017847681, 0.832038147505, 0.60449456888, 0.18008300669, 0.514096598155, 0.756664462424, 0.838737535719, 0.865633140667, 0.866043222753, 0.630055102333, 0.45600974046, 0.600160271133, 0.997902583496, 0.531579457535, 0.58055687648, 0.0296022124242, 0.21538864625, 3185.0
0.771153846105, 0.733766745545, 0.634567074349, 0.568663860779, 0.201446028703, 0.614716342769, 0.139734933365, 0.37489422291, 0.976300679684, 0.0844017847681, 0.832038147505, 0.999032852835, 0.438600839678, 0.715387505722, 0.846178811773, 0.901955404662, 0.938616108995, 0.681348337848, 0.521855050546, 0.211225149787, 0.624802566827, 0.743880652848, 0.821746304644, 0.638968569148, 0.35888289731, 0.21538864625, 3185.0
0.73492755081, 0.927467162124, 0.751722646521, 0.658273766654, 0.154653968179, 0.0191715556185, 0.139734933365, 0.0276582778273, 0.855583848654, 0.25160536886, 0.837295623913, 0.650385088356, 0.159984521924, 0.963310381687, 0.988896851086, 0.901955404662, 0.535291847984, 0.680602674897, 0.521855050546, 0.0145903956986, 0.713868292237, 0.516171278075, 0.953000356316, 0.990213626365, 0.356603206954, 0.955027853636, 3185.0
0.552658311986, 0.673445300166, 0.834323632111, 0.903865788404, 0.03776355621, 0.0874748637493, 0.139734933365, 0.183122121736, 0.528140827284, 0.586795431895, 0.874337800363, 0.999443291015, 0.125805244894, 0.63418447595, 0.997710653661, 0.987763168878, 0.630564005784, 0.775322038609, 0.521855050546, 0.0203581960612, 0.524269792452, 0.966640898361, 0.821746304644, 0.990213626365, 0.356603206954, 0.999164667288, 3185.0
0.774274696231, 0.985802485175, 0.634567074349, 0.661446233786, 0.452733642681, 0.245765854666, 0.331805215377, 0.0745878013228, 0.0431078283413, 0.178412891786, 0.930001160107, 0.630074139837, 0.125805244894, 0.971457548696, 0.989354447186, 0.787956564938, 0.804101786229, 0.866043222753, 0.803556263218, 0.047557087648, 0.723797781587, 0.983832680711, 0.782448467368, 0.58055687648, 0.422111454423, 0.442838715164, 3185.0
0.863702108019, 0.927467162124, 0.933347780044, 0.671637380431, 0.201446028703, 0.10860633476, 0.26771657196, 0.183122121736, 0.38434582219, 0.815047362408, 0.995586503992, 0.762673785926, 0.125805244894, 0.514096598155, 0.846178811773, 0.838737535719, 0.720200717583, 0.680602674897, 0.630055102333, 0.00214233214135, 0.600160271133, 0.956651651353, 0.79044915614, 0.58055687648, 0.370476781389, 0.21538864625, 3185.0
0.680450937518, 0.986938162223, 0.634567074349, 0.661446233786, 0.201446028703, 0.212827432219, 0.221903704146, 0.018342357732, 0.5645758298, 0.81465165286, 0.98128588892, 0.684757588005, 0.0883541172106, 0.715387505722, 0.905298030151, 0.787956564938, 0.914707663905, 0.919422494661, 0.521855050546, 0.256355775731, 0.723797781587, 0.983832680711, 0.821746304644, 0.58055687648, 0.356603206954, 0.203731898452, 3185.0
0.598290382283, 0.927467162124, 0.819062351345, 0.671637380431, 0.140478365762, 0.114690805889, 0.26771657196, 0.255651413539, 0.991374051666, 0.0844017847681, 0.995134245178, 0.996114120847, 0.0114323622533, 0.514096598155, 0.756664462424, 0.892744620012, 0.969693110431, 0.970926772575, 0.630055102333, 0.116380474576, 0.600160271133, 0.996484289356, 0.85526533316, 0.58055687648, 0.0296022124242, 0.21538864625, 3185.0
0.851398055622, 0.532003819243, 0.634567074349, 0.626275102558, 0.201446028703, 0.822557529361, 0.306546610829, 0.0745878013228, 0.754630653292, 0.351088105062, 0.66155591712, 0.997298981148, 0.328134931663, 0.715387505722, 0.756664462424, 0.796971840488, 0.811988347313, 0.916606428579, 0.936332163582, 0.0043507336687, 0.577100672005, 0.743880652848, 0.622366514257, 0.764527077175, 0.356603206954, 0.21538864625, 3185.0
0.651651174308, 0.978898923066, 0.634567074349, 0.661446233786, 0.246693351201, 0.588459992794, 0.20340927429, 0.43467213026, 0.914629190734, 0.815047362408, 0.832038147505, 0.823261842404, 0.0752780287402, 0.604419283932, 0.756664462424, 0.901955404662, 0.886391221406, 0.590954591447, 0.815170558968, 0.156171772674, 0.661828625208, 0.756649135335, 0.79044915614, 0.864157047955, 0.427557389125, 0.21538864625, 3185.0
