0.906292538539, 0.510395740581, 0.960940939898, 0.101702069356, 0.949301526861, 0.809214321548, 0.505531162357, 0.943321156488, 0.226595623044, 0.965425997554, 0.78809225974, 0.746411692853, 0.31502632042, 0.823952278015, 0.701093982338, 0.231717464756, 0.947191367147, 0.535209806065, 0.650075752377, 0.397364764303, 0.995119837257, 0.772004150931, 0.524713505903, 0.70736508578, 0.48607209013, 0.421116874391, 2986.0
0.571371682993, 0.955920661444, 0.992487397725, 0.719559824765, 0.385401016772, 0.736859073945, 0.0361831123766, 0.598866132735, 0.0233957345262, 0.811468965835, 0.743053614429, 0.712732380313, 0.0383492405435, 0.614258882403, 0.511753178903, 0.787956564938, 0.529234682421, 0.801156026703, 0.528362553258, 0.954830443254, 0.996908777147, 0.995359775827, 0.939492377095, 0.633726814318, 0.110379699967, 0.682632547274, 2986.0
0.588098080496, 0.955920661444, 0.963869356828, 0.719559824765, 0.385401016772, 0.736859073945, 0.0273036484218, 0.598866132735, 0.0641404304886, 0.784742598412, 0.78809225974, 0.58079378519, 0.0383492405435, 0.614258882403, 0.511753178903, 0.787956564938, 0.781440078291, 0.801156026703, 0.528362553258, 0.957226492064, 0.6820196108, 0.995359775827, 0.939492377095, 0.982450685937, 0.110379699967, 0.234055944074, 2986.0
0.571371682993, 0.955920661444, 0.992487397725, 0.719559824765, 0.385401016772, 0.736859073945, 0.0361831123766, 0.598866132735, 0.165339099136, 0.811468965835, 0.78809225974, 0.712732380313, 0.0383492405435, 0.614258882403, 0.511753178903, 0.787956564938, 0.529234682421, 0.801156026703, 0.528362553258, 0.954830443254, 0.810190253672, 0.995359775827, 0.939492377095, 0.633726814318, 0.110379699967, 0.234055944074, 2986.0
0.906292538539, 0.510395740581, 0.960940939898, 0.101702069356, 0.949301526861, 0.809214321548, 0.505531162357, 0.943321156488, 0.226595623044, 0.965425997554, 0.78809225974, 0.746411692853, 0.31502632042, 0.823952278015, 0.701093982338, 0.231717464756, 0.947191367147, 0.535209806065, 0.650075752377, 0.397364764303, 0.995119837257, 0.772004150931, 0.524713505903, 0.70736508578, 0.48607209013, 0.421116874391, 2986.0
0.571371682993, 0.955920661444, 0.992487397725, 0.719559824765, 0.385401016772, 0.736859073945, 0.0361831123766, 0.598866132735, 0.0233957345262, 0.811468965835, 0.743053614429, 0.712732380313, 0.0383492405435, 0.614258882403, 0.511753178903, 0.787956564938, 0.529234682421, 0.801156026703, 0.528362553258, 0.954830443254, 0.996908777147, 0.995359775827, 0.939492377095, 0.633726814318, 0.110379699967, 0.682632547274, 2986.0
0.588098080496, 0.955920661444, 0.963869356828, 0.719559824765, 0.385401016772, 0.736859073945, 0.0273036484218, 0.598866132735, 0.0641404304886, 0.784742598412, 0.78809225974, 0.58079378519, 0.0383492405435, 0.614258882403, 0.511753178903, 0.787956564938, 0.781440078291, 0.801156026703, 0.528362553258, 0.957226492064, 0.6820196108, 0.995359775827, 0.939492377095, 0.982450685937, 0.110379699967, 0.234055944074, 2986.0
0.571371682993, 0.955920661444, 0.992487397725, 0.719559824765, 0.385401016772, 0.736859073945, 0.0361831123766, 0.598866132735, 0.165339099136, 0.811468965835, 0.78809225974, 0.712732380313, 0.0383492405435, 0.614258882403, 0.511753178903, 0.787956564938, 0.529234682421, 0.801156026703, 0.528362553258, 0.954830443254, 0.810190253672, 0.995359775827, 0.939492377095, 0.633726814318, 0.110379699967, 0.234055944074, 2986.0
0.668526811763, 0.607729887331, 0.874975002288, 0.666703613486, 0.297203861356, 0.488413915116, 0.066513047803, 0.00925924481427, 0.624142347545, 0.429678418356, 0.503554776704, 0.937769832573, 0.296973511593, 0.894167201979, 0.865978939305, 0.850740306877, 0.907197390328, 0.563540863327, 0.778030187216, 0.637730929974, 0.793825670573, 0.851901664166, 0.950861873717, 0.58138855997, 0.178957496893, 0.838141009919, 3161.0
0.618331210138, 0.593880692769, 0.874975002288, 0.666703613486, 0.297203861356, 0.488413915116, 0.0177727281818, 0.00925924481427, 0.539555987503, 0.429678418356, 0.503554776704, 0.937769832573, 0.296973511593, 0.894167201979, 0.865978939305, 0.850740306877, 0.709963494742, 0.563540863327, 0.778030187216, 0.637730929974, 0.793825670573, 0.851901664166, 0.696491127132, 0.58138855997, 0.178957496893, 0.056610220015, 3161.0
0.668526811763, 0.593880692769, 0.874975002288, 0.666703613486, 0.297203861356, 0.488413915116, 0.066513047803, 0.00925924481427, 0.526570351658, 0.429678418356, 0.503554776704, 0.937769832573, 0.296973511593, 0.894167201979, 0.865978939305, 0.850740306877, 0.907197390328, 0.563540863327, 0.792655341942, 0.637730929974, 0.793825670573, 0.851901664166, 0.950861873717, 0.58138855997, 0.178957496893, 0.896577302012, 3161.0
0.668526811763, 0.593880692769, 0.874975002288, 0.666703613486, 0.297203861356, 0.488413915116, 0.0177727281818, 0.00925924481427, 0.539555987503, 0.807726525123, 0.503554776704, 0.937769832573, 0.071945195765, 0.894167201979, 0.865978939305, 0.850740306877, 0.709963494742, 0.563540863327, 0.778030187216, 0.637730929974, 0.793825670573, 0.851901664166, 0.696491127132, 0.58138855997, 0.178957496893, 0.0697588544701, 3161.0
0.668526811763, 0.607729887331, 0.874975002288, 0.666703613486, 0.297203861356, 0.488413915116, 0.066513047803, 0.00925924481427, 0.624142347545, 0.429678418356, 0.503554776704, 0.937769832573, 0.296973511593, 0.894167201979, 0.865978939305, 0.850740306877, 0.907197390328, 0.563540863327, 0.778030187216, 0.637730929974, 0.793825670573, 0.851901664166, 0.950861873717, 0.58138855997, 0.178957496893, 0.838141009919, 3161.0
0.618331210138, 0.593880692769, 0.874975002288, 0.666703613486, 0.297203861356, 0.488413915116, 0.0177727281818, 0.00925924481427, 0.539555987503, 0.429678418356, 0.503554776704, 0.937769832573, 0.296973511593, 0.894167201979, 0.865978939305, 0.850740306877, 0.709963494742, 0.563540863327, 0.778030187216, 0.637730929974, 0.793825670573, 0.851901664166, 0.696491127132, 0.58138855997, 0.178957496893, 0.056610220015, 3161.0
0.668526811763, 0.593880692769, 0.874975002288, 0.666703613486, 0.297203861356, 0.488413915116, 0.066513047803, 0.00925924481427, 0.526570351658, 0.429678418356, 0.503554776704, 0.937769832573, 0.296973511593, 0.894167201979, 0.865978939305, 0.850740306877, 0.907197390328, 0.563540863327, 0.792655341942, 0.637730929974, 0.793825670573, 0.851901664166, 0.950861873717, 0.58138855997, 0.178957496893, 0.896577302012, 3161.0
0.668526811763, 0.593880692769, 0.874975002288, 0.666703613486, 0.297203861356, 0.488413915116, 0.0177727281818, 0.00925924481427, 0.539555987503, 0.807726525123, 0.503554776704, 0.937769832573, 0.071945195765, 0.894167201979, 0.865978939305, 0.850740306877, 0.709963494742, 0.563540863327, 0.778030187216, 0.637730929974, 0.793825670573, 0.851901664166, 0.696491127132, 0.58138855997, 0.178957496893, 0.0697588544701, 3161.0
0.63611947426, 0.673445300166, 0.857849904126, 0.568663860779, 0.201446028703, 0.11397819676, 0.512221428846, 0.267841878996, 0.913539536463, 0.815047362408, 0.832038147505, 0.996114120847, 0.204746264113, 0.514096598155, 0.756664462424, 0.901955404662, 0.720200717583, 0.681348337848, 0.711993957445, 0.000587959253698, 0.624802566827, 0.756649135335, 0.79044915614, 0.74610375944, 0.356603206954, 0.21538864625, 3185.0
0.813224559598, 0.852939602851, 0.634567074349, 0.658273766654, 0.154653968179, 0.857014541467, 0.139734933365, 0.0745878013228, 0.638923730916, 0.178412891786, 0.874337800363, 0.60449456888, 0.125805244894, 0.715387505722, 0.973191128318, 0.838737535719, 0.630564005784, 0.680602674897, 0.521855050546, 0.00975813184951, 0.778640019304, 0.970001354249, 0.538372973471, 0.500224599813, 0.383503733147, 0.955027853636, 3185.0
0.63611947426, 0.673445300166, 0.857849904126, 0.568663860779, 0.201446028703, 0.11397819676, 0.512221428846, 0.267841878996, 0.913539536463, 0.815047362408, 0.832038147505, 0.996114120847, 0.204746264113, 0.514096598155, 0.756664462424, 0.901955404662, 0.720200717583, 0.681348337848, 0.711993957445, 0.000587959253698, 0.624802566827, 0.756649135335, 0.79044915614, 0.74610375944, 0.356603206954, 0.21538864625, 3185.0
0.813224559598, 0.852939602851, 0.634567074349, 0.658273766654, 0.154653968179, 0.857014541467, 0.139734933365, 0.0745878013228, 0.638923730916, 0.178412891786, 0.874337800363, 0.60449456888, 0.125805244894, 0.715387505722, 0.973191128318, 0.838737535719, 0.630564005784, 0.680602674897, 0.521855050546, 0.00975813184951, 0.778640019304, 0.970001354249, 0.538372973471, 0.500224599813, 0.383503733147, 0.955027853636, 3185.0
0.879317488377, 0.594657040397, 0.761654328241, 0.99389065341, 0.452322553591, 0.158685495941, 0.549271544314, 0.158031591775, 0.518623860584, 0.911762717825, 0.999998600209, 0.580240619099, 0.252547291608, 0.830855440463, 0.683260450256, 0.687173657251, 0.566343914764, 0.934429327549, 0.81138574011, 0.570429378307, 0.257613206018, 0.357774451336, 0.00131701036353, 0.256152249579, 0.0353036746424, 0.145277616734, 3216.0
0.581759615781, 0.62016011321, 0.581733140472, 0.954908026306, 0.319066388997, 0.165035057617, 0.988763175888, 0.430837585732, 0.661023116136, 0.184270357329, 0.872936942056, 0.643137137156, 0.415801210421, 0.695173772232, 0.500695823093, 0.301631738612, 0.62998692194, 0.775570714522, 0.925834515054, 0.256549512401, 0.305372552819, 0.000559875225534, 0.0179139941234, 0.127137920375, 0.313698074081, 0.776857220538, 3216.0
0.879317488377, 0.631947659395, 0.609172196904, 0.954908026306, 0.319066388997, 0.0465393743752, 0.988763175888, 0.430837585732, 0.661023116136, 0.184270357329, 0.716082662404, 0.51397992462, 0.415801210421, 0.695173772232, 0.500695823093, 0.301631738612, 0.62998692194, 0.775570714522, 0.925834515054, 0.256549512401, 0.305372552819, 0.0108112798688, 0.00519485221468, 0.127137920375, 0.313698074081, 0.776857220538, 3216.0
0.879317488377, 0.594657040397, 0.761654328241, 0.99389065341, 0.452322553591, 0.158685495941, 0.549271544314, 0.158031591775, 0.518623860584, 0.911762717825, 0.999998600209, 0.580240619099, 0.252547291608, 0.830855440463, 0.683260450256, 0.687173657251, 0.566343914764, 0.934429327549, 0.81138574011, 0.570429378307, 0.257613206018, 0.357774451336, 0.00131701036353, 0.256152249579, 0.0353036746424, 0.145277616734, 3216.0
0.581759615781, 0.62016011321, 0.581733140472, 0.954908026306, 0.319066388997, 0.165035057617, 0.988763175888, 0.430837585732, 0.661023116136, 0.184270357329, 0.872936942056, 0.643137137156, 0.415801210421, 0.695173772232, 0.500695823093, 0.301631738612, 0.62998692194, 0.775570714522, 0.925834515054, 0.256549512401, 0.305372552819, 0.000559875225534, 0.0179139941234, 0.127137920375, 0.313698074081, 0.776857220538, 3216.0
0.879317488377, 0.631947659395, 0.609172196904, 0.954908026306, 0.319066388997, 0.0465393743752, 0.988763175888, 0.430837585732, 0.661023116136, 0.184270357329, 0.716082662404, 0.51397992462, 0.415801210421, 0.695173772232, 0.500695823093, 0.301631738612, 0.62998692194, 0.775570714522, 0.925834515054, 0.256549512401, 0.305372552819, 0.0108112798688, 0.00519485221468, 0.127137920375, 0.313698074081, 0.776857220538, 3216.0
0.520314680671, 0.967570926693, 0.883106319707, 0.442617993665, 0.952012443215, 0.69546662198, 0.855459039888, 0.346524601253, 0.52794139991, 0.756507240978, 0.819559521758, 0.505224284056, 0.405327642622, 0.607857298983, 0.593982690249, 0.882120615137, 0.94657750637, 0.882453631195, 0.559145622128, 0.505624858516, 0.925309387471, 0.998142582407, 0.92068205792, 0.114926384228, 0.761257359772, 0.448816640458, 5045.0
0.849364694142, 0.97970975188, 0.946444310356, 0.58995393311, 0.141618610657, 0.480638076514, 0.147524432575, 0.399415711263, 0.732704318837, 0.862778981402, 0.578933282553, 0.684936960963, 0.375071201113, 0.596778987188, 0.592712223324, 0.855737326058, 0.536983352299, 0.61985137601, 0.976034122486, 0.179250657439, 0.906223052842, 0.93283583062, 0.509494295979, 0.21416601897, 0.569206282362, 0.0691573177309, 5045.0
0.849364694142, 0.97970975188, 0.946444310356, 0.772168477978, 0.141618610657, 0.674143452728, 0.215207658963, 0.399415711263, 0.732704318837, 0.862778981402, 0.578933282553, 0.505224284056, 0.375071201113, 0.596778987188, 0.994687714461, 0.151812661744, 0.536983352299, 0.61985137601, 0.976034122486, 0.179250657439, 0.906223052842, 0.653644781871, 0.509494295979, 0.21416601897, 0.589592831259, 0.222941843455, 5045.0
0.526637029398, 0.576700615037, 0.867164191123, 0.786171707002, 0.225963266467, 0.280042635459, 0.26543761676, 0.139734578877, 0.983188062275, 0.0370225130806, 0.652745975881, 0.505224284056, 0.105610753223, 0.964774338948, 0.969674918291, 0.349477497942, 0.639514533224, 0.741611978028, 0.70322127826, 0.0603996245049, 0.756451717713, 0.939545798515, 0.506234999942, 0.255058336575, 0.623786612793, 0.291987197907, 5045.0
0.621215532144, 0.967570926693, 0.883106319707, 0.442617993665, 0.952012443215, 0.69546662198, 0.855459039888, 0.346524601253, 0.52794139991, 0.756507240978, 0.819559521758, 0.77469207908, 0.405327642622, 0.607857298983, 0.593982690249, 0.882120615137, 0.94657750637, 0.725223465249, 0.574752136619, 0.505624858516, 0.925309387471, 0.99948875075, 0.92068205792, 0.0589782960461, 0.761257359772, 0.448816640458, 5045.0
0.520314680671, 0.994194475924, 0.883106319707, 0.422984210195, 0.952012443215, 0.69546662198, 0.855459039888, 0.346524601253, 0.52794139991, 0.55899454638, 0.819559521758, 0.684936960963, 0.413606957509, 0.607857298983, 0.807876524228, 0.882120615137, 0.94657750637, 0.882453631195, 0.574752136619, 0.505624858516, 0.925309387471, 0.998142582407, 0.991794899986, 0.00653389320457, 0.761257359772, 0.448816640458, 5045.0
0.526637029398, 0.576700615037, 0.867164191123, 0.786171707002, 0.183971541129, 0.250575720823, 0.26543761676, 0.139734578877, 0.983188062275, 0.0370225130806, 0.652745975881, 0.512551615263, 0.105610753223, 0.964774338948, 0.969674918291, 0.349477497942, 0.639514533224, 0.741611978028, 0.70322127826, 0.0691430507028, 0.756451717713, 0.939545798515, 0.506234999942, 0.255058336575, 0.623786612793, 0.291987197907, 5045.0
0.520314680671, 0.967570926693, 0.883106319707, 0.442617993665, 0.952012443215, 0.69546662198, 0.855459039888, 0.346524601253, 0.52794139991, 0.756507240978, 0.819559521758, 0.505224284056, 0.405327642622, 0.607857298983, 0.593982690249, 0.882120615137, 0.94657750637, 0.882453631195, 0.559145622128, 0.505624858516, 0.925309387471, 0.998142582407, 0.92068205792, 0.114926384228, 0.761257359772, 0.448816640458, 5045.0
0.849364694142, 0.97970975188, 0.946444310356, 0.58995393311, 0.141618610657, 0.480638076514, 0.147524432575, 0.399415711263, 0.732704318837, 0.862778981402, 0.578933282553, 0.684936960963, 0.375071201113, 0.596778987188, 0.592712223324, 0.855737326058, 0.536983352299, 0.61985137601, 0.976034122486, 0.179250657439, 0.906223052842, 0.93283583062, 0.509494295979, 0.21416601897, 0.569206282362, 0.0691573177309, 5045.0
0.849364694142, 0.97970975188, 0.946444310356, 0.772168477978, 0.141618610657, 0.674143452728, 0.215207658963, 0.399415711263, 0.732704318837, 0.862778981402, 0.578933282553, 0.505224284056, 0.375071201113, 0.596778987188, 0.994687714461, 0.151812661744, 0.536983352299, 0.61985137601, 0.976034122486, 0.179250657439, 0.906223052842, 0.653644781871, 0.509494295979, 0.21416601897, 0.589592831259, 0.222941843455, 5045.0
0.526637029398, 0.576700615037, 0.867164191123, 0.786171707002, 0.225963266467, 0.280042635459, 0.26543761676, 0.139734578877, 0.983188062275, 0.0370225130806, 0.652745975881, 0.505224284056, 0.105610753223, 0.964774338948, 0.969674918291, 0.349477497942, 0.639514533224, 0.741611978028, 0.70322127826, 0.0603996245049, 0.756451717713, 0.939545798515, 0.506234999942, 0.255058336575, 0.623786612793, 0.291987197907, 5045.0
0.621215532144, 0.967570926693, 0.883106319707, 0.442617993665, 0.952012443215, 0.69546662198, 0.855459039888, 0.346524601253, 0.52794139991, 0.756507240978, 0.819559521758, 0.77469207908, 0.405327642622, 0.607857298983, 0.593982690249, 0.882120615137, 0.94657750637, 0.725223465249, 0.574752136619, 0.505624858516, 0.925309387471, 0.99948875075, 0.92068205792, 0.0589782960461, 0.761257359772, 0.448816640458, 5045.0
0.520314680671, 0.994194475924, 0.883106319707, 0.422984210195, 0.952012443215, 0.69546662198, 0.855459039888, 0.346524601253, 0.52794139991, 0.55899454638, 0.819559521758, 0.684936960963, 0.413606957509, 0.607857298983, 0.807876524228, 0.882120615137, 0.94657750637, 0.882453631195, 0.574752136619, 0.505624858516, 0.925309387471, 0.998142582407, 0.991794899986, 0.00653389320457, 0.761257359772, 0.448816640458, 5045.0
0.526637029398, 0.576700615037, 0.867164191123, 0.786171707002, 0.183971541129, 0.250575720823, 0.26543761676, 0.139734578877, 0.983188062275, 0.0370225130806, 0.652745975881, 0.512551615263, 0.105610753223, 0.964774338948, 0.969674918291, 0.349477497942, 0.639514533224, 0.741611978028, 0.70322127826, 0.0691430507028, 0.756451717713, 0.939545798515, 0.506234999942, 0.255058336575, 0.623786612793, 0.291987197907, 5045.0
0.92538914528, 0.962813670247, 0.855902890055, 0.689514421858, 0.163747779021, 0.66301284612, 0.715614850973, 0.94448608115, 0.456120921613, 0.882277309023, 0.513072997153, 0.75555964605, 0.045612240151, 0.912279160798, 0.657214280633, 0.260845876012, 0.561978811961, 0.500110868054, 0.716249892905, 0.11094401432, 0.978746021461, 0.70925530032, 0.659756929175, 0.172224791252, 0.591853285293, 0.648777139005, 5090.0
0.867669120398, 0.986657335391, 0.934461187145, 0.903484012798, 0.00694969957619, 0.162600735903, 0.308542270464, 0.370633005019, 0.177811824236, 0.150541629703, 0.600535742923, 0.884074685449, 0.187452119893, 0.931539744611, 0.568989599015, 0.283779929831, 0.806893038355, 0.63192859609, 0.990493690308, 0.480796143743, 0.647781004644, 0.685427018247, 0.89862289577, 0.399229419628, 0.947099473565, 0.262051844961, 5090.0
0.697452459464, 0.772714133025, 0.820056903502, 0.501606025909, 0.353275499721, 0.346031618808, 0.0428464501293, 0.784040496439, 0.186606614435, 0.16659323227, 0.970225812403, 0.755358534196, 0.217172601662, 0.570034705111, 0.978476797368, 0.283779929831, 0.988730396724, 0.540171583931, 0.88759393471, 0.473406196788, 0.978746021461, 0.616019208399, 0.659756929175, 0.173401690714, 0.539445176398, 0.375639977131, 5090.0
0.92538914528, 0.962813670247, 0.855902890055, 0.689514421858, 0.163747779021, 0.66301284612, 0.715614850973, 0.94448608115, 0.456120921613, 0.882277309023, 0.513072997153, 0.75555964605, 0.045612240151, 0.912279160798, 0.657214280633, 0.283779929831, 0.561978811961, 0.500110868054, 0.716249892905, 0.11094401432, 0.868574798826, 0.70925530032, 0.659756929175, 0.172224791252, 0.591853285293, 0.648777139005, 5090.0
0.92538914528, 0.962813670247, 0.855902890055, 0.689514421858, 0.163747779021, 0.66301284612, 0.715614850973, 0.94448608115, 0.456120921613, 0.882277309023, 0.513072997153, 0.75555964605, 0.045612240151, 0.912279160798, 0.657214280633, 0.260845876012, 0.561978811961, 0.500110868054, 0.716249892905, 0.11094401432, 0.978746021461, 0.70925530032, 0.659756929175, 0.172224791252, 0.591853285293, 0.648777139005, 5090.0
0.867669120398, 0.986657335391, 0.934461187145, 0.903484012798, 0.00694969957619, 0.162600735903, 0.308542270464, 0.370633005019, 0.177811824236, 0.150541629703, 0.600535742923, 0.884074685449, 0.187452119893, 0.931539744611, 0.568989599015, 0.283779929831, 0.806893038355, 0.63192859609, 0.990493690308, 0.480796143743, 0.647781004644, 0.685427018247, 0.89862289577, 0.399229419628, 0.947099473565, 0.262051844961, 5090.0
0.697452459464, 0.772714133025, 0.820056903502, 0.501606025909, 0.353275499721, 0.346031618808, 0.0428464501293, 0.784040496439, 0.186606614435, 0.16659323227, 0.970225812403, 0.755358534196, 0.217172601662, 0.570034705111, 0.978476797368, 0.283779929831, 0.988730396724, 0.540171583931, 0.88759393471, 0.473406196788, 0.978746021461, 0.616019208399, 0.659756929175, 0.173401690714, 0.539445176398, 0.375639977131, 5090.0
0.92538914528, 0.962813670247, 0.855902890055, 0.689514421858, 0.163747779021, 0.66301284612, 0.715614850973, 0.94448608115, 0.456120921613, 0.882277309023, 0.513072997153, 0.75555964605, 0.045612240151, 0.912279160798, 0.657214280633, 0.283779929831, 0.561978811961, 0.500110868054, 0.716249892905, 0.11094401432, 0.868574798826, 0.70925530032, 0.659756929175, 0.172224791252, 0.591853285293, 0.648777139005, 5090.0
0.885726307522, 0.628499910678, 0.655992139982, 0.970245154523, 0.180933071171, 0.600911931976, 0.0539097621883, 0.324234492574, 0.979379885626, 0.32843152292, 0.878740358851, 0.467908619962, 0.602696082318, 0.892950439776, 0.93151239326, 0.537362183804, 0.831405385653, 0.8734647807, 0.852927048649, 0.029534051213, 0.214861352671, 0.317970672904, 0.17379695089, 0.0413793022142, 0.298978243663, 0.873599485269, 5207.0
0.885726307522, 0.628499910678, 0.655992139982, 0.970245154523, 0.180933071171, 0.600911931976, 0.0539097621883, 0.893772808724, 0.979379885626, 0.32843152292, 0.878740358851, 0.467908619962, 0.75504058427, 0.892950439776, 0.93151239326, 0.537362183804, 0.831405385653, 0.8734647807, 0.852927048649, 0.029534051213, 0.214861352671, 0.317970672904, 0.17379695089, 0.0413793022142, 0.298978243663, 0.873599485269, 5207.0
0.661352305701, 0.766931805211, 0.831251314208, 0.719910289988, 0.170870074318, 0.264440400683, 0.0539097621883, 0.892560496151, 0.951149475617, 0.42421445824, 0.647996578302, 0.332706718835, 0.863198313905, 0.995929424268, 0.619685209534, 0.157957122633, 0.710026551178, 0.950550045704, 0.555666350771, 0.00339018258667, 0.670238750687, 0.628724456358, 0.601871446997, 0.897164464116, 0.0108066155546, 0.0056047813093, 5207.0
0.656604354638, 0.897281726631, 0.864587265491, 0.585750046195, 0.109415388097, 0.394537580941, 0.319347329478, 0.468958314299, 0.981586014761, 0.349480929782, 0.864518873002, 0.227567943893, 0.925639958032, 0.781330821075, 0.998310023101, 0.491949655272, 0.882776062684, 0.663540834088, 0.751496469199, 0.0115540834737, 0.519004903184, 0.528970750601, 0.91745842559, 0.701473404304, 0.200207863658, 0.981954218817, 5207.0
0.661352305701, 0.766931805211, 0.831251314208, 0.78047473473, 0.171228061201, 0.264440400683, 0.11748108488, 0.892560496151, 0.951149475617, 0.398756332977, 0.647996578302, 0.0309658119949, 0.559280834699, 0.995929424268, 0.619685209534, 0.157957122633, 0.710026551178, 0.9543925634, 0.555666350771, 0.0125973135545, 0.702554441368, 0.628724456358, 0.601871446997, 0.907162399906, 0.0174826065637, 0.151129039483, 5207.0
0.885726307522, 0.628499910678, 0.655992139982, 0.970245154523, 0.180933071171, 0.600911931976, 0.0539097621883, 0.324234492574, 0.979379885626, 0.32843152292, 0.878740358851, 0.467908619962, 0.602696082318, 0.892950439776, 0.93151239326, 0.537362183804, 0.831405385653, 0.8734647807, 0.852927048649, 0.029534051213, 0.214861352671, 0.317970672904, 0.17379695089, 0.0413793022142, 0.298978243663, 0.873599485269, 5207.0
0.885726307522, 0.628499910678, 0.655992139982, 0.970245154523, 0.180933071171, 0.600911931976, 0.0539097621883, 0.893772808724, 0.979379885626, 0.32843152292, 0.878740358851, 0.467908619962, 0.75504058427, 0.892950439776, 0.93151239326, 0.537362183804, 0.831405385653, 0.8734647807, 0.852927048649, 0.029534051213, 0.214861352671, 0.317970672904, 0.17379695089, 0.0413793022142, 0.298978243663, 0.873599485269, 5207.0
0.661352305701, 0.766931805211, 0.831251314208, 0.719910289988, 0.170870074318, 0.264440400683, 0.0539097621883, 0.892560496151, 0.951149475617, 0.42421445824, 0.647996578302, 0.332706718835, 0.863198313905, 0.995929424268, 0.619685209534, 0.157957122633, 0.710026551178, 0.950550045704, 0.555666350771, 0.00339018258667, 0.670238750687, 0.628724456358, 0.601871446997, 0.897164464116, 0.0108066155546, 0.0056047813093, 5207.0
0.656604354638, 0.897281726631, 0.864587265491, 0.585750046195, 0.109415388097, 0.394537580941, 0.319347329478, 0.468958314299, 0.981586014761, 0.349480929782, 0.864518873002, 0.227567943893, 0.925639958032, 0.781330821075, 0.998310023101, 0.491949655272, 0.882776062684, 0.663540834088, 0.751496469199, 0.0115540834737, 0.519004903184, 0.528970750601, 0.91745842559, 0.701473404304, 0.200207863658, 0.981954218817, 5207.0
0.661352305701, 0.766931805211, 0.831251314208, 0.78047473473, 0.171228061201, 0.264440400683, 0.11748108488, 0.892560496151, 0.951149475617, 0.398756332977, 0.647996578302, 0.0309658119949, 0.559280834699, 0.995929424268, 0.619685209534, 0.157957122633, 0.710026551178, 0.9543925634, 0.555666350771, 0.0125973135545, 0.702554441368, 0.628724456358, 0.601871446997, 0.907162399906, 0.0174826065637, 0.151129039483, 5207.0
0.99898324435, 0.583255199694, 0.822389712561, 0.622617050167, 0.0229804918154, 0.639942942407, 0.408580763968, 0.247176314348, 0.388250976127, 0.023880467739, 0.670261608009, 0.217606579933, 0.763716586442, 0.611904363025, 0.566436796013, 0.815007621072, 0.780440903754, 0.858038877211, 0.799194682719, 0.0435299190946, 0.449503417256, 0.045338965691, 0.488760388998, 0.444986158204, 0.462295892622, 0.214556755153, 5289.0
0.801582225511, 0.854819709239, 0.63356948333, 0.825246000572, 0.395335875544, 0.454750747145, 0.454780724815, 0.314202503011, 0.339516118703, 0.433294066327, 0.847052115673, 0.438253865066, 0.808598295696, 0.546773578346, 0.694357377271, 0.858166169174, 0.555536002983, 0.629608112923, 0.94972646877, 0.428074593596, 0.432216090453, 0.024643122862, 0.0153761571047, 0.00570709654534, 0.0512455221519, 0.70060222322, 5289.0
0.996289134121, 0.583255199694, 0.822389712561, 0.622617050167, 0.0229804918154, 0.639942942407, 0.408580763968, 0.247176314348, 0.388250976127, 0.023880467739, 0.670261608009, 0.217606579933, 0.763716586442, 0.611904363025, 0.566436796013, 0.815007621072, 0.780440903754, 0.858038877211, 0.799194682719, 0.0435299190946, 0.449503417256, 0.045338965691, 0.488760388998, 0.444986158204, 0.462295892622, 0.874640979278, 5289.0
0.99898324435, 0.583255199694, 0.822389712561, 0.622617050167, 0.0229804918154, 0.639942942407, 0.408580763968, 0.247176314348, 0.388250976127, 0.023880467739, 0.670261608009, 0.217606579933, 0.763716586442, 0.611904363025, 0.566436796013, 0.815007621072, 0.780440903754, 0.858038877211, 0.799194682719, 0.0435299190946, 0.449503417256, 0.045338965691, 0.488760388998, 0.444986158204, 0.462295892622, 0.214556755153, 5289.0
0.801582225511, 0.854819709239, 0.63356948333, 0.825246000572, 0.395335875544, 0.454750747145, 0.454780724815, 0.314202503011, 0.339516118703, 0.433294066327, 0.847052115673, 0.438253865066, 0.808598295696, 0.546773578346, 0.694357377271, 0.858166169174, 0.555536002983, 0.629608112923, 0.94972646877, 0.428074593596, 0.432216090453, 0.024643122862, 0.0153761571047, 0.00570709654534, 0.0512455221519, 0.70060222322, 5289.0
0.996289134121, 0.583255199694, 0.822389712561, 0.622617050167, 0.0229804918154, 0.639942942407, 0.408580763968, 0.247176314348, 0.388250976127, 0.023880467739, 0.670261608009, 0.217606579933, 0.763716586442, 0.611904363025, 0.566436796013, 0.815007621072, 0.780440903754, 0.858038877211, 0.799194682719, 0.0435299190946, 0.449503417256, 0.045338965691, 0.488760388998, 0.444986158204, 0.462295892622, 0.874640979278, 5289.0
0.5419719009, 0.623648665711, 0.972590382902, 0.601888946554, 0.295733083674, 0.482942930716, 0.870853888877, 0.909416257732, 0.146107068284, 0.751482831195, 0.801902960757, 0.362971850297, 0.571254885152, 0.933494252145, 0.660235161683, 0.618645909909, 0.64135724231, 0.534412333797, 0.872657860551, 0.219926326224, 0.0139584595751, 0.387816862745, 0.45765397973, 0.246117985332, 0.320034243913, 0.377183640402, 5365.0
0.801582225511, 0.854819709239, 0.63356948333, 0.825246000572, 0.395335875544, 0.454750747145, 0.454780724815, 0.363407771302, 0.339516118703, 0.802069946512, 0.847052115673, 0.438253865066, 0.808598295696, 0.546773578346, 0.694357377271, 0.858166169174, 0.555536002983, 0.629608112923, 0.94972646877, 0.428074593596, 0.432216090453, 0.024643122862, 0.0153761571047, 0.00570709654534, 0.0512455221519, 0.70060222322, 5365.0
0.683909742821, 0.945262617705, 0.881530929758, 0.77407747584, 0.31966573798, 0.620276432174, 0.538208140962, 0.711495935522, 0.0634124359866, 0.734016677, 0.841930014374, 0.153755932298, 0.879250186264, 0.653190322236, 0.545068587811, 0.929099734591, 0.512202933494, 0.885724437739, 0.994529420099, 0.760180557859, 0.0139584595751, 0.0163428874287, 0.243934936707, 0.352823001889, 0.380263720071, 0.377183640402, 5365.0
0.92317272209, 0.646700295864, 0.962139791139, 0.856423027465, 0.284909160569, 0.279744513676, 0.989783482453, 0.162228916139, 0.658092165069, 0.937868890978, 0.598856264617, 0.356273472851, 0.563331458914, 0.755798108142, 0.739199411535, 0.414998531922, 0.800912934758, 0.534412333797, 0.689078502665, 0.200231728721, 0.198817855593, 0.320777072977, 0.0168688026221, 0.0979545892477, 0.132731178203, 0.519446482947, 5365.0
0.802972701127, 0.950175977672, 0.861324380329, 0.891733826245, 0.0137452697269, 0.247403400878, 0.217693810716, 0.638313729433, 0.164622989978, 0.680779824572, 0.871241939443, 0.00716217680162, 0.649131593911, 0.601520643638, 0.659783287506, 0.516966435238, 0.890341472556, 0.83181590953, 0.707956274837, 0.383653490523, 0.0500793505875, 0.493949995357, 0.436889130926, 0.00682369023189, 0.0430335037634, 0.269641925583, 5365.0
0.924699405357, 0.506636038036, 0.644291164633, 0.262094100874, 0.525724128355, 0.623383695169, 0.63410761866, 0.581019525806, 0.373983332287, 0.961690301587, 0.940270649813, 0.47008006596, 0.663878244047, 0.577944917889, 0.958595309257, 0.263921510149, 0.514478926101, 0.718080675919, 0.705901400109, 0.141960932518, 0.149057316142, 0.0783002591618, 0.0279006919739, 0.0725821392643, 0.136392687934, 0.225656802418, 5365.0
0.600189910664, 0.950175977672, 0.525647109206, 0.598689433813, 0.00984525217749, 0.0553508010927, 0.462177200638, 0.351414136298, 0.986081286625, 0.561210357023, 0.77149266483, 0.108888346182, 0.639386067314, 0.923969582607, 0.827504374185, 0.0840091799054, 0.977151575534, 0.865274171764, 0.706229023166, 0.112309317092, 0.368072793282, 0.449509244898, 0.0691347632316, 0.279949449364, 0.289498620858, 0.865253795407, 5365.0
0.802972701127, 0.575726470644, 0.861324380329, 0.891733826245, 0.0894019040209, 0.247403400878, 0.943930837435, 0.638313729433, 0.164622989978, 0.996468574337, 0.871241939443, 0.00716217680162, 0.649131593911, 0.601520643638, 0.659783287506, 0.646929460438, 0.890341472556, 0.83181590953, 0.865908031248, 0.225880501134, 0.165594427333, 0.493949995357, 0.0721494148847, 0.179593050461, 0.0430335037634, 0.782806329668, 5365.0
0.591018343182, 0.500952913499, 0.57625659777, 0.924950907473, 0.0488411473166, 0.665923200351, 0.0384552270066, 0.653520114576, 0.947380880541, 0.839213458066, 0.864511819029, 0.215467874602, 0.666904578116, 0.913200750367, 0.567421184291, 0.895987753723, 0.687760074309, 0.810812696869, 0.568591075679, 0.570532146112, 0.149057316142, 0.12339581825, 0.0279006919739, 0.472672587228, 0.0342463757155, 0.643718119229, 5365.0
0.683909742821, 0.646700295864, 0.881530929758, 0.77407747584, 0.31966573798, 0.620276432174, 0.538208140962, 0.711495935522, 0.0634124359866, 0.937868890978, 0.841930014374, 0.153755932298, 0.879250186264, 0.653190322236, 0.545068587811, 0.929099734591, 0.800912934758, 0.534412333797, 0.689078502665, 0.760180557859, 0.0139584595751, 0.0173107888689, 0.243934936707, 0.352823001889, 0.380263720071, 0.0873171326941, 5365.0
0.92317272209, 0.945262617705, 0.962139791139, 0.856423027465, 0.284909160569, 0.279744513676, 0.989783482453, 0.433914787828, 0.658092165069, 0.734016677, 0.598856264617, 0.356273472851, 0.643940310057, 0.755798108142, 0.739199411535, 0.414998531922, 0.512202933494, 0.885724437739, 0.994529420099, 0.200231728721, 0.198817855593, 0.320777072977, 0.0168688026221, 0.0979545892477, 0.132731178203, 0.519446482947, 5365.0
0.600189910664, 0.950175977672, 0.525647109206, 0.598689433813, 0.0045878036007, 0.0553508010927, 0.462177200638, 0.339676392195, 0.948838556768, 0.561210357023, 0.77149266483, 0.108888346182, 0.639386067314, 0.923969582607, 0.827504374185, 0.136811578875, 0.977151575534, 0.888785801502, 0.706229023166, 0.112309317092, 0.368072793282, 0.449509244898, 0.0125926926461, 0.179593050461, 0.289498620858, 0.865253795407, 5365.0
0.600189910664, 0.950175977672, 0.525647109206, 0.820281358505, 0.00984525217749, 0.510705990295, 0.462177200638, 0.339676392195, 0.986081286625, 0.561210357023, 0.77149266483, 0.108888346182, 0.639386067314, 0.923969582607, 0.827504374185, 0.414998531922, 0.977151575534, 0.865274171764, 0.706229023166, 0.112309317092, 0.368072793282, 0.449509244898, 0.0691347632316, 0.431736112676, 0.289498620858, 0.519446482947, 5365.0
0.5419719009, 0.623648665711, 0.972590382902, 0.601888946554, 0.295733083674, 0.482942930716, 0.870853888877, 0.909416257732, 0.146107068284, 0.751482831195, 0.801902960757, 0.362971850297, 0.571254885152, 0.933494252145, 0.660235161683, 0.618645909909, 0.64135724231, 0.534412333797, 0.872657860551, 0.219926326224, 0.0139584595751, 0.387816862745, 0.45765397973, 0.246117985332, 0.320034243913, 0.377183640402, 5365.0
0.801582225511, 0.854819709239, 0.63356948333, 0.825246000572, 0.395335875544, 0.454750747145, 0.454780724815, 0.363407771302, 0.339516118703, 0.802069946512, 0.847052115673, 0.438253865066, 0.808598295696, 0.546773578346, 0.694357377271, 0.858166169174, 0.555536002983, 0.629608112923, 0.94972646877, 0.428074593596, 0.432216090453, 0.024643122862, 0.0153761571047, 0.00570709654534, 0.0512455221519, 0.70060222322, 5365.0
0.683909742821, 0.945262617705, 0.881530929758, 0.77407747584, 0.31966573798, 0.620276432174, 0.538208140962, 0.711495935522, 0.0634124359866, 0.734016677, 0.841930014374, 0.153755932298, 0.879250186264, 0.653190322236, 0.545068587811, 0.929099734591, 0.512202933494, 0.885724437739, 0.994529420099, 0.760180557859, 0.0139584595751, 0.0163428874287, 0.243934936707, 0.352823001889, 0.380263720071, 0.377183640402, 5365.0
0.92317272209, 0.646700295864, 0.962139791139, 0.856423027465, 0.284909160569, 0.279744513676, 0.989783482453, 0.162228916139, 0.658092165069, 0.937868890978, 0.598856264617, 0.356273472851, 0.563331458914, 0.755798108142, 0.739199411535, 0.414998531922, 0.800912934758, 0.534412333797, 0.689078502665, 0.200231728721, 0.198817855593, 0.320777072977, 0.0168688026221, 0.0979545892477, 0.132731178203, 0.519446482947, 5365.0
0.802972701127, 0.950175977672, 0.861324380329, 0.891733826245, 0.0137452697269, 0.247403400878, 0.217693810716, 0.638313729433, 0.164622989978, 0.680779824572, 0.871241939443, 0.00716217680162, 0.649131593911, 0.601520643638, 0.659783287506, 0.516966435238, 0.890341472556, 0.83181590953, 0.707956274837, 0.383653490523, 0.0500793505875, 0.493949995357, 0.436889130926, 0.00682369023189, 0.0430335037634, 0.269641925583, 5365.0
0.924699405357, 0.506636038036, 0.644291164633, 0.262094100874, 0.525724128355, 0.623383695169, 0.63410761866, 0.581019525806, 0.373983332287, 0.961690301587, 0.940270649813, 0.47008006596, 0.663878244047, 0.577944917889, 0.958595309257, 0.263921510149, 0.514478926101, 0.718080675919, 0.705901400109, 0.141960932518, 0.149057316142, 0.0783002591618, 0.0279006919739, 0.0725821392643, 0.136392687934, 0.225656802418, 5365.0
0.600189910664, 0.950175977672, 0.525647109206, 0.598689433813, 0.00984525217749, 0.0553508010927, 0.462177200638, 0.351414136298, 0.986081286625, 0.561210357023, 0.77149266483, 0.108888346182, 0.639386067314, 0.923969582607, 0.827504374185, 0.0840091799054, 0.977151575534, 0.865274171764, 0.706229023166, 0.112309317092, 0.368072793282, 0.449509244898, 0.0691347632316, 0.279949449364, 0.289498620858, 0.865253795407, 5365.0
0.802972701127, 0.575726470644, 0.861324380329, 0.891733826245, 0.0894019040209, 0.247403400878, 0.943930837435, 0.638313729433, 0.164622989978, 0.996468574337, 0.871241939443, 0.00716217680162, 0.649131593911, 0.601520643638, 0.659783287506, 0.646929460438, 0.890341472556, 0.83181590953, 0.865908031248, 0.225880501134, 0.165594427333, 0.493949995357, 0.0721494148847, 0.179593050461, 0.0430335037634, 0.782806329668, 5365.0
0.591018343182, 0.500952913499, 0.57625659777, 0.924950907473, 0.0488411473166, 0.665923200351, 0.0384552270066, 0.653520114576, 0.947380880541, 0.839213458066, 0.864511819029, 0.215467874602, 0.666904578116, 0.913200750367, 0.567421184291, 0.895987753723, 0.687760074309, 0.810812696869, 0.568591075679, 0.570532146112, 0.149057316142, 0.12339581825, 0.0279006919739, 0.472672587228, 0.0342463757155, 0.643718119229, 5365.0
0.683909742821, 0.646700295864, 0.881530929758, 0.77407747584, 0.31966573798, 0.620276432174, 0.538208140962, 0.711495935522, 0.0634124359866, 0.937868890978, 0.841930014374, 0.153755932298, 0.879250186264, 0.653190322236, 0.545068587811, 0.929099734591, 0.800912934758, 0.534412333797, 0.689078502665, 0.760180557859, 0.0139584595751, 0.0173107888689, 0.243934936707, 0.352823001889, 0.380263720071, 0.0873171326941, 5365.0
0.92317272209, 0.945262617705, 0.962139791139, 0.856423027465, 0.284909160569, 0.279744513676, 0.989783482453, 0.433914787828, 0.658092165069, 0.734016677, 0.598856264617, 0.356273472851, 0.643940310057, 0.755798108142, 0.739199411535, 0.414998531922, 0.512202933494, 0.885724437739, 0.994529420099, 0.200231728721, 0.198817855593, 0.320777072977, 0.0168688026221, 0.0979545892477, 0.132731178203, 0.519446482947, 5365.0
0.600189910664, 0.950175977672, 0.525647109206, 0.598689433813, 0.0045878036007, 0.0553508010927, 0.462177200638, 0.339676392195, 0.948838556768, 0.561210357023, 0.77149266483, 0.108888346182, 0.639386067314, 0.923969582607, 0.827504374185, 0.136811578875, 0.977151575534, 0.888785801502, 0.706229023166, 0.112309317092, 0.368072793282, 0.449509244898, 0.0125926926461, 0.179593050461, 0.289498620858, 0.865253795407, 5365.0
0.600189910664, 0.950175977672, 0.525647109206, 0.820281358505, 0.00984525217749, 0.510705990295, 0.462177200638, 0.339676392195, 0.986081286625, 0.561210357023, 0.77149266483, 0.108888346182, 0.639386067314, 0.923969582607, 0.827504374185, 0.414998531922, 0.977151575534, 0.865274171764, 0.706229023166, 0.112309317092, 0.368072793282, 0.449509244898, 0.0691347632316, 0.431736112676, 0.289498620858, 0.519446482947, 5365.0
0.528390542821, 0.715899737867, 0.73876138398, 0.940781925876, 0.45650012041, 0.257470153946, 0.277833760246, 0.0220143443564, 0.288740827629, 0.599410434715, 0.759655546349, 0.225643666818, 0.788247081575, 0.976573321496, 0.672770774005, 0.638004859974, 0.666468450786, 0.877480681044, 0.882300671761, 0.993552099519, 0.846036607923, 0.952170211459, 0.902593825935, 0.579083054823, 0.054823675099, 0.110053818047, 5390.0
0.600279453525, 0.605743194395, 0.630252643112, 0.822799071144, 0.498493206292, 0.948991769657, 0.266528712534, 0.265946646801, 0.903615991934, 0.599410434715, 0.942285484555, 0.219085874751, 0.622321090191, 0.775568769813, 0.983176506107, 0.97602350511, 0.999208435735, 0.922396826764, 0.792042588332, 0.211363511815, 0.635252768451, 0.812034363082, 0.62764720279, 0.815841865017, 0.355883147084, 0.184712345389, 5390.0
0.872628682018, 0.652226843929, 0.947548836811, 0.788138160274, 0.213867701219, 0.424516891468, 0.451849088308, 0.555073456943, 0.612772309396, 0.753779953597, 0.753953964036, 0.499713956704, 0.989455818657, 0.940099823062, 0.868756972259, 0.230125076502, 0.51651579281, 0.931993806798, 0.644367664176, 0.421306350182, 0.732254298642, 0.92839344299, 0.561212231431, 0.593601310203, 0.03225886511, 0.16199132402, 5390.0
0.528390542821, 0.715899737867, 0.73876138398, 0.940781925876, 0.45650012041, 0.257470153946, 0.277833760246, 0.0220143443564, 0.288740827629, 0.599410434715, 0.759655546349, 0.225643666818, 0.788247081575, 0.976573321496, 0.672770774005, 0.638004859974, 0.666468450786, 0.877480681044, 0.882300671761, 0.993552099519, 0.846036607923, 0.952170211459, 0.902593825935, 0.579083054823, 0.054823675099, 0.110053818047, 5390.0
0.600279453525, 0.605743194395, 0.630252643112, 0.822799071144, 0.498493206292, 0.948991769657, 0.266528712534, 0.265946646801, 0.903615991934, 0.599410434715, 0.942285484555, 0.219085874751, 0.622321090191, 0.775568769813, 0.983176506107, 0.97602350511, 0.999208435735, 0.922396826764, 0.792042588332, 0.211363511815, 0.635252768451, 0.812034363082, 0.62764720279, 0.815841865017, 0.355883147084, 0.184712345389, 5390.0
0.872628682018, 0.652226843929, 0.947548836811, 0.788138160274, 0.213867701219, 0.424516891468, 0.451849088308, 0.555073456943, 0.612772309396, 0.753779953597, 0.753953964036, 0.499713956704, 0.989455818657, 0.940099823062, 0.868756972259, 0.230125076502, 0.51651579281, 0.931993806798, 0.644367664176, 0.421306350182, 0.732254298642, 0.92839344299, 0.561212231431, 0.593601310203, 0.03225886511, 0.16199132402, 5390.0
0.91499221395, 0.803863753081, 0.785525505929, 0.00666464282872, 0.895616677594, 0.937337198051, 0.997175260348, 0.559580497975, 0.135213064811, 0.32092554673, 0.727586169973, 0.179733586143, 0.991860931202, 0.755177762152, 0.882799653858, 0.955823137867, 0.692557835124, 0.68522179214, 0.527407750609, 0.56053039354, 0.898257381051, 0.779614253192, 0.605551652559, 0.0491001671869, 0.920684365211, 0.258415543784, 14694.0
0.771204616554, 0.55460121616, 0.736083490077, 0.644620636391, 0.279464994603, 0.742384248187, 0.468529965726, 0.723519866736, 0.329804630945, 0.169170664296, 0.632040476193, 0.0165011300564, 0.826129535889, 0.506172740091, 0.629760576627, 0.798723554205, 0.942658167787, 0.602886593537, 0.516984980904, 0.261121361707, 0.944151842682, 0.922463536668, 0.746335319054, 0.464733134704, 0.787326181468, 0.650515041114, 14694.0
0.91499221395, 0.803863753081, 0.785525505929, 0.00296558063325, 0.895616677594, 0.937337198051, 0.997175260348, 0.559580497975, 0.135213064811, 0.32092554673, 0.727586169973, 0.179733586143, 0.991860931202, 0.506172740091, 0.882799653858, 0.73761678048, 0.692557835124, 0.68522179214, 0.527407750609, 0.56053039354, 0.898257381051, 0.779614253192, 0.605551652559, 0.0491001671869, 0.500218616723, 0.650515041114, 14694.0
0.771204616554, 0.55460121616, 0.736083490077, 0.644620636391, 0.279464994603, 0.742384248187, 0.468529965726, 0.723519866736, 0.329804630945, 0.169170664296, 0.632040476193, 0.0165011300564, 0.826129535889, 0.506172740091, 0.629760576627, 0.798723554205, 0.942658167787, 0.602886593537, 0.516984980904, 0.261121361707, 0.944151842682, 0.922463536668, 0.746335319054, 0.464733134704, 0.787326181468, 0.650515041114, 14694.0
