0.974975656038, 0.510395740581, 0.963963143169, 0.719559824765, 0.385401016772, 0.912453834969, 0.82998734987, 0.767905844864, 0.226595623044, 0.393290668303, 0.78809225974, 0.746411692853, 0.31502632042, 0.614258882403, 0.701093982338, 0.787956564938, 0.968788136721, 0.526039274374, 0.650075752377, 0.397364764303, 0.73536319291, 0.996794472279, 0.524713505903, 0.70736508578, 0.48607209013, 0.682632547274, 2986.0
0.571371682993, 0.955920661444, 0.992487397725, 0.719559824765, 0.385401016772, 0.736859073945, 0.226393341786, 0.598866132735, 0.165339099136, 0.24007268892, 0.78809225974, 0.712732380313, 0.0383492405435, 0.549476655076, 0.511753178903, 0.787956564938, 0.529234682421, 0.950784238246, 0.790738435001, 0.092100760843, 0.699273792807, 0.995359775827, 0.645737737819, 0.633726814318, 0.150739401312, 0.234055944074, 2986.0
0.953791819221, 0.955920661444, 0.992487397725, 0.719559824765, 0.385401016772, 0.736859073945, 0.411136786167, 0.670043519433, 0.165339099136, 0.595355107363, 0.78809225974, 0.531777949681, 0.0273740345237, 0.629276487066, 0.511753178903, 0.787956564938, 0.69104154205, 0.801156026703, 0.528362553258, 0.954830443254, 0.634052724966, 0.996794472279, 0.939492377095, 0.633726814318, 0.110379699967, 0.234055944074, 2986.0
0.588098080496, 0.955920661444, 0.963869356828, 0.719559824765, 0.0447080290018, 0.736859073945, 0.00297848227355, 0.598866132735, 0.0641404304886, 0.784742598412, 0.632867184408, 0.58079378519, 0.195628345319, 0.614258882403, 0.511753178903, 0.787956564938, 0.781440078291, 0.801156026703, 0.528362553258, 0.65402493457, 0.534179153041, 0.995359775827, 0.939492377095, 0.996650700404, 0.378337316333, 0.234055944074, 2986.0
0.571371682993, 0.955920661444, 0.992487397725, 0.719559824765, 0.385401016772, 0.736859073945, 0.226393341786, 0.598866132735, 0.165339099136, 0.24007268892, 0.78809225974, 0.712732380313, 0.0383492405435, 0.549476655076, 0.511753178903, 0.787956564938, 0.568911822833, 0.801156026703, 0.790738435001, 0.2352915419, 0.699273792807, 0.995359775827, 0.645737737819, 0.633726814318, 0.150739401312, 0.234055944074, 2986.0
0.974975656038, 0.510395740581, 0.963963143169, 0.719559824765, 0.385401016772, 0.912453834969, 0.82998734987, 0.767905844864, 0.226595623044, 0.393290668303, 0.78809225974, 0.746411692853, 0.31502632042, 0.614258882403, 0.701093982338, 0.787956564938, 0.968788136721, 0.526039274374, 0.650075752377, 0.397364764303, 0.73536319291, 0.996794472279, 0.524713505903, 0.70736508578, 0.48607209013, 0.682632547274, 2986.0
0.571371682993, 0.955920661444, 0.992487397725, 0.719559824765, 0.385401016772, 0.736859073945, 0.226393341786, 0.598866132735, 0.165339099136, 0.24007268892, 0.78809225974, 0.712732380313, 0.0383492405435, 0.549476655076, 0.511753178903, 0.787956564938, 0.529234682421, 0.950784238246, 0.790738435001, 0.092100760843, 0.699273792807, 0.995359775827, 0.645737737819, 0.633726814318, 0.150739401312, 0.234055944074, 2986.0
0.953791819221, 0.955920661444, 0.992487397725, 0.719559824765, 0.385401016772, 0.736859073945, 0.411136786167, 0.670043519433, 0.165339099136, 0.595355107363, 0.78809225974, 0.531777949681, 0.0273740345237, 0.629276487066, 0.511753178903, 0.787956564938, 0.69104154205, 0.801156026703, 0.528362553258, 0.954830443254, 0.634052724966, 0.996794472279, 0.939492377095, 0.633726814318, 0.110379699967, 0.234055944074, 2986.0
0.588098080496, 0.955920661444, 0.963869356828, 0.719559824765, 0.0447080290018, 0.736859073945, 0.00297848227355, 0.598866132735, 0.0641404304886, 0.784742598412, 0.632867184408, 0.58079378519, 0.195628345319, 0.614258882403, 0.511753178903, 0.787956564938, 0.781440078291, 0.801156026703, 0.528362553258, 0.65402493457, 0.534179153041, 0.995359775827, 0.939492377095, 0.996650700404, 0.378337316333, 0.234055944074, 2986.0
0.571371682993, 0.955920661444, 0.992487397725, 0.719559824765, 0.385401016772, 0.736859073945, 0.226393341786, 0.598866132735, 0.165339099136, 0.24007268892, 0.78809225974, 0.712732380313, 0.0383492405435, 0.549476655076, 0.511753178903, 0.787956564938, 0.568911822833, 0.801156026703, 0.790738435001, 0.2352915419, 0.699273792807, 0.995359775827, 0.645737737819, 0.633726814318, 0.150739401312, 0.234055944074, 2986.0
0.835447685347, 0.515381393804, 0.634567074349, 0.658273766654, 0.0322518199777, 0.656540244395, 0.139734933365, 0.00545407593616, 0.43537904642, 0.790308431422, 0.874337800363, 0.60449456888, 0.0752780287402, 0.514096598155, 0.973191128318, 0.901955404662, 0.630564005784, 0.816686102527, 0.521855050546, 0.000587959253698, 0.778640019304, 0.983832680711, 0.79044915614, 0.990841142959, 0.217145580474, 0.955027853636, 3185.0
0.771153846105, 0.673445300166, 0.857849904126, 0.568663860779, 0.201446028703, 0.177645249945, 0.26771657196, 0.267841878996, 0.991374051666, 0.178412891786, 0.903767296959, 0.996114120847, 0.18008300669, 0.514096598155, 0.756664462424, 0.838737535719, 0.720200717583, 0.866043222753, 0.630055102333, 0.00975813184951, 0.624802566827, 0.899642043089, 0.79044915614, 0.500224599813, 0.356603206954, 0.21538864625, 3185.0
0.63611947426, 0.788548096867, 0.634567074349, 0.568663860779, 0.201446028703, 0.857014541467, 0.576646640694, 0.267841878996, 0.976300679684, 0.815047362408, 0.832038147505, 0.998102413203, 0.204746264113, 0.514096598155, 0.756664462424, 0.901955404662, 0.630564005784, 0.681348337848, 0.916420805479, 0.000587959253698, 0.706662704094, 0.983832680711, 0.79044915614, 0.74610375944, 0.424523988885, 0.21538864625, 3185.0
0.63611947426, 0.673445300166, 0.634567074349, 0.568663860779, 0.246693351201, 0.11397819676, 0.512221428846, 0.267841878996, 0.976300679684, 0.815047362408, 0.832038147505, 0.996114120847, 0.204746264113, 0.514096598155, 0.756664462424, 0.901955404662, 0.969693110431, 0.681348337848, 0.630055102333, 0.000587959253698, 0.624802566827, 0.756649135335, 0.79044915614, 0.74610375944, 0.427557389125, 0.21538864625, 3185.0
0.813224559598, 0.927467162124, 0.634567074349, 0.658273766654, 0.154653968179, 0.857014541467, 0.139734933365, 0.0745878013228, 0.638923730916, 0.178412891786, 0.874337800363, 0.60449456888, 0.125805244894, 0.715387505722, 0.988896851086, 0.838737535719, 0.630564005784, 0.680602674897, 0.521855050546, 0.348809101004, 0.706662704094, 0.983832680711, 0.821746304644, 0.58055687648, 0.356603206954, 0.955027853636, 3185.0
0.771153846105, 0.673445300166, 0.857849904126, 0.568663860779, 0.201446028703, 0.11397819676, 0.512221428846, 0.267841878996, 0.976300679684, 0.178412891786, 0.903767296959, 0.996114120847, 0.204746264113, 0.514096598155, 0.756664462424, 0.838737535719, 0.720200717583, 0.866043222753, 0.598451089649, 0.000587959253698, 0.624802566827, 0.899642043089, 0.79044915614, 0.990213626365, 0.278546466813, 0.21538864625, 3185.0
0.63611947426, 0.673445300166, 0.857849904126, 0.568663860779, 0.0155101315477, 0.0874748637493, 0.512221428846, 0.0745878013228, 0.976300679684, 0.790308431422, 0.832038147505, 0.985939267549, 0.0752780287402, 0.514096598155, 0.756664462424, 0.838737535719, 0.720200717583, 0.725567843066, 0.630055102333, 0.419701032742, 0.706662704094, 0.846933285876, 0.79044915614, 0.990213626365, 0.356603206954, 0.21538864625, 3185.0
0.813224559598, 0.927467162124, 0.634567074349, 0.658273766654, 0.154653968179, 0.8127323455, 0.139734933365, 0.0745878013228, 0.638923730916, 0.178412891786, 0.874337800363, 0.996114120847, 0.125805244894, 0.715387505722, 0.988896851086, 0.838737535719, 0.630564005784, 0.680602674897, 0.521855050546, 0.0633710715696, 0.706662704094, 0.983832680711, 0.821746304644, 0.58055687648, 0.356603206954, 0.955027853636, 3185.0
0.835447685347, 0.515381393804, 0.634567074349, 0.658273766654, 0.0322518199777, 0.656540244395, 0.139734933365, 0.00545407593616, 0.43537904642, 0.790308431422, 0.874337800363, 0.60449456888, 0.0752780287402, 0.514096598155, 0.973191128318, 0.901955404662, 0.630564005784, 0.816686102527, 0.521855050546, 0.000587959253698, 0.778640019304, 0.983832680711, 0.79044915614, 0.990841142959, 0.217145580474, 0.955027853636, 3185.0
0.771153846105, 0.673445300166, 0.857849904126, 0.568663860779, 0.201446028703, 0.177645249945, 0.26771657196, 0.267841878996, 0.991374051666, 0.178412891786, 0.903767296959, 0.996114120847, 0.18008300669, 0.514096598155, 0.756664462424, 0.838737535719, 0.720200717583, 0.866043222753, 0.630055102333, 0.00975813184951, 0.624802566827, 0.899642043089, 0.79044915614, 0.500224599813, 0.356603206954, 0.21538864625, 3185.0
0.63611947426, 0.788548096867, 0.634567074349, 0.568663860779, 0.201446028703, 0.857014541467, 0.576646640694, 0.267841878996, 0.976300679684, 0.815047362408, 0.832038147505, 0.998102413203, 0.204746264113, 0.514096598155, 0.756664462424, 0.901955404662, 0.630564005784, 0.681348337848, 0.916420805479, 0.000587959253698, 0.706662704094, 0.983832680711, 0.79044915614, 0.74610375944, 0.424523988885, 0.21538864625, 3185.0
0.63611947426, 0.673445300166, 0.634567074349, 0.568663860779, 0.246693351201, 0.11397819676, 0.512221428846, 0.267841878996, 0.976300679684, 0.815047362408, 0.832038147505, 0.996114120847, 0.204746264113, 0.514096598155, 0.756664462424, 0.901955404662, 0.969693110431, 0.681348337848, 0.630055102333, 0.000587959253698, 0.624802566827, 0.756649135335, 0.79044915614, 0.74610375944, 0.427557389125, 0.21538864625, 3185.0
0.813224559598, 0.927467162124, 0.634567074349, 0.658273766654, 0.154653968179, 0.857014541467, 0.139734933365, 0.0745878013228, 0.638923730916, 0.178412891786, 0.874337800363, 0.60449456888, 0.125805244894, 0.715387505722, 0.988896851086, 0.838737535719, 0.630564005784, 0.680602674897, 0.521855050546, 0.348809101004, 0.706662704094, 0.983832680711, 0.821746304644, 0.58055687648, 0.356603206954, 0.955027853636, 3185.0
0.771153846105, 0.673445300166, 0.857849904126, 0.568663860779, 0.201446028703, 0.11397819676, 0.512221428846, 0.267841878996, 0.976300679684, 0.178412891786, 0.903767296959, 0.996114120847, 0.204746264113, 0.514096598155, 0.756664462424, 0.838737535719, 0.720200717583, 0.866043222753, 0.598451089649, 0.000587959253698, 0.624802566827, 0.899642043089, 0.79044915614, 0.990213626365, 0.278546466813, 0.21538864625, 3185.0
0.63611947426, 0.673445300166, 0.857849904126, 0.568663860779, 0.0155101315477, 0.0874748637493, 0.512221428846, 0.0745878013228, 0.976300679684, 0.790308431422, 0.832038147505, 0.985939267549, 0.0752780287402, 0.514096598155, 0.756664462424, 0.838737535719, 0.720200717583, 0.725567843066, 0.630055102333, 0.419701032742, 0.706662704094, 0.846933285876, 0.79044915614, 0.990213626365, 0.356603206954, 0.21538864625, 3185.0
0.813224559598, 0.927467162124, 0.634567074349, 0.658273766654, 0.154653968179, 0.8127323455, 0.139734933365, 0.0745878013228, 0.638923730916, 0.178412891786, 0.874337800363, 0.996114120847, 0.125805244894, 0.715387505722, 0.988896851086, 0.838737535719, 0.630564005784, 0.680602674897, 0.521855050546, 0.0633710715696, 0.706662704094, 0.983832680711, 0.821746304644, 0.58055687648, 0.356603206954, 0.955027853636, 3185.0
0.879317488377, 0.594657040397, 0.761654328241, 0.99389065341, 0.398123912735, 0.342596881203, 0.549271544314, 0.158031591775, 0.997341589277, 0.911762717825, 0.999998600209, 0.805060647398, 0.171143100942, 0.830855440463, 0.956838702831, 0.687173657251, 0.566343914764, 0.934429327549, 0.81138574011, 0.570429378307, 0.257613206018, 0.357774451336, 0.00131701036353, 0.256152249579, 0.0353036746424, 0.145277616734, 3216.0
0.879317488377, 0.594657040397, 0.81613096216, 0.99389065341, 0.452322553591, 0.158685495941, 0.682612858327, 0.134347220239, 0.997341589277, 0.911762717825, 0.999998600209, 0.580240619099, 0.252547291608, 0.830855440463, 0.832596718367, 0.687173657251, 0.566343914764, 0.934429327549, 0.963958178233, 0.570429378307, 0.257613206018, 0.000559875225534, 0.428302403182, 0.256152249579, 0.0353036746424, 0.145277616734, 3216.0
0.879317488377, 0.624345220754, 0.761654328241, 0.994145855697, 0.452322553591, 0.0352292977508, 0.494743142041, 0.158031591775, 0.518623860584, 0.36950478781, 0.999998608776, 0.580240619099, 0.45366544374, 0.830855440463, 0.832596718367, 0.687173657251, 0.559962275419, 0.934429327549, 0.81138574011, 0.570429378307, 0.257613206018, 0.000559875225534, 0.00131701036353, 0.256152249579, 0.0353036746424, 0.145277616734, 3216.0
0.929885775525, 0.594657040397, 0.81613096216, 0.99389065341, 0.452322553591, 0.448218358821, 0.304574782024, 0.158031591775, 0.997341589277, 0.911762717825, 0.999998600209, 0.907913232169, 0.252547291608, 0.989464309007, 0.832596718367, 0.687173657251, 0.566343914764, 0.934429327549, 0.81138574011, 0.570429378307, 0.257613206018, 0.341789006323, 0.000363305054298, 0.256152249579, 0.0353036746424, 0.145277616734, 3216.0
0.879317488377, 0.594657040397, 0.81613096216, 0.947297315485, 0.452322553591, 0.158685495941, 0.265713755833, 0.158031591775, 0.518623860584, 0.0159863280323, 0.999998600209, 0.580240619099, 0.307872258831, 0.830855440463, 0.832596718367, 0.373146024006, 0.559962275419, 0.934429327549, 0.81138574011, 0.0570263043839, 0.257613206018, 0.000559875225534, 0.00131701036353, 0.256152249579, 0.0353036746424, 0.145277616734, 3216.0
0.879317488377, 0.594657040397, 0.761654328241, 0.99389065341, 0.398123912735, 0.342596881203, 0.549271544314, 0.127639160353, 0.997341589277, 0.911762717825, 0.999998600209, 0.979724848288, 0.252547291608, 0.830855440463, 0.956838702831, 0.687173657251, 0.566343914764, 0.934429327549, 0.81138574011, 0.570429378307, 0.105948670868, 0.357774451336, 0.00131701036353, 0.256152249579, 0.0353036746424, 0.145277616734, 3216.0
0.879317488377, 0.624345220754, 0.761654328241, 0.99389065341, 0.452322553591, 0.158685495941, 0.217305899961, 0.158031591775, 0.518623860584, 0.184270357329, 0.999998608776, 0.956487911299, 0.302454667578, 0.830855440463, 0.832596718367, 0.687173657251, 0.931312272996, 0.934429327549, 0.81138574011, 0.192188272863, 0.213039871649, 0.000559875225534, 0.123829261618, 0.256152249579, 0.0353036746424, 0.127518035239, 3216.0
0.879317488377, 0.594657040397, 0.81613096216, 0.99389065341, 0.452322553591, 0.695923740642, 0.304574782024, 0.158031591775, 0.997341589277, 0.911762717825, 0.999998600209, 0.907913232169, 0.252547291608, 0.989464309007, 0.832596718367, 0.687173657251, 0.566343914764, 0.934429327549, 0.844515576428, 0.570429378307, 0.257613206018, 0.341789006323, 0.000363305054298, 0.256152249579, 0.0353036746424, 0.145277616734, 3216.0
0.879317488377, 0.594657040397, 0.761654328241, 0.99389065341, 0.398123912735, 0.342596881203, 0.549271544314, 0.158031591775, 0.997341589277, 0.911762717825, 0.999998600209, 0.805060647398, 0.171143100942, 0.830855440463, 0.956838702831, 0.687173657251, 0.566343914764, 0.934429327549, 0.81138574011, 0.570429378307, 0.257613206018, 0.357774451336, 0.00131701036353, 0.256152249579, 0.0353036746424, 0.145277616734, 3216.0
0.879317488377, 0.594657040397, 0.81613096216, 0.99389065341, 0.452322553591, 0.158685495941, 0.682612858327, 0.134347220239, 0.997341589277, 0.911762717825, 0.999998600209, 0.580240619099, 0.252547291608, 0.830855440463, 0.832596718367, 0.687173657251, 0.566343914764, 0.934429327549, 0.963958178233, 0.570429378307, 0.257613206018, 0.000559875225534, 0.428302403182, 0.256152249579, 0.0353036746424, 0.145277616734, 3216.0
0.879317488377, 0.624345220754, 0.761654328241, 0.994145855697, 0.452322553591, 0.0352292977508, 0.494743142041, 0.158031591775, 0.518623860584, 0.36950478781, 0.999998608776, 0.580240619099, 0.45366544374, 0.830855440463, 0.832596718367, 0.687173657251, 0.559962275419, 0.934429327549, 0.81138574011, 0.570429378307, 0.257613206018, 0.000559875225534, 0.00131701036353, 0.256152249579, 0.0353036746424, 0.145277616734, 3216.0
0.929885775525, 0.594657040397, 0.81613096216, 0.99389065341, 0.452322553591, 0.448218358821, 0.304574782024, 0.158031591775, 0.997341589277, 0.911762717825, 0.999998600209, 0.907913232169, 0.252547291608, 0.989464309007, 0.832596718367, 0.687173657251, 0.566343914764, 0.934429327549, 0.81138574011, 0.570429378307, 0.257613206018, 0.341789006323, 0.000363305054298, 0.256152249579, 0.0353036746424, 0.145277616734, 3216.0
0.879317488377, 0.594657040397, 0.81613096216, 0.947297315485, 0.452322553591, 0.158685495941, 0.265713755833, 0.158031591775, 0.518623860584, 0.0159863280323, 0.999998600209, 0.580240619099, 0.307872258831, 0.830855440463, 0.832596718367, 0.373146024006, 0.559962275419, 0.934429327549, 0.81138574011, 0.0570263043839, 0.257613206018, 0.000559875225534, 0.00131701036353, 0.256152249579, 0.0353036746424, 0.145277616734, 3216.0
0.879317488377, 0.594657040397, 0.761654328241, 0.99389065341, 0.398123912735, 0.342596881203, 0.549271544314, 0.127639160353, 0.997341589277, 0.911762717825, 0.999998600209, 0.979724848288, 0.252547291608, 0.830855440463, 0.956838702831, 0.687173657251, 0.566343914764, 0.934429327549, 0.81138574011, 0.570429378307, 0.105948670868, 0.357774451336, 0.00131701036353, 0.256152249579, 0.0353036746424, 0.145277616734, 3216.0
0.879317488377, 0.624345220754, 0.761654328241, 0.99389065341, 0.452322553591, 0.158685495941, 0.217305899961, 0.158031591775, 0.518623860584, 0.184270357329, 0.999998608776, 0.956487911299, 0.302454667578, 0.830855440463, 0.832596718367, 0.687173657251, 0.931312272996, 0.934429327549, 0.81138574011, 0.192188272863, 0.213039871649, 0.000559875225534, 0.123829261618, 0.256152249579, 0.0353036746424, 0.127518035239, 3216.0
0.879317488377, 0.594657040397, 0.81613096216, 0.99389065341, 0.452322553591, 0.695923740642, 0.304574782024, 0.158031591775, 0.997341589277, 0.911762717825, 0.999998600209, 0.907913232169, 0.252547291608, 0.989464309007, 0.832596718367, 0.687173657251, 0.566343914764, 0.934429327549, 0.844515576428, 0.570429378307, 0.257613206018, 0.341789006323, 0.000363305054298, 0.256152249579, 0.0353036746424, 0.145277616734, 3216.0
0.875622608785, 0.97970975188, 0.946444310356, 0.772168477978, 0.141618610657, 0.382021040731, 0.215207658963, 0.159988038973, 0.732704318837, 0.862778981402, 0.77209416263, 0.644058446331, 0.375071201113, 0.600500237709, 0.878824214503, 0.855737326058, 0.536983352299, 0.61985137601, 0.995886051923, 0.857666348793, 0.906223052842, 0.653644781871, 0.509494295979, 0.21416601897, 0.533210842422, 0.392404370198, 5045.0
0.849364694142, 0.97970975188, 0.946444310356, 0.749567300158, 0.141618610657, 0.674143452728, 0.238490610761, 0.399415711263, 0.732704318837, 0.862778981402, 0.578933282553, 0.505224284056, 0.375071201113, 0.647547883519, 0.998878425259, 0.0979554229209, 0.536983352299, 0.61985137601, 0.976034122486, 0.179250657439, 0.925309387471, 0.901824466495, 0.509494295979, 0.0390051644288, 0.589592831259, 0.222941843455, 5045.0
0.849364694142, 0.97970975188, 0.946444310356, 0.58995393311, 0.141618610657, 0.489976305573, 0.248797248787, 0.399415711263, 0.765853951215, 0.862778981402, 0.77209416263, 0.644058446331, 0.375071201113, 0.596778987188, 0.994687714461, 0.8750454544, 0.536983352299, 0.61985137601, 0.995886051923, 0.179250657439, 0.957887369982, 0.653644781871, 0.509494295979, 0.21416601897, 0.589592831259, 0.0114070027172, 5045.0
0.849364694142, 0.995058627895, 0.707615668429, 0.772168477978, 0.141618610657, 0.480638076514, 0.238490610761, 0.346524601253, 0.597744542155, 0.862778981402, 0.578933282553, 0.684936960963, 0.375071201113, 0.596778987188, 0.592712223324, 0.855737326058, 0.988440901872, 0.61985137601, 0.74180024327, 0.920723491121, 0.906223052842, 0.93283583062, 0.509494295979, 0.164906645679, 0.569206282362, 0.392404370198, 5045.0
0.875622608785, 0.97970975188, 0.946444310356, 0.772168477978, 0.141618610657, 0.382021040731, 0.215207658963, 0.159988038973, 0.732704318837, 0.862778981402, 0.77209416263, 0.644058446331, 0.375071201113, 0.600500237709, 0.878824214503, 0.855737326058, 0.536983352299, 0.61985137601, 0.995886051923, 0.857666348793, 0.906223052842, 0.653644781871, 0.509494295979, 0.21416601897, 0.533210842422, 0.392404370198, 5045.0
0.849364694142, 0.97970975188, 0.946444310356, 0.749567300158, 0.141618610657, 0.674143452728, 0.238490610761, 0.399415711263, 0.732704318837, 0.862778981402, 0.578933282553, 0.505224284056, 0.375071201113, 0.647547883519, 0.998878425259, 0.0979554229209, 0.536983352299, 0.61985137601, 0.976034122486, 0.179250657439, 0.925309387471, 0.901824466495, 0.509494295979, 0.0390051644288, 0.589592831259, 0.222941843455, 5045.0
0.849364694142, 0.97970975188, 0.946444310356, 0.58995393311, 0.141618610657, 0.489976305573, 0.248797248787, 0.399415711263, 0.765853951215, 0.862778981402, 0.77209416263, 0.644058446331, 0.375071201113, 0.596778987188, 0.994687714461, 0.8750454544, 0.536983352299, 0.61985137601, 0.995886051923, 0.179250657439, 0.957887369982, 0.653644781871, 0.509494295979, 0.21416601897, 0.589592831259, 0.0114070027172, 5045.0
0.849364694142, 0.995058627895, 0.707615668429, 0.772168477978, 0.141618610657, 0.480638076514, 0.238490610761, 0.346524601253, 0.597744542155, 0.862778981402, 0.578933282553, 0.684936960963, 0.375071201113, 0.596778987188, 0.592712223324, 0.855737326058, 0.988440901872, 0.61985137601, 0.74180024327, 0.920723491121, 0.906223052842, 0.93283583062, 0.509494295979, 0.164906645679, 0.569206282362, 0.392404370198, 5045.0
0.92538914528, 0.804811940501, 0.964935372311, 0.513736565679, 0.116237740838, 0.449515715792, 0.710853776428, 0.967279137521, 0.261154168384, 0.976972701074, 0.513072997153, 0.855692042379, 0.045612240151, 0.912279160798, 0.657214280633, 0.283779929831, 0.561978811961, 0.500110868054, 0.716249892905, 0.358965629988, 0.868574798826, 0.578972020533, 0.659756929175, 0.172224791252, 0.891705862539, 0.648777139005, 5090.0
0.876315245667, 0.986657335391, 0.934461187145, 0.974298891128, 0.00694969957619, 0.162600735903, 0.308542270464, 0.370633005019, 0.042410590216, 0.150541629703, 0.598291362276, 0.884074685449, 0.187452119893, 0.949220866371, 0.568989599015, 0.118818630394, 0.806893038355, 0.500110868054, 0.780655688519, 0.480796143743, 0.614770263935, 0.685427018247, 0.977406170198, 0.00954583196323, 0.980192038618, 0.235963327796, 5090.0
0.92538914528, 0.804811940501, 0.964935372311, 0.513736565679, 0.116237740838, 0.449515715792, 0.710853776428, 0.967279137521, 0.261154168384, 0.976972701074, 0.513072997153, 0.855692042379, 0.045612240151, 0.912279160798, 0.657214280633, 0.283779929831, 0.561978811961, 0.500110868054, 0.716249892905, 0.358965629988, 0.868574798826, 0.578972020533, 0.659756929175, 0.172224791252, 0.891705862539, 0.648777139005, 5090.0
0.876315245667, 0.986657335391, 0.934461187145, 0.974298891128, 0.00694969957619, 0.162600735903, 0.308542270464, 0.370633005019, 0.042410590216, 0.150541629703, 0.598291362276, 0.884074685449, 0.187452119893, 0.949220866371, 0.568989599015, 0.118818630394, 0.806893038355, 0.500110868054, 0.780655688519, 0.480796143743, 0.614770263935, 0.685427018247, 0.977406170198, 0.00954583196323, 0.980192038618, 0.235963327796, 5090.0
0.951467401689, 0.766931805211, 0.888408278634, 0.94924814004, 0.170870074318, 0.264440400683, 0.0539097621883, 0.892560496151, 0.951149475617, 0.139769733255, 0.647996578302, 0.332706718835, 0.863198313905, 0.995929424268, 0.804988131734, 0.0388211229133, 0.710026551178, 0.950550045704, 0.555666350771, 0.0896077513163, 0.670238750687, 0.628724456358, 0.601871446997, 0.897164464116, 0.0108066155546, 0.0056047813093, 5207.0
0.951467401689, 0.766931805211, 0.888408278634, 0.585750046195, 0.134263637182, 0.264440400683, 0.0539097621883, 0.975241647424, 0.951149475617, 0.42421445824, 0.647996578302, 0.332706718835, 0.895264646206, 0.781330821075, 0.804988131734, 0.157957122633, 0.982564327523, 0.950550045704, 0.903334781022, 0.00339018258667, 0.670238750687, 0.628724456358, 0.601871446997, 0.897164464116, 0.0108066155546, 0.0056047813093, 5207.0
0.661352305701, 0.766931805211, 0.672601504629, 0.719910289988, 0.170870074318, 0.264440400683, 0.0539097621883, 0.892560496151, 0.951149475617, 0.42421445824, 0.647996578302, 0.310698936022, 0.840646246104, 0.995929424268, 0.619685209534, 0.157957122633, 0.882776062684, 0.950550045704, 0.555666350771, 0.491775389647, 0.702554441368, 0.628724456358, 0.601871446997, 0.938879910856, 0.200207863658, 0.000745709650844, 5207.0
0.656604354638, 0.766931805211, 0.888408278634, 0.719910289988, 0.170870074318, 0.264440400683, 0.0539097621883, 0.892560496151, 0.951149475617, 0.42421445824, 0.647996578302, 0.332706718835, 0.863198313905, 0.995929424268, 0.804988131734, 0.157957122633, 0.539748762584, 0.985171172979, 0.555666350771, 0.00158202220254, 0.670238750687, 0.628724456358, 0.612044782678, 0.897164464116, 0.0108066155546, 0.0056047813093, 5207.0
0.661352305701, 0.766931805211, 0.768320128129, 0.719910289988, 0.170870074318, 0.264440400683, 0.0539097621883, 0.892560496151, 0.951149475617, 0.42421445824, 0.647996578302, 0.0196760186474, 0.840646246104, 0.995929424268, 0.619685209534, 0.491949655272, 0.722485216144, 0.950550045704, 0.827607632758, 0.00339018258667, 0.670238750687, 0.673080903547, 0.759032800107, 0.897164464116, 0.401112557793, 0.000745709650844, 5207.0
0.781577613719, 0.968170309191, 0.831306836229, 0.719910289988, 0.00102769194642, 0.394537580941, 0.319347329478, 0.468958314299, 0.981586014761, 0.349480929782, 0.908719620808, 0.227567943893, 0.925639958032, 0.995929424268, 0.999434812376, 0.435535758211, 0.882776062684, 0.663540834088, 0.890060398961, 0.0115540834737, 0.702554441368, 0.589501951297, 0.91745842559, 0.756222309401, 0.200207863658, 0.998708784205, 5207.0
0.97746047125, 0.766931805211, 0.888408278634, 0.719910289988, 0.170870074318, 0.264440400683, 0.0539097621883, 0.892560496151, 0.951149475617, 0.42421445824, 0.647996578302, 0.332706718835, 0.863198313905, 0.995929424268, 0.804988131734, 0.0388211229133, 0.710026551178, 0.950550045704, 0.555666350771, 0.00339018258667, 0.670238750687, 0.628724456358, 0.601871446997, 0.897164464116, 0.000540912148284, 0.0056047813093, 5207.0
0.951467401689, 0.766931805211, 0.888408278634, 0.585750046195, 0.134263637182, 0.264440400683, 0.0539097621883, 0.93048681772, 0.951149475617, 0.42421445824, 0.647996578302, 0.332706718835, 0.658425537282, 0.781330821075, 0.804988131734, 0.157957122633, 0.710026551178, 0.950550045704, 0.903334781022, 0.362619438072, 0.816367688169, 0.628724456358, 0.601871446997, 0.897164464116, 0.0108066155546, 0.0500222689853, 5207.0
0.661352305701, 0.766931805211, 0.882606550041, 0.847937319529, 0.220404709823, 0.264440400683, 0.0106010747627, 0.873960138355, 0.951149475617, 0.398756332977, 0.959304618841, 0.0196760186474, 0.559280834699, 0.995929424268, 0.619685209534, 0.0512822634557, 0.680618061775, 0.9543925634, 0.77932323763, 0.029534051213, 0.670238750687, 0.628724456358, 0.991313156527, 0.954415776195, 0.0499604058258, 0.151129039483, 5207.0
0.661352305701, 0.766931805211, 0.768320128129, 0.719910289988, 0.170870074318, 0.264440400683, 0.0539097621883, 0.893417254551, 0.951149475617, 0.42421445824, 0.647996578302, 0.0196760186474, 0.925639958032, 0.995929424268, 0.619685209534, 0.435535758211, 0.882776062684, 0.950550045704, 0.827607632758, 0.00339018258667, 0.670238750687, 0.673080903547, 0.601871446997, 0.897164464116, 0.401112557793, 0.000745709650844, 5207.0
0.781577613719, 0.968170309191, 0.831251314208, 0.719910289988, 0.00102769194642, 0.394537580941, 0.319347329478, 0.468958314299, 0.981586014761, 0.349480929782, 0.908719620808, 0.227567943893, 0.840646246104, 0.995929424268, 0.999434812376, 0.491949655272, 0.882776062684, 0.663540834088, 0.890060398961, 0.0115540834737, 0.740694192946, 0.589501951297, 0.91745842559, 0.962797286408, 0.200207863658, 0.998708784205, 5207.0
0.885726307522, 0.83198608708, 0.861939540262, 0.88784466328, 0.0226865940911, 0.76397011235, 0.0539097621883, 0.608364834853, 0.781094153628, 0.32843152292, 0.930520299698, 0.388572727459, 0.75504058427, 0.892950439776, 0.93151239326, 0.537362183804, 0.831405385653, 0.623807440905, 0.92030502591, 0.925017108257, 0.214861352671, 0.317970672904, 0.309462895508, 0.0413793022142, 0.298978243663, 0.922068881887, 5207.0
0.951467401689, 0.766931805211, 0.888408278634, 0.94924814004, 0.170870074318, 0.264440400683, 0.0539097621883, 0.892560496151, 0.951149475617, 0.139769733255, 0.647996578302, 0.332706718835, 0.863198313905, 0.995929424268, 0.804988131734, 0.0388211229133, 0.710026551178, 0.950550045704, 0.555666350771, 0.0896077513163, 0.670238750687, 0.628724456358, 0.601871446997, 0.897164464116, 0.0108066155546, 0.0056047813093, 5207.0
0.951467401689, 0.766931805211, 0.888408278634, 0.585750046195, 0.134263637182, 0.264440400683, 0.0539097621883, 0.975241647424, 0.951149475617, 0.42421445824, 0.647996578302, 0.332706718835, 0.895264646206, 0.781330821075, 0.804988131734, 0.157957122633, 0.982564327523, 0.950550045704, 0.903334781022, 0.00339018258667, 0.670238750687, 0.628724456358, 0.601871446997, 0.897164464116, 0.0108066155546, 0.0056047813093, 5207.0
0.661352305701, 0.766931805211, 0.672601504629, 0.719910289988, 0.170870074318, 0.264440400683, 0.0539097621883, 0.892560496151, 0.951149475617, 0.42421445824, 0.647996578302, 0.310698936022, 0.840646246104, 0.995929424268, 0.619685209534, 0.157957122633, 0.882776062684, 0.950550045704, 0.555666350771, 0.491775389647, 0.702554441368, 0.628724456358, 0.601871446997, 0.938879910856, 0.200207863658, 0.000745709650844, 5207.0
0.656604354638, 0.766931805211, 0.888408278634, 0.719910289988, 0.170870074318, 0.264440400683, 0.0539097621883, 0.892560496151, 0.951149475617, 0.42421445824, 0.647996578302, 0.332706718835, 0.863198313905, 0.995929424268, 0.804988131734, 0.157957122633, 0.539748762584, 0.985171172979, 0.555666350771, 0.00158202220254, 0.670238750687, 0.628724456358, 0.612044782678, 0.897164464116, 0.0108066155546, 0.0056047813093, 5207.0
0.661352305701, 0.766931805211, 0.768320128129, 0.719910289988, 0.170870074318, 0.264440400683, 0.0539097621883, 0.892560496151, 0.951149475617, 0.42421445824, 0.647996578302, 0.0196760186474, 0.840646246104, 0.995929424268, 0.619685209534, 0.491949655272, 0.722485216144, 0.950550045704, 0.827607632758, 0.00339018258667, 0.670238750687, 0.673080903547, 0.759032800107, 0.897164464116, 0.401112557793, 0.000745709650844, 5207.0
0.781577613719, 0.968170309191, 0.831306836229, 0.719910289988, 0.00102769194642, 0.394537580941, 0.319347329478, 0.468958314299, 0.981586014761, 0.349480929782, 0.908719620808, 0.227567943893, 0.925639958032, 0.995929424268, 0.999434812376, 0.435535758211, 0.882776062684, 0.663540834088, 0.890060398961, 0.0115540834737, 0.702554441368, 0.589501951297, 0.91745842559, 0.756222309401, 0.200207863658, 0.998708784205, 5207.0
0.97746047125, 0.766931805211, 0.888408278634, 0.719910289988, 0.170870074318, 0.264440400683, 0.0539097621883, 0.892560496151, 0.951149475617, 0.42421445824, 0.647996578302, 0.332706718835, 0.863198313905, 0.995929424268, 0.804988131734, 0.0388211229133, 0.710026551178, 0.950550045704, 0.555666350771, 0.00339018258667, 0.670238750687, 0.628724456358, 0.601871446997, 0.897164464116, 0.000540912148284, 0.0056047813093, 5207.0
0.951467401689, 0.766931805211, 0.888408278634, 0.585750046195, 0.134263637182, 0.264440400683, 0.0539097621883, 0.93048681772, 0.951149475617, 0.42421445824, 0.647996578302, 0.332706718835, 0.658425537282, 0.781330821075, 0.804988131734, 0.157957122633, 0.710026551178, 0.950550045704, 0.903334781022, 0.362619438072, 0.816367688169, 0.628724456358, 0.601871446997, 0.897164464116, 0.0108066155546, 0.0500222689853, 5207.0
0.661352305701, 0.766931805211, 0.882606550041, 0.847937319529, 0.220404709823, 0.264440400683, 0.0106010747627, 0.873960138355, 0.951149475617, 0.398756332977, 0.959304618841, 0.0196760186474, 0.559280834699, 0.995929424268, 0.619685209534, 0.0512822634557, 0.680618061775, 0.9543925634, 0.77932323763, 0.029534051213, 0.670238750687, 0.628724456358, 0.991313156527, 0.954415776195, 0.0499604058258, 0.151129039483, 5207.0
0.661352305701, 0.766931805211, 0.768320128129, 0.719910289988, 0.170870074318, 0.264440400683, 0.0539097621883, 0.893417254551, 0.951149475617, 0.42421445824, 0.647996578302, 0.0196760186474, 0.925639958032, 0.995929424268, 0.619685209534, 0.435535758211, 0.882776062684, 0.950550045704, 0.827607632758, 0.00339018258667, 0.670238750687, 0.673080903547, 0.601871446997, 0.897164464116, 0.401112557793, 0.000745709650844, 5207.0
0.781577613719, 0.968170309191, 0.831251314208, 0.719910289988, 0.00102769194642, 0.394537580941, 0.319347329478, 0.468958314299, 0.981586014761, 0.349480929782, 0.908719620808, 0.227567943893, 0.840646246104, 0.995929424268, 0.999434812376, 0.491949655272, 0.882776062684, 0.663540834088, 0.890060398961, 0.0115540834737, 0.740694192946, 0.589501951297, 0.91745842559, 0.962797286408, 0.200207863658, 0.998708784205, 5207.0
0.885726307522, 0.83198608708, 0.861939540262, 0.88784466328, 0.0226865940911, 0.76397011235, 0.0539097621883, 0.608364834853, 0.781094153628, 0.32843152292, 0.930520299698, 0.388572727459, 0.75504058427, 0.892950439776, 0.93151239326, 0.537362183804, 0.831405385653, 0.623807440905, 0.92030502591, 0.925017108257, 0.214861352671, 0.317970672904, 0.309462895508, 0.0413793022142, 0.298978243663, 0.922068881887, 5207.0
0.99898324435, 0.583255199694, 0.820951077327, 0.622617050167, 0.0229804918154, 0.454750747145, 0.408580763968, 0.267620202463, 0.388250976127, 0.433294066327, 0.670261608009, 0.217606579933, 0.763716586442, 0.611904363025, 0.63256215935, 0.815007621072, 0.780440903754, 0.858038877211, 0.799194682719, 0.0435299190946, 0.449503417256, 0.176323651895, 0.488760388998, 0.370892743903, 0.0512455221519, 0.214556755153, 5289.0
0.99898324435, 0.583255199694, 0.822389712561, 0.869477248326, 0.0229804918154, 0.454750747145, 0.408580763968, 0.411193436081, 0.388250976127, 0.433294066327, 0.670261608009, 0.217606579933, 0.763716586442, 0.571467782676, 0.566436796013, 0.833024536922, 0.780440903754, 0.858038877211, 0.662993362265, 0.0435299190946, 0.449503417256, 0.176323651895, 0.488760388998, 0.370892743903, 0.0222149416983, 0.214556755153, 5289.0
0.99898324435, 0.583255199694, 0.820951077327, 0.895736886574, 0.0229804918154, 0.454750747145, 0.408580763968, 0.411193436081, 0.388250976127, 0.433294066327, 0.670261608009, 0.217606579933, 0.763716586442, 0.611904363025, 0.63256215935, 0.815007621072, 0.780440903754, 0.858038877211, 0.799194682719, 0.0435299190946, 0.449503417256, 0.176323651895, 0.488760388998, 0.22158699869, 0.0512455221519, 0.214556755153, 5289.0
0.99898324435, 0.583255199694, 0.822389712561, 0.622617050167, 0.0229804918154, 0.454750747145, 0.408580763968, 0.411193436081, 0.388250976127, 0.193602967354, 0.670261608009, 0.217606579933, 0.763716586442, 0.611904363025, 0.566436796013, 0.833024536922, 0.780440903754, 0.858038877211, 0.733270283677, 0.0435299190946, 0.449503417256, 0.176323651895, 0.488760388998, 0.370892743903, 0.0512455221519, 0.214556755153, 5289.0
0.99898324435, 0.583255199694, 0.820951077327, 0.622617050167, 0.0229804918154, 0.454750747145, 0.408580763968, 0.267620202463, 0.388250976127, 0.433294066327, 0.670261608009, 0.217606579933, 0.763716586442, 0.611904363025, 0.63256215935, 0.815007621072, 0.780440903754, 0.858038877211, 0.799194682719, 0.0435299190946, 0.449503417256, 0.176323651895, 0.488760388998, 0.370892743903, 0.0512455221519, 0.214556755153, 5289.0
0.99898324435, 0.583255199694, 0.822389712561, 0.869477248326, 0.0229804918154, 0.454750747145, 0.408580763968, 0.411193436081, 0.388250976127, 0.433294066327, 0.670261608009, 0.217606579933, 0.763716586442, 0.571467782676, 0.566436796013, 0.833024536922, 0.780440903754, 0.858038877211, 0.662993362265, 0.0435299190946, 0.449503417256, 0.176323651895, 0.488760388998, 0.370892743903, 0.0222149416983, 0.214556755153, 5289.0
0.99898324435, 0.583255199694, 0.820951077327, 0.895736886574, 0.0229804918154, 0.454750747145, 0.408580763968, 0.411193436081, 0.388250976127, 0.433294066327, 0.670261608009, 0.217606579933, 0.763716586442, 0.611904363025, 0.63256215935, 0.815007621072, 0.780440903754, 0.858038877211, 0.799194682719, 0.0435299190946, 0.449503417256, 0.176323651895, 0.488760388998, 0.22158699869, 0.0512455221519, 0.214556755153, 5289.0
0.99898324435, 0.583255199694, 0.822389712561, 0.622617050167, 0.0229804918154, 0.454750747145, 0.408580763968, 0.411193436081, 0.388250976127, 0.193602967354, 0.670261608009, 0.217606579933, 0.763716586442, 0.611904363025, 0.566436796013, 0.833024536922, 0.780440903754, 0.858038877211, 0.733270283677, 0.0435299190946, 0.449503417256, 0.176323651895, 0.488760388998, 0.370892743903, 0.0512455221519, 0.214556755153, 5289.0
0.99898324435, 0.583255199694, 0.822389712561, 0.622617050167, 0.0229804918154, 0.409235842394, 0.408580763968, 0.247176314348, 0.0867054013724, 0.822239708969, 0.670261608009, 0.217606579933, 0.763716586442, 0.611904363025, 0.684847469856, 0.815007621072, 0.780440903754, 0.858038877211, 0.799194682719, 0.0200873091261, 0.449503417256, 0.0781434442248, 0.488760388998, 0.354674711257, 0.357964515827, 0.214556755153, 5365.0
0.683909742821, 0.950175977672, 0.525647109206, 0.77407747584, 0.31966573798, 0.319746022257, 0.462177200638, 0.339676392195, 0.0634124359866, 0.809686054063, 0.841930014374, 0.153755932298, 0.639386067314, 0.653190322236, 0.694357377271, 0.950638194057, 0.512202933494, 0.962473918945, 0.994529420099, 0.760180557859, 0.0139584595751, 0.0163428874287, 0.131419236008, 0.352823001889, 0.0512455221519, 0.229751109278, 5365.0
0.892326560296, 0.906202246616, 0.515245353335, 0.833837188124, 0.395335875544, 0.98814789384, 0.454780724815, 0.363407771302, 0.339516118703, 0.802069946512, 0.77149266483, 0.438253865066, 0.914788056713, 0.607363254618, 0.831535414758, 0.266021868632, 0.555536002983, 0.629608112923, 0.970607653041, 0.376591331673, 0.428299544619, 0.024643122862, 0.131384413855, 0.00570709654534, 0.380263720071, 0.373422350779, 5365.0
0.600189910664, 0.950175977672, 0.525647109206, 0.598689433813, 0.0045878036007, 0.0553508010927, 0.462177200638, 0.339676392195, 0.948838556768, 0.561210357023, 0.873006626055, 0.108888346182, 0.639386067314, 0.923969582607, 0.827504374185, 0.516966435238, 0.977151575534, 0.82551137584, 0.706229023166, 0.112309317092, 0.368072793282, 0.493949995357, 0.0125926926461, 0.179593050461, 0.289498620858, 0.865253795407, 5365.0
0.600189910664, 0.950175977672, 0.525647109206, 0.846401545422, 0.00984525217749, 0.510705990295, 0.462177200638, 0.339676392195, 0.986081286625, 0.561210357023, 0.77149266483, 0.045859774207, 0.639386067314, 0.607363254618, 0.852862634823, 0.486876301178, 0.972168283194, 0.865274171764, 0.55577072296, 0.314821386851, 0.149057316142, 0.0783002591618, 0.0691347632316, 0.0725821392643, 0.289498620858, 0.519446482947, 5365.0
0.591018343182, 0.500952913499, 0.561697404314, 0.924950907473, 0.0488411473166, 0.954257227405, 0.0384552270066, 0.433914787828, 0.498310614689, 0.839213458066, 0.722592645882, 0.215467874602, 0.666904578116, 0.940136314264, 0.567421184291, 0.646929460438, 0.511293909406, 0.810812696869, 0.769524137409, 0.570532146112, 0.149057316142, 0.317970672904, 0.0279006919739, 0.472672587228, 0.0342463757155, 0.643718119229, 5365.0
0.511933862941, 0.628499910678, 0.8071588371, 0.982851579956, 0.0226865940911, 0.600911931976, 0.0608622091936, 0.608364834853, 0.477464840912, 0.811430405289, 0.878740358851, 0.467908619962, 0.75504058427, 0.892950439776, 0.93151239326, 0.537362183804, 0.831405385653, 0.8734647807, 0.852927048649, 0.85753019646, 0.214861352671, 0.12339581825, 0.17379695089, 0.177600721964, 0.298978243663, 0.873599485269, 5365.0
0.924699405357, 0.506636038036, 0.644291164633, 0.262094100874, 0.525724128355, 0.623383695169, 0.63410761866, 0.581019525806, 0.411534757863, 0.961690301587, 0.940270649813, 0.47008006596, 0.677711974808, 0.571526018788, 0.958595309257, 0.263921510149, 0.514478926101, 0.718080675919, 0.705901400109, 0.141960932518, 0.149057316142, 0.029267825294, 0.0279006919739, 0.333043503547, 0.136392687934, 0.171704332738, 5365.0
0.591018343182, 0.689088130792, 0.57625659777, 0.924950907473, 0.0350697322536, 0.550573468421, 0.0384552270066, 0.653520114576, 0.164622989978, 0.956764624231, 0.946484930284, 0.215467874602, 0.666904578116, 0.601520643638, 0.567421184291, 0.929041565742, 0.738270521125, 0.83181590953, 0.706229023166, 0.200231728721, 0.149057316142, 0.12339581825, 0.0279006919739, 0.472672587228, 0.0342463757155, 0.367177704161, 5365.0
0.600189910664, 0.950175977672, 0.525647109206, 0.598689433813, 0.0045878036007, 0.0553508010927, 0.462177200638, 0.772361305861, 0.948838556768, 0.561210357023, 0.873006626055, 0.0580159895954, 0.639386067314, 0.71335192377, 0.827504374185, 0.516966435238, 0.977151575534, 0.82551137584, 0.706229023166, 0.112309317092, 0.368072793282, 0.493949995357, 0.00907657205955, 0.179593050461, 0.289498620858, 0.865253795407, 5365.0
0.683909742821, 0.950175977672, 0.525647109206, 0.77407747584, 0.31966573798, 0.319746022257, 0.462177200638, 0.339676392195, 0.0634124359866, 0.809686054063, 0.841930014374, 0.153755932298, 0.639386067314, 0.653190322236, 0.694357377271, 0.950638194057, 0.512202933494, 0.962473918945, 0.994529420099, 0.760180557859, 0.0139584595751, 0.0163428874287, 0.131419236008, 0.352823001889, 0.0512455221519, 0.229751109278, 5365.0
0.99898324435, 0.583255199694, 0.822389712561, 0.622617050167, 0.0229804918154, 0.409235842394, 0.408580763968, 0.247176314348, 0.0867054013724, 0.822239708969, 0.670261608009, 0.217606579933, 0.763716586442, 0.611904363025, 0.684847469856, 0.815007621072, 0.780440903754, 0.858038877211, 0.799194682719, 0.0200873091261, 0.449503417256, 0.0781434442248, 0.488760388998, 0.354674711257, 0.357964515827, 0.214556755153, 5365.0
0.892326560296, 0.906202246616, 0.515245353335, 0.833837188124, 0.395335875544, 0.98814789384, 0.454780724815, 0.363407771302, 0.339516118703, 0.802069946512, 0.77149266483, 0.438253865066, 0.914788056713, 0.607363254618, 0.831535414758, 0.266021868632, 0.555536002983, 0.629608112923, 0.970607653041, 0.376591331673, 0.428299544619, 0.024643122862, 0.131384413855, 0.00570709654534, 0.380263720071, 0.373422350779, 5365.0
0.600189910664, 0.950175977672, 0.525647109206, 0.598689433813, 0.0045878036007, 0.0553508010927, 0.462177200638, 0.339676392195, 0.948838556768, 0.561210357023, 0.873006626055, 0.108888346182, 0.639386067314, 0.923969582607, 0.827504374185, 0.516966435238, 0.977151575534, 0.82551137584, 0.706229023166, 0.112309317092, 0.368072793282, 0.493949995357, 0.0125926926461, 0.179593050461, 0.289498620858, 0.865253795407, 5365.0
