0.688901805566, 0.978393608985, 0.701151565808, 0.0914901313366, 0.616375409397, 0.458102115209, 0.693396974207, 0.0954905004457, 0.632193705704, 0.74367555391, 0.138312166051, 0.414275890792, 0.538031101459, 0.880891036635, 0.149790812725, 0.116558205022, 249.73
0.688901805566, 0.978393608985, 0.701151565808, 0.0914901313366, 0.616375409397, 0.458102115209, 0.693396974207, 0.0954905004457, 0.632193705704, 0.74367555391, 0.138312166051, 0.414275890792, 0.538031101459, 0.880891036635, 0.149790812725, 0.116558205022, 249.73
0.503631529975, 0.906632650258, 0.740328023157, 0.0489439610432, 0.768941045649, 0.220524060029, 0.887998199696, 0.526847932229, 0.653852610297, 0.81593449836, 0.188174803893, 0.389746902512, 0.733989265971, 0.74836016708, 0.092733083621, 0.396186576917, 253.01
0.896908053772, 0.687035271741, 0.710098355736, 0.240614822627, 0.45154840195, 0.268472038626, 0.0532131940027, 0.857201976848, 0.521193277501, 0.239903606314, 0.95779595787, 0.292562643216, 0.683776621066, 0.503011712157, 0.26368311597, 0.0724120471495, 253.01
0.503631529975, 0.906632650258, 0.740328023157, 0.0489439610432, 0.768941045649, 0.220524060029, 0.887998199696, 0.526847932229, 0.653852610297, 0.81593449836, 0.188174803893, 0.389746902512, 0.733989265971, 0.74836016708, 0.092733083621, 0.396186576917, 253.01
0.896908053772, 0.687035271741, 0.710098355736, 0.240614822627, 0.45154840195, 0.268472038626, 0.0532131940027, 0.857201976848, 0.521193277501, 0.239903606314, 0.95779595787, 0.292562643216, 0.683776621066, 0.503011712157, 0.26368311597, 0.0724120471495, 253.01
0.858413508775, 0.943014028533, 0.0558497821419, 0.948445453274, 0.223603131064, 0.22654169871, 0.677074581399, 0.510846399598, 0.726585951339, 0.330793316368, 0.791377628829, 0.357593248468, 0.513257876923, 0.953152598174, 0.396293370676, 0.214957464174, 254.11
0.858413508775, 0.943014028533, 0.0558497821419, 0.948445453274, 0.223603131064, 0.22654169871, 0.677074581399, 0.510846399598, 0.726585951339, 0.330793316368, 0.791377628829, 0.357593248468, 0.513257876923, 0.953152598174, 0.396293370676, 0.214957464174, 254.11
0.848439915608, 0.859471634952, 0.173529645483, 0.403717776759, 0.374682117745, 0.485389367306, 0.150911143102, 0.448902716878, 0.954722585356, 0.322573563218, 0.80453507118, 0.280669756677, 0.591163272403, 0.756270354644, 0.256545829775, 0.239058036474, 257.463
0.797104110992, 0.745194010023, 0.0374169132537, 0.932559258624, 0.770649688492, 0.223398955835, 0.317751255807, 0.266965275836, 0.794045872943, 0.0347830756622, 0.531634660762, 0.208015954968, 0.514325966967, 0.737540700234, 0.412231308552, 0.102084666137, 257.463
0.978825665674, 0.713662093437, 0.469521898187, 0.58851371203, 0.858973455543, 0.460220466189, 0.109866020511, 0.970013991582, 0.87647061232, 0.144322879536, 0.416088873497, 0.895960694127, 0.703738031762, 0.555219434685, 0.107632052812, 0.327536453195, 257.463
0.923662269438, 0.621871551525, 0.114729652421, 0.363921783888, 0.99721469977, 0.0445189580316, 0.460026728343, 0.741655572638, 0.629593824086, 0.118936926498, 0.315855971424, 0.770473988089, 0.776802817612, 0.664997133259, 0.0643194820164, 0.118720850087, 257.463
0.848439915608, 0.859471634952, 0.173529645483, 0.403717776759, 0.374682117745, 0.485389367306, 0.150911143102, 0.448902716878, 0.954722585356, 0.322573563218, 0.80453507118, 0.280669756677, 0.591163272403, 0.756270354644, 0.256545829775, 0.239058036474, 257.463
0.797104110992, 0.745194010023, 0.0374169132537, 0.932559258624, 0.770649688492, 0.223398955835, 0.317751255807, 0.266965275836, 0.794045872943, 0.0347830756622, 0.531634660762, 0.208015954968, 0.514325966967, 0.737540700234, 0.412231308552, 0.102084666137, 257.463
0.978825665674, 0.713662093437, 0.469521898187, 0.58851371203, 0.858973455543, 0.460220466189, 0.109866020511, 0.970013991582, 0.87647061232, 0.144322879536, 0.416088873497, 0.895960694127, 0.703738031762, 0.555219434685, 0.107632052812, 0.327536453195, 257.463
0.923662269438, 0.621871551525, 0.114729652421, 0.363921783888, 0.99721469977, 0.0445189580316, 0.460026728343, 0.741655572638, 0.629593824086, 0.118936926498, 0.315855971424, 0.770473988089, 0.776802817612, 0.664997133259, 0.0643194820164, 0.118720850087, 257.463
0.588098417965, 0.380240151186, 0.909570152431, 0.60431426471, 0.209670793232, 0.253422222091, 0.992690938332, 0.563600586749, 0.76071902702, 0.956498678138, 0.0226789247048, 0.157950581085, 0.770629466608, 0.503747510646, 0.295638356669, 0.431792160446, 259.8399
0.588098417965, 0.380240151186, 0.909570152431, 0.60431426471, 0.209670793232, 0.253422222091, 0.992690938332, 0.563600586749, 0.76071902702, 0.956498678138, 0.0226789247048, 0.157950581085, 0.770629466608, 0.503747510646, 0.295638356669, 0.431792160446, 259.8399
0.745962671512, 0.0317594736292, 0.927059772771, 0.0377416675286, 0.427777839246, 0.286977472078, 0.299350143935, 0.778442301733, 0.573322032436, 0.206871947316, 0.383861398443, 0.582039389323, 0.782498963568, 0.811745321374, 0.431925224512, 0.377046716387, 263.887
0.745962671512, 0.0317594736292, 0.927059772771, 0.0377416675286, 0.427777839246, 0.286977472078, 0.299350143935, 0.778442301733, 0.573322032436, 0.206871947316, 0.383861398443, 0.582039389323, 0.782498963568, 0.811745321374, 0.431925224512, 0.377046716387, 263.887
0.569719054882, 0.370664229637, 0.654473172691, 0.0987267767151, 0.918907108062, 0.323357318315, 0.61132224956, 0.921264002786, 0.514051244193, 0.388896291485, 0.041079167902, 0.888916131526, 0.94088084637, 0.642377131582, 0.454867675844, 0.115626592592, 269.9169
0.569719054882, 0.370664229637, 0.654473172691, 0.0987267767151, 0.918907108062, 0.323357318315, 0.61132224956, 0.921264002786, 0.514051244193, 0.388896291485, 0.041079167902, 0.888916131526, 0.94088084637, 0.642377131582, 0.454867675844, 0.115626592592, 269.9169
0.904021277745, 0.231922743009, 0.0783613663908, 0.667071150126, 0.924254798942, 0.206330301333, 0.320576607346, 0.249396216313, 0.735227020536, 0.265937119354, 0.76111825357, 0.0850931447207, 0.519610076339, 0.882247381353, 0.243273510875, 0.466973633357, 275.373
0.960557668016, 0.367712373383, 0.107620201059, 0.39815320133, 0.721262612014, 0.484578320261, 0.867962957374, 0.272606520404, 0.521966780871, 0.388817021802, 0.010046743804, 0.774158889099, 0.93485909351, 0.636814823391, 0.115140686112, 0.40284319732, 275.373
0.557584623443, 0.456276527325, 0.115580016148, 0.727339152584, 0.6514607382, 0.270749282884, 0.544095167824, 0.633981350031, 0.732428646168, 0.900995904574, 0.0811591494705, 0.167421503628, 0.867065050984, 0.837220955074, 0.338394370596, 0.332926594898, 275.373
0.886510358848, 0.155946725107, 0.210256583912, 0.351926341163, 0.923611892619, 0.316290580348, 0.135979898611, 0.357695766716, 0.902892156079, 0.511034049671, 0.0761471080597, 0.255303434359, 0.99161635498, 0.811038459302, 0.217620752157, 0.474935212126, 275.373
0.829512996923, 0.115700396573, 0.241770652394, 0.202873475451, 0.803459041751, 0.328850351861, 0.75233133284, 0.360931949422, 0.950896784793, 0.351140496204, 0.981935262063, 0.20285452622, 0.892670196206, 0.844373188277, 0.438020645938, 0.450351233818, 275.373
0.754693819995, 0.308437030288, 0.244925503359, 0.580907479407, 0.794759384856, 0.358340389494, 0.0851392538734, 0.708581253598, 0.684319850951, 0.195218446214, 0.932910733085, 0.377884375286, 0.988865376304, 0.5091457385, 0.0523198076529, 0.0236180488929, 275.373
0.664393856367, 0.329148286524, 0.176491545894, 0.644135333534, 0.656127505869, 0.133622558342, 0.785429340754, 0.958920157262, 0.572068592785, 0.859486686074, 0.0918594573634, 0.241116703664, 0.874603713514, 0.889791893264, 0.013122808429, 0.297338338949, 275.373
0.904021277745, 0.231922743009, 0.0783613663908, 0.667071150126, 0.924254798942, 0.206330301333, 0.320576607346, 0.249396216313, 0.735227020536, 0.265937119354, 0.76111825357, 0.0850931447207, 0.519610076339, 0.882247381353, 0.243273510875, 0.466973633357, 275.373
0.960557668016, 0.367712373383, 0.107620201059, 0.39815320133, 0.721262612014, 0.484578320261, 0.867962957374, 0.272606520404, 0.521966780871, 0.388817021802, 0.010046743804, 0.774158889099, 0.93485909351, 0.636814823391, 0.115140686112, 0.40284319732, 275.373
0.557584623443, 0.456276527325, 0.115580016148, 0.727339152584, 0.6514607382, 0.270749282884, 0.544095167824, 0.633981350031, 0.732428646168, 0.900995904574, 0.0811591494705, 0.167421503628, 0.867065050984, 0.837220955074, 0.338394370596, 0.332926594898, 275.373
0.886510358848, 0.155946725107, 0.210256583912, 0.351926341163, 0.923611892619, 0.316290580348, 0.135979898611, 0.357695766716, 0.902892156079, 0.511034049671, 0.0761471080597, 0.255303434359, 0.99161635498, 0.811038459302, 0.217620752157, 0.474935212126, 275.373
0.829512996923, 0.115700396573, 0.241770652394, 0.202873475451, 0.803459041751, 0.328850351861, 0.75233133284, 0.360931949422, 0.950896784793, 0.351140496204, 0.981935262063, 0.20285452622, 0.892670196206, 0.844373188277, 0.438020645938, 0.450351233818, 275.373
0.754693819995, 0.308437030288, 0.244925503359, 0.580907479407, 0.794759384856, 0.358340389494, 0.0851392538734, 0.708581253598, 0.684319850951, 0.195218446214, 0.932910733085, 0.377884375286, 0.988865376304, 0.5091457385, 0.0523198076529, 0.0236180488929, 275.373
0.664393856367, 0.329148286524, 0.176491545894, 0.644135333534, 0.656127505869, 0.133622558342, 0.785429340754, 0.958920157262, 0.572068592785, 0.859486686074, 0.0918594573634, 0.241116703664, 0.874603713514, 0.889791893264, 0.013122808429, 0.297338338949, 275.373
0.673828313035, 0.635927667304, 0.879857411454, 0.825035432784, 0.224267281874, 0.97708617238, 0.346887258885, 0.812347974967, 0.837099433935, 0.860563711095, 0.28564304228, 0.452784770301, 0.663620940679, 0.751196839406, 0.394974864775, 0.0861008958194, 279.153
0.828519473471, 0.60781958569, 0.884218900435, 0.0497156260794, 0.2937065524, 0.668978733916, 0.529996008971, 0.075981588622, 0.836991824367, 0.480293972485, 0.325314667348, 0.663843525193, 0.630059034923, 0.6400869235, 0.225369196628, 0.192487657242, 279.153
0.673828313035, 0.635927667304, 0.879857411454, 0.825035432784, 0.224267281874, 0.97708617238, 0.346887258885, 0.812347974967, 0.837099433935, 0.860563711095, 0.28564304228, 0.452784770301, 0.663620940679, 0.751196839406, 0.394974864775, 0.0861008958194, 279.153
0.828519473471, 0.60781958569, 0.884218900435, 0.0497156260794, 0.2937065524, 0.668978733916, 0.529996008971, 0.075981588622, 0.836991824367, 0.480293972485, 0.325314667348, 0.663843525193, 0.630059034923, 0.6400869235, 0.225369196628, 0.192487657242, 279.153
0.531598856508, 0.981872609436, 0.237154559857, 0.397313644316, 0.674332902639, 0.850724740113, 0.962519014014, 0.395434504085, 0.712692417754, 0.820312478986, 0.450311887969, 0.16672818782, 0.545306869021, 0.735588943456, 0.0342515383789, 0.2344303674, 291.277
0.531598856508, 0.981872609436, 0.237154559857, 0.397313644316, 0.674332902639, 0.850724740113, 0.962519014014, 0.395434504085, 0.712692417754, 0.820312478986, 0.450311887969, 0.16672818782, 0.545306869021, 0.735588943456, 0.0342515383789, 0.2344303674, 291.277
0.654902504759, 0.227072815839, 0.700056133533, 0.628378690138, 0.704289116298, 0.960960706403, 0.90037881881, 0.10114083695, 0.662504928324, 0.0359981999021, 0.858970575981, 0.468641563927, 0.965778241052, 0.569562759387, 0.00570216587236, 0.0594399478763, 299.77
0.8882692786, 0.333472736881, 0.675073919259, 0.0103499242805, 0.533279044391, 0.83089622292, 0.72398745568, 0.75790062731, 0.918715206471, 0.858603207529, 0.111289186731, 0.144694193972, 0.977240187712, 0.930207886586, 0.409381062881, 0.194864473058, 299.77
0.654902504759, 0.227072815839, 0.700056133533, 0.628378690138, 0.704289116298, 0.960960706403, 0.90037881881, 0.10114083695, 0.662504928324, 0.0359981999021, 0.858970575981, 0.468641563927, 0.965778241052, 0.569562759387, 0.00570216587236, 0.0594399478763, 299.77
0.8882692786, 0.333472736881, 0.675073919259, 0.0103499242805, 0.533279044391, 0.83089622292, 0.72398745568, 0.75790062731, 0.918715206471, 0.858603207529, 0.111289186731, 0.144694193972, 0.977240187712, 0.930207886586, 0.409381062881, 0.194864473058, 299.77
0.942990717969, 0.12478550093, 0.968339294488, 0.298859334891, 0.605151423767, 0.718893216562, 0.658974720874, 0.891351754811, 0.672445453654, 0.110309679828, 0.0691269918971, 0.736531976353, 0.663617308479, 0.907018700977, 0.343901951576, 0.0273001173032, 310.607
0.932308723753, 0.115264912666, 0.821004077564, 0.503911879006, 0.544442666417, 0.640447644777, 0.590229569256, 0.916346064405, 0.625663795943, 0.447217284934, 0.186876839884, 0.689268152453, 0.697633052732, 0.719592936483, 0.0938662755995, 0.491518016555, 310.607
0.942990717969, 0.12478550093, 0.968339294488, 0.298859334891, 0.605151423767, 0.718893216562, 0.658974720874, 0.891351754811, 0.672445453654, 0.110309679828, 0.0691269918971, 0.736531976353, 0.663617308479, 0.907018700977, 0.343901951576, 0.0273001173032, 310.607
0.932308723753, 0.115264912666, 0.821004077564, 0.503911879006, 0.544442666417, 0.640447644777, 0.590229569256, 0.916346064405, 0.625663795943, 0.447217284934, 0.186876839884, 0.689268152453, 0.697633052732, 0.719592936483, 0.0938662755995, 0.491518016555, 310.607
0.658751755478, 0.351852332678, 0.936726142535, 0.195885001888, 0.324135358591, 0.227008982086, 0.651149013925, 0.736686636606, 0.602682243832, 0.755840595605, 0.496904407546, 0.141638005563, 0.667763492561, 0.262829486344, 0.847861281495, 0.350369002628, 383.053
0.925551527938, 0.703185429295, 0.21204003906, 0.50442980298, 0.215364966222, 0.327738325455, 0.565533050623, 0.550679734931, 0.508250504409, 0.364811872168, 0.262516198584, 0.703759299139, 0.744494851468, 0.0866319790666, 0.582501618801, 0.0448558030183, 383.053
0.658751755478, 0.351852332678, 0.936726142535, 0.195885001888, 0.324135358591, 0.227008982086, 0.651149013925, 0.736686636606, 0.602682243832, 0.755840595605, 0.496904407546, 0.141638005563, 0.667763492561, 0.262829486344, 0.847861281495, 0.350369002628, 383.053
0.925551527938, 0.703185429295, 0.21204003906, 0.50442980298, 0.215364966222, 0.327738325455, 0.565533050623, 0.550679734931, 0.508250504409, 0.364811872168, 0.262516198584, 0.703759299139, 0.744494851468, 0.0866319790666, 0.582501618801, 0.0448558030183, 383.053
0.568179967946, 0.677488369772, 0.224942859675, 0.500944462455, 0.493290330695, 0.972294948635, 0.901691971949, 0.717363201395, 0.886894650484, 0.787547784738, 0.140458058054, 0.45377434959, 0.707795676665, 0.30136591098, 0.538225408325, 0.240160976764, 408.617
0.863830636433, 0.538208374716, 0.800061489926, 0.160827352195, 0.490566548553, 0.75861558077, 0.594520772393, 0.526960137416, 0.613451551092, 0.2840621313, 0.263430627083, 0.524257236208, 0.940517564008, 0.377966203807, 0.644345319315, 0.138267965392, 408.617
0.568179967946, 0.677488369772, 0.224942859675, 0.500944462455, 0.493290330695, 0.972294948635, 0.901691971949, 0.717363201395, 0.886894650484, 0.787547784738, 0.140458058054, 0.45377434959, 0.707795676665, 0.30136591098, 0.538225408325, 0.240160976764, 408.617
0.863830636433, 0.538208374716, 0.800061489926, 0.160827352195, 0.490566548553, 0.75861558077, 0.594520772393, 0.526960137416, 0.613451551092, 0.2840621313, 0.263430627083, 0.524257236208, 0.940517564008, 0.377966203807, 0.644345319315, 0.138267965392, 408.617
0.705837683718, 0.548308921783, 0.228142530083, 0.309314909392, 0.477382774244, 0.274098075094, 0.496832113517, 0.864511940763, 0.989163504635, 0.259110575275, 0.56138128311, 0.346329247586, 0.674625383984, 0.449250896509, 0.796770822047, 0.462549640356, 425.063
0.502714792196, 0.639966859304, 0.0504179513865, 0.320701280957, 0.447537009731, 0.415368999142, 0.101118402163, 0.864814629209, 0.855601705429, 0.872359294954, 0.0158667085139, 0.258326922544, 0.703965496192, 0.369269911555, 0.721266269562, 0.111932422595, 425.063
0.777900038744, 0.738574855199, 0.743626937372, 0.258850312608, 0.054470677358, 0.0819658583874, 0.399405422266, 0.851084292173, 0.613640127767, 0.0551221090195, 0.313239971607, 0.822702698031, 0.984023600795, 0.0437003161737, 0.756863602894, 0.420942192993, 425.063
0.860190288476, 0.722000934337, 0.670959075465, 0.922738489319, 0.162220114133, 0.0987557636291, 0.452717004067, 0.789575205413, 0.725268067525, 0.142941643863, 0.660118392689, 0.108979331853, 0.992205947376, 0.325749142156, 0.696440437802, 0.292933330415, 425.063
0.705837683718, 0.548308921783, 0.228142530083, 0.309314909392, 0.477382774244, 0.274098075094, 0.496832113517, 0.864511940763, 0.989163504635, 0.259110575275, 0.56138128311, 0.346329247586, 0.674625383984, 0.449250896509, 0.796770822047, 0.462549640356, 425.063
0.502714792196, 0.639966859304, 0.0504179513865, 0.320701280957, 0.447537009731, 0.415368999142, 0.101118402163, 0.864814629209, 0.855601705429, 0.872359294954, 0.0158667085139, 0.258326922544, 0.703965496192, 0.369269911555, 0.721266269562, 0.111932422595, 425.063
0.777900038744, 0.738574855199, 0.743626937372, 0.258850312608, 0.054470677358, 0.0819658583874, 0.399405422266, 0.851084292173, 0.613640127767, 0.0551221090195, 0.313239971607, 0.822702698031, 0.984023600795, 0.0437003161737, 0.756863602894, 0.420942192993, 425.063
0.860190288476, 0.722000934337, 0.670959075465, 0.922738489319, 0.162220114133, 0.0987557636291, 0.452717004067, 0.789575205413, 0.725268067525, 0.142941643863, 0.660118392689, 0.108979331853, 0.992205947376, 0.325749142156, 0.696440437802, 0.292933330415, 425.063
0.996349992048, 0.283193911583, 0.350632902433, 0.605251265589, 0.816054049689, 0.26955956634, 0.885380446566, 0.684954780916, 0.996418948228, 0.0712540326665, 0.284126510526, 0.866302278636, 0.97221714644, 0.086055506184, 0.820620178083, 0.333358387111, 429.257
0.989247360459, 0.58135713983, 0.577254969334, 0.339044845252, 0.82858487757, 0.116084939201, 0.718817322235, 0.884403024056, 0.507416914006, 0.0181929516394, 0.752703270708, 0.0945821690956, 0.620385066005, 0.0418154770857, 0.660012910541, 0.477451962643, 429.257
0.996349992048, 0.283193911583, 0.350632902433, 0.605251265589, 0.816054049689, 0.26955956634, 0.885380446566, 0.684954780916, 0.996418948228, 0.0712540326665, 0.284126510526, 0.866302278636, 0.97221714644, 0.086055506184, 0.820620178083, 0.333358387111, 429.257
0.989247360459, 0.58135713983, 0.577254969334, 0.339044845252, 0.82858487757, 0.116084939201, 0.718817322235, 0.884403024056, 0.507416914006, 0.0181929516394, 0.752703270708, 0.0945821690956, 0.620385066005, 0.0418154770857, 0.660012910541, 0.477451962643, 429.257
0.564097336627, 0.310795683174, 0.229175570124, 0.212442287609, 0.27514377114, 0.0301047419614, 0.265771865927, 0.32548618409, 0.706207166501, 0.439021739499, 0.581614644788, 0.12168624287, 0.999894791035, 0.342349946715, 0.921774018771, 0.484390143348, 437.92
0.564097336627, 0.310795683174, 0.229175570124, 0.212442287609, 0.27514377114, 0.0301047419614, 0.265771865927, 0.32548618409, 0.706207166501, 0.439021739499, 0.581614644788, 0.12168624287, 0.999894791035, 0.342349946715, 0.921774018771, 0.484390143348, 437.92
0.714609144882, 0.22845776684, 0.00895786561442, 0.918819397506, 0.876785607789, 0.330815561524, 0.715264060624, 0.461573092588, 0.550753505657, 0.484886373293, 0.616592781375, 0.156335408312, 0.726211673818, 0.0256154028173, 0.692857331749, 0.0989224968813, 449.383
0.714609144882, 0.22845776684, 0.00895786561442, 0.918819397506, 0.876785607789, 0.330815561524, 0.715264060624, 0.461573092588, 0.550753505657, 0.484886373293, 0.616592781375, 0.156335408312, 0.726211673818, 0.0256154028173, 0.692857331749, 0.0989224968813, 449.383
0.532676652361, 0.823730992452, 0.702380195593, 0.233243125866, 0.833367282918, 0.753559752889, 0.877349230082, 0.612090475527, 0.966875164588, 0.114280576138, 0.60654405892, 0.0680186898112, 0.888301666119, 0.40103978952, 0.7223120596, 0.0389547557599, 463.347
0.949361171198, 0.383844786337, 0.927650285052, 0.705046461891, 0.672317400511, 0.893705349119, 0.519686585175, 0.0475775068897, 0.930041221441, 0.339124515215, 0.503743305192, 0.431058029939, 0.536810946542, 0.127716452597, 0.986574706628, 0.432780485278, 463.347
0.532676652361, 0.823730992452, 0.702380195593, 0.233243125866, 0.833367282918, 0.753559752889, 0.877349230082, 0.612090475527, 0.966875164588, 0.114280576138, 0.60654405892, 0.0680186898112, 0.888301666119, 0.40103978952, 0.7223120596, 0.0389547557599, 463.347
0.949361171198, 0.383844786337, 0.927650285052, 0.705046461891, 0.672317400511, 0.893705349119, 0.519686585175, 0.0475775068897, 0.930041221441, 0.339124515215, 0.503743305192, 0.431058029939, 0.536810946542, 0.127716452597, 0.986574706628, 0.432780485278, 463.347
0.972550688096, 0.60646282077, 0.704391654705, 0.660373081527, 0.77288418395, 0.8343604707, 0.968040464982, 0.432798718327, 0.878260933169, 0.812632419889, 0.141841896103, 0.0822932350167, 0.752153839744, 0.217550848245, 0.828944395691, 0.347055195047, 482.64
0.783663318628, 0.873164449092, 0.6797922388, 0.761929315945, 0.936151999815, 0.723231065967, 0.656464460886, 0.706215252541, 0.842877442094, 0.589969466938, 0.161038564003, 0.261208100932, 0.847243860903, 0.113110570924, 0.952374157674, 0.200136919806, 482.64
0.972550688096, 0.60646282077, 0.704391654705, 0.660373081527, 0.77288418395, 0.8343604707, 0.968040464982, 0.432798718327, 0.878260933169, 0.812632419889, 0.141841896103, 0.0822932350167, 0.752153839744, 0.217550848245, 0.828944395691, 0.347055195047, 482.64
0.783663318628, 0.873164449092, 0.6797922388, 0.761929315945, 0.936151999815, 0.723231065967, 0.656464460886, 0.706215252541, 0.842877442094, 0.589969466938, 0.161038564003, 0.261208100932, 0.847243860903, 0.113110570924, 0.952374157674, 0.200136919806, 482.64
0.639580945971, 0.587334503577, 0.120886112907, 0.982117023783, 0.732248528942, 0.416458361645, 0.34333888424, 0.811330908111, 0.912889327815, 0.0577256719886, 0.82072690718, 0.166930207743, 0.650210862643, 0.446575879227, 0.609428241603, 0.400152849447, 492.663
0.639580945971, 0.587334503577, 0.120886112907, 0.982117023783, 0.732248528942, 0.416458361645, 0.34333888424, 0.811330908111, 0.912889327815, 0.0577256719886, 0.82072690718, 0.166930207743, 0.650210862643, 0.446575879227, 0.609428241603, 0.400152849447, 492.663
0.526123194762, 0.33855457417, 0.741493295311, 0.755408905446, 0.241000789194, 0.222284458836, 0.829280517736, 0.728885905916, 0.762858852351, 0.614487115608, 0.396916107064, 0.377044220206, 0.579237083142, 0.463008933245, 0.381462299779, 0.811126343435, 511.153
0.704832315426, 0.34899067032, 0.3159650445, 0.668221967846, 0.0378458836746, 0.46081800116, 0.793707719326, 0.0105687369306, 0.775448533483, 0.69368150652, 0.336266939508, 0.0309240336636, 0.553853478348, 0.252082923485, 0.225066936424, 0.883253754111, 511.153
0.988632514638, 0.644611727253, 0.293360935417, 0.758602807203, 0.385649972394, 0.272639491469, 0.6648367986, 0.139904704075, 0.960675043177, 0.0959480831333, 0.389968605534, 0.668743088555, 0.88225580694, 0.471788319066, 0.412756728433, 0.762599730241, 511.153
0.726563981099, 0.0105043006422, 0.922902060962, 0.0197646092592, 0.140545567208, 0.0622824148468, 0.63157146045, 0.976675677031, 0.779737288588, 0.68705356047, 0.225835620397, 0.14584330596, 0.760589036936, 0.326680605842, 0.00708004122494, 0.697256183486, 511.153
0.526123194762, 0.33855457417, 0.741493295311, 0.755408905446, 0.241000789194, 0.222284458836, 0.829280517736, 0.728885905916, 0.762858852351, 0.614487115608, 0.396916107064, 0.377044220206, 0.579237083142, 0.463008933245, 0.381462299779, 0.811126343435, 511.153
0.704832315426, 0.34899067032, 0.3159650445, 0.668221967846, 0.0378458836746, 0.46081800116, 0.793707719326, 0.0105687369306, 0.775448533483, 0.69368150652, 0.336266939508, 0.0309240336636, 0.553853478348, 0.252082923485, 0.225066936424, 0.883253754111, 511.153
0.988632514638, 0.644611727253, 0.293360935417, 0.758602807203, 0.385649972394, 0.272639491469, 0.6648367986, 0.139904704075, 0.960675043177, 0.0959480831333, 0.389968605534, 0.668743088555, 0.88225580694, 0.471788319066, 0.412756728433, 0.762599730241, 511.153
0.726563981099, 0.0105043006422, 0.922902060962, 0.0197646092592, 0.140545567208, 0.0622824148468, 0.63157146045, 0.976675677031, 0.779737288588, 0.68705356047, 0.225835620397, 0.14584330596, 0.760589036936, 0.326680605842, 0.00708004122494, 0.697256183486, 511.153
0.611599360875, 0.385404144075, 0.263825012102, 0.0183154327392, 0.753496164315, 0.151449707365, 0.31854047689, 0.0432643543224, 0.952310507348, 0.622061323103, 0.140202722141, 0.484827918905, 0.550871414969, 0.149979935357, 0.870462576293, 0.30188690592, 516.22
0.809843632363, 0.239316661429, 0.570734217206, 0.498620822081, 0.839032664708, 0.187336866996, 0.275978783856, 0.433293866041, 0.521237259757, 0.169525503357, 0.68852138941, 0.410716262724, 0.73244748745, 0.0786718742225, 0.890544475868, 0.383034345796, 516.22
0.611599360875, 0.385404144075, 0.263825012102, 0.0183154327392, 0.753496164315, 0.151449707365, 0.31854047689, 0.0432643543224, 0.952310507348, 0.622061323103, 0.140202722141, 0.484827918905, 0.550871414969, 0.149979935357, 0.870462576293, 0.30188690592, 516.22
0.809843632363, 0.239316661429, 0.570734217206, 0.498620822081, 0.839032664708, 0.187336866996, 0.275978783856, 0.433293866041, 0.521237259757, 0.169525503357, 0.68852138941, 0.410716262724, 0.73244748745, 0.0786718742225, 0.890544475868, 0.383034345796, 516.22
0.612126042393, 0.927360743407, 0.773323746162, 0.537992839301, 0.420715610688, 0.791603064051, 0.0309180674189, 0.0951919683545, 0.853206914038, 0.0143447092038, 0.20860582494, 0.83112169204, 0.757927454688, 0.153984690756, 0.58156429257, 0.480191843376, 519.153
0.770251233289, 0.256708113341, 0.509793628907, 0.689633809641, 0.287832951559, 0.794533369614, 0.113157367673, 0.485461674268, 0.625281312155, 0.50445078784, 0.349433883789, 0.291077377808, 0.83022358605, 0.0912190119126, 0.684693204646, 0.0594696347657, 519.153
0.770251233289, 0.256708113341, 0.509793628907, 0.689633809641, 0.287832951559, 0.794533369614, 0.113157367673, 0.485461674268, 0.625281312155, 0.50445078784, 0.349433883789, 0.291077377808, 0.83022358605, 0.0912190119126, 0.684693204646, 0.0594696347657, 519.153
0.612126042393, 0.927360743407, 0.773323746162, 0.537992839301, 0.420715610688, 0.791603064051, 0.0309180674189, 0.0951919683545, 0.853206914038, 0.0143447092038, 0.20860582494, 0.83112169204, 0.757927454688, 0.153984690756, 0.58156429257, 0.480191843376, 519.153
