0.743128083602, 0.685069858039, 0.654473172691, 0.126758384096, 0.949384713995, 0.355871871521, 0.376651048272, 0.107253090485, 0.531039629372, 0.153334279612, 0.041079167902, 0.888916131526, 0.94088084637, 0.976507392946, 0.371243635136, 0.180543393129, 247.483
0.743128083602, 0.685069858039, 0.654473172691, 0.126758384096, 0.918907108062, 0.355871871521, 0.376651048272, 0.107253090485, 0.531039629372, 0.153334279612, 0.041079167902, 0.888916131526, 0.94088084637, 0.927739571644, 0.454867675844, 0.180543393129, 247.483
0.743128083602, 0.685069858039, 0.654473172691, 0.126758384096, 0.949384713995, 0.355871871521, 0.376651048272, 0.107253090485, 0.531039629372, 0.153334279612, 0.041079167902, 0.888916131526, 0.94088084637, 0.976507392946, 0.371243635136, 0.180543393129, 247.483
0.743128083602, 0.685069858039, 0.654473172691, 0.126758384096, 0.918907108062, 0.355871871521, 0.376651048272, 0.107253090485, 0.531039629372, 0.153334279612, 0.041079167902, 0.888916131526, 0.94088084637, 0.927739571644, 0.454867675844, 0.180543393129, 247.483
0.936282317751, 0.687035271741, 0.994255492893, 0.240614822627, 0.768941045649, 0.149456571366, 0.319133547307, 0.00990525408982, 0.521193277501, 0.81593449836, 0.242189643774, 0.389746902512, 0.733989265971, 0.74836016708, 0.194653479674, 0.391870518762, 249.497
0.582453292094, 0.687035271741, 0.999173031009, 0.240614822627, 0.957491851127, 0.149456571366, 0.319133547307, 0.00990525408982, 0.521193277501, 0.832192803699, 0.242189643774, 0.212292694629, 0.927988064832, 0.74836016708, 0.0598992856576, 0.391870518762, 249.497
0.936282317751, 0.687035271741, 0.995001899377, 0.240614822627, 0.768941045649, 0.149456571366, 0.319133547307, 0.44327572244, 0.521193277501, 0.81593449836, 0.242189643774, 0.388336032587, 0.733989265971, 0.74836016708, 0.194653479674, 0.391870518762, 249.497
0.582453292094, 0.687035271741, 0.848853463002, 0.240614822627, 0.957491851127, 0.149456571366, 0.319133547307, 0.00990525408982, 0.521193277501, 0.832192803699, 0.242189643774, 0.389746902512, 0.860267754007, 0.74836016708, 0.0598992856576, 0.391870518762, 249.497
0.936282317751, 0.687035271741, 0.994255492893, 0.240614822627, 0.768941045649, 0.149456571366, 0.319133547307, 0.00990525408982, 0.521193277501, 0.81593449836, 0.242189643774, 0.389746902512, 0.733989265971, 0.74836016708, 0.194653479674, 0.391870518762, 249.497
0.582453292094, 0.687035271741, 0.999173031009, 0.240614822627, 0.957491851127, 0.149456571366, 0.319133547307, 0.00990525408982, 0.521193277501, 0.832192803699, 0.242189643774, 0.212292694629, 0.927988064832, 0.74836016708, 0.0598992856576, 0.391870518762, 249.497
0.936282317751, 0.687035271741, 0.995001899377, 0.240614822627, 0.768941045649, 0.149456571366, 0.319133547307, 0.44327572244, 0.521193277501, 0.81593449836, 0.242189643774, 0.388336032587, 0.733989265971, 0.74836016708, 0.194653479674, 0.391870518762, 249.497
0.582453292094, 0.687035271741, 0.848853463002, 0.240614822627, 0.957491851127, 0.149456571366, 0.319133547307, 0.00990525408982, 0.521193277501, 0.832192803699, 0.242189643774, 0.389746902512, 0.860267754007, 0.74836016708, 0.0598992856576, 0.391870518762, 249.497
0.582453292094, 0.53875756886, 0.846678863769, 0.240614822627, 0.567283585763, 0.0914019231163, 0.975329028769, 0.382211859874, 0.76071902702, 0.81593449836, 0.256499706518, 0.292562643216, 0.614326897792, 0.719576956927, 0.0360318733999, 0.431792160446, 249.73
0.582453292094, 0.53875756886, 0.846678863769, 0.240614822627, 0.955344522976, 0.0914019231163, 0.975329028769, 0.382211859874, 0.76071902702, 0.81593449836, 0.256499706518, 0.292562643216, 0.789054261524, 0.719576956927, 0.0360318733999, 0.431792160446, 249.73
0.582453292094, 0.53875756886, 0.846678863769, 0.240614822627, 0.567283585763, 0.0914019231163, 0.975329028769, 0.382211859874, 0.76071902702, 0.81593449836, 0.256499706518, 0.292562643216, 0.614326897792, 0.719576956927, 0.0360318733999, 0.431792160446, 249.73
0.582453292094, 0.53875756886, 0.846678863769, 0.240614822627, 0.955344522976, 0.0914019231163, 0.975329028769, 0.382211859874, 0.76071902702, 0.81593449836, 0.256499706518, 0.292562643216, 0.789054261524, 0.719576956927, 0.0360318733999, 0.431792160446, 249.73
0.771709231735, 0.768838729527, 0.914447651732, 0.584499414854, 0.914636373438, 0.467657893592, 0.847441039126, 0.973708564777, 0.514051244193, 0.085079008302, 0.30023076371, 0.924362380787, 0.75600885193, 0.506871931588, 0.338394370596, 0.152648365303, 252.63
0.93890277624, 0.643973545373, 0.952917831022, 0.584499414854, 0.826958586335, 0.0212650418956, 0.684586741941, 0.837474523555, 0.989139515338, 0.227806789371, 0.416088873497, 0.895960694127, 0.703738031762, 0.555219434685, 0.0715433313529, 0.272619274141, 252.63
0.569719054882, 0.616020047244, 0.957509816423, 0.579544323565, 0.858973455543, 0.0835444469812, 0.61132224956, 0.592155560468, 0.516655032259, 0.206871947316, 0.0492635141001, 0.924362380787, 0.57395883329, 0.506871931588, 0.338394370596, 0.152648365303, 252.63
0.934021314097, 0.768838729527, 0.688961365145, 0.569305318004, 0.826649653865, 0.455402809064, 0.61132224956, 0.921264002786, 0.514051244193, 0.206871947316, 0.102482870621, 0.924362380787, 0.960394145561, 0.506871931588, 0.107632052812, 0.152648365303, 252.63
0.816859891348, 0.943014028533, 0.656744400957, 0.746630639479, 0.887064377465, 0.460220466189, 0.949169024172, 0.77533388234, 0.954722585356, 0.294748857229, 0.791377628829, 0.36759343389, 0.513257876923, 0.576110517557, 0.205692234335, 0.214957464174, 252.63
0.988612648862, 0.921247548851, 0.656744400957, 0.746630639479, 0.633365050799, 0.0176161381987, 0.61132224956, 0.853511000563, 0.954722585356, 0.330793316368, 0.791377628829, 0.099307885831, 0.513257876923, 0.953653301563, 0.205692234335, 0.0923408304189, 252.63
0.988612648862, 0.745194010023, 0.952917831022, 0.887209913363, 0.641115906492, 0.460220466189, 0.097028852793, 0.921264002786, 0.87647061232, 0.085079008302, 0.416088873497, 0.895960694127, 0.721109879762, 0.897960356857, 0.3237298887, 0.272619274141, 252.63
0.978825665674, 0.745194010023, 0.952917831022, 0.584499414854, 0.858973455543, 0.460220466189, 0.684586741941, 0.973212348413, 0.87647061232, 0.085079008302, 0.416088873497, 0.895960694127, 0.585403092179, 0.555219434685, 0.19079868319, 0.143307866094, 252.63
0.995461168642, 0.768838729527, 0.952917831022, 0.584499414854, 0.858973455543, 0.460220466189, 0.097028852793, 0.510769146309, 0.87647061232, 0.085079008302, 0.416088873497, 0.9056912251, 0.721109879762, 0.555219434685, 0.107632052812, 0.45632298273, 252.63
0.920587335825, 0.932280940626, 0.952917831022, 0.569305318004, 0.909991364125, 0.446801414015, 0.61132224956, 0.921264002786, 0.514051244193, 0.206871947316, 0.0454967484521, 0.924362380787, 0.960394145561, 0.506871931588, 0.338394370596, 0.152648365303, 252.63
0.988612648862, 0.943014028533, 0.656744400957, 0.921752659569, 0.505578051474, 0.460220466189, 0.949169024172, 0.77533388234, 0.954722585356, 0.294748857229, 0.791377628829, 0.36759343389, 0.513257876923, 0.953653301563, 0.205692234335, 0.214957464174, 252.63
0.848439915608, 0.921247548851, 0.656744400957, 0.746630639479, 0.633365050799, 0.0176161381987, 0.61132224956, 0.853511000563, 0.954722585356, 0.330793316368, 0.861282218693, 0.36759343389, 0.513257876923, 0.953653301563, 0.205692234335, 0.0923408304189, 252.63
0.582453292094, 0.924490077658, 0.846678863769, 0.579544323565, 0.919011831268, 0.0402383117738, 0.887998199696, 0.699175113368, 0.514051244193, 0.81593449836, 0.188174803893, 0.389746902512, 0.789054261524, 0.92312373213, 0.454867675844, 0.0964230373808, 252.63
0.896908053772, 0.964082291721, 0.846678863769, 0.690188655395, 0.735372952512, 0.460220466189, 0.0418447977298, 0.698631393439, 0.514051244193, 0.142297281825, 0.95779595787, 0.235848241569, 0.733989265971, 0.54861539968, 0.0632710098692, 0.0705862477615, 252.63
0.953080499944, 0.745194010023, 0.952917831022, 0.569305318004, 0.858973455543, 0.134486007521, 0.097028852793, 0.510769146309, 0.87647061232, 0.206871947316, 0.416088873497, 0.984423527977, 0.721109879762, 0.555219434685, 0.107632052812, 0.272619274141, 252.63
0.54789209013, 0.643973545373, 0.952917831022, 0.584499414854, 0.826958586335, 0.0276418986835, 0.109866020511, 0.837474523555, 0.954722585356, 0.0612478830344, 0.416088873497, 0.895960694127, 0.703738031762, 0.555219434685, 0.0715433313529, 0.272619274141, 252.63
0.569719054882, 0.745194010023, 0.957509816423, 0.802394255626, 0.826649653865, 0.0835444469812, 0.61132224956, 0.921264002786, 0.516655032259, 0.206871947316, 0.0492635141001, 0.924362380787, 0.971663103384, 0.506871931588, 0.338394370596, 0.152648365303, 252.63
0.582453292094, 0.921247548851, 0.846678863769, 0.84747185407, 0.814894995018, 0.0402383117738, 0.887998199696, 0.699175113368, 0.514051244193, 0.81593449836, 0.188174803893, 0.389746902512, 0.95744958617, 0.897960356857, 0.454867675844, 0.315346929225, 252.63
0.988612648862, 0.745194010023, 0.952917831022, 0.569305318004, 0.641115906492, 0.460220466189, 0.097028852793, 0.97271669898, 0.87647061232, 0.085079008302, 0.416088873497, 0.895960694127, 0.585403092179, 0.76976085696, 0.107632052812, 0.272619274141, 252.63
0.978825665674, 0.745194010023, 0.952917831022, 0.584499414854, 0.858973455543, 0.460220466189, 0.684586741941, 0.970013991582, 0.87647061232, 0.085079008302, 0.416088873497, 0.895960694127, 0.721109879762, 0.555219434685, 0.19079868319, 0.143307866094, 252.63
0.995461168642, 0.768838729527, 0.952917831022, 0.584499414854, 0.858973455543, 0.460220466189, 0.097028852793, 0.510769146309, 0.87647061232, 0.0220974966427, 0.416088873497, 0.924362380787, 0.721109879762, 0.555219434685, 0.107632052812, 0.272619274141, 252.63
0.888972720826, 0.745194010023, 0.952917831022, 0.569305318004, 0.909991364125, 0.446801414015, 0.61132224956, 0.934088531122, 0.514051244193, 0.206871947316, 0.0259776332393, 0.9056912251, 0.960394145561, 0.506871931588, 0.338394370596, 0.152648365303, 252.63
0.988612648862, 0.943014028533, 0.656744400957, 0.921752659569, 0.887064377465, 0.460220466189, 0.949169024172, 0.77533388234, 0.954722585356, 0.294748857229, 0.791377628829, 0.36759343389, 0.513257876923, 0.953653301563, 0.205692234335, 0.214957464174, 252.63
0.848439915608, 0.921247548851, 0.580357360169, 0.840668343, 0.633365050799, 0.0176161381987, 0.568453125234, 0.853511000563, 0.954722585356, 0.330793316368, 0.791377628829, 0.36759343389, 0.513257876923, 0.953653301563, 0.205692234335, 0.0923408304189, 252.63
0.582453292094, 0.924490077658, 0.846678863769, 0.579544323565, 0.919011831268, 0.0402383117738, 0.887998199696, 0.699175113368, 0.514051244193, 0.81593449836, 0.0812041586071, 0.389746902512, 0.890269305969, 0.92312373213, 0.0632710098692, 0.315346929225, 252.63
0.896908053772, 0.964082291721, 0.846678863769, 0.690188655395, 0.735372952512, 0.134486007521, 0.0418447977298, 0.698631393439, 0.514051244193, 0.142297281825, 0.95779595787, 0.235848241569, 0.733989265971, 0.54861539968, 0.454867675844, 0.0705862477615, 252.63
0.896908053772, 0.795283161145, 0.654473172691, 0.768217648215, 0.768941045649, 0.268472038626, 0.376651048272, 0.857201976848, 0.521586313738, 0.399275911646, 0.791679842913, 0.389746902512, 0.696815763753, 0.642377131582, 0.454867675844, 0.000213773058115, 252.63
0.771709231735, 0.768838729527, 0.914447651732, 0.584499414854, 0.914636373438, 0.467657893592, 0.847441039126, 0.973708564777, 0.514051244193, 0.085079008302, 0.30023076371, 0.924362380787, 0.75600885193, 0.506871931588, 0.338394370596, 0.152648365303, 252.63
0.93890277624, 0.643973545373, 0.952917831022, 0.584499414854, 0.826958586335, 0.0212650418956, 0.684586741941, 0.837474523555, 0.989139515338, 0.227806789371, 0.416088873497, 0.895960694127, 0.703738031762, 0.555219434685, 0.0715433313529, 0.272619274141, 252.63
0.569719054882, 0.616020047244, 0.957509816423, 0.579544323565, 0.858973455543, 0.0835444469812, 0.61132224956, 0.592155560468, 0.516655032259, 0.206871947316, 0.0492635141001, 0.924362380787, 0.57395883329, 0.506871931588, 0.338394370596, 0.152648365303, 252.63
0.934021314097, 0.768838729527, 0.688961365145, 0.569305318004, 0.826649653865, 0.455402809064, 0.61132224956, 0.921264002786, 0.514051244193, 0.206871947316, 0.102482870621, 0.924362380787, 0.960394145561, 0.506871931588, 0.107632052812, 0.152648365303, 252.63
0.816859891348, 0.943014028533, 0.656744400957, 0.746630639479, 0.887064377465, 0.460220466189, 0.949169024172, 0.77533388234, 0.954722585356, 0.294748857229, 0.791377628829, 0.36759343389, 0.513257876923, 0.576110517557, 0.205692234335, 0.214957464174, 252.63
0.988612648862, 0.921247548851, 0.656744400957, 0.746630639479, 0.633365050799, 0.0176161381987, 0.61132224956, 0.853511000563, 0.954722585356, 0.330793316368, 0.791377628829, 0.099307885831, 0.513257876923, 0.953653301563, 0.205692234335, 0.0923408304189, 252.63
0.988612648862, 0.745194010023, 0.952917831022, 0.887209913363, 0.641115906492, 0.460220466189, 0.097028852793, 0.921264002786, 0.87647061232, 0.085079008302, 0.416088873497, 0.895960694127, 0.721109879762, 0.897960356857, 0.3237298887, 0.272619274141, 252.63
0.978825665674, 0.745194010023, 0.952917831022, 0.584499414854, 0.858973455543, 0.460220466189, 0.684586741941, 0.973212348413, 0.87647061232, 0.085079008302, 0.416088873497, 0.895960694127, 0.585403092179, 0.555219434685, 0.19079868319, 0.143307866094, 252.63
0.995461168642, 0.768838729527, 0.952917831022, 0.584499414854, 0.858973455543, 0.460220466189, 0.097028852793, 0.510769146309, 0.87647061232, 0.085079008302, 0.416088873497, 0.9056912251, 0.721109879762, 0.555219434685, 0.107632052812, 0.45632298273, 252.63
0.920587335825, 0.932280940626, 0.952917831022, 0.569305318004, 0.909991364125, 0.446801414015, 0.61132224956, 0.921264002786, 0.514051244193, 0.206871947316, 0.0454967484521, 0.924362380787, 0.960394145561, 0.506871931588, 0.338394370596, 0.152648365303, 252.63
0.988612648862, 0.943014028533, 0.656744400957, 0.921752659569, 0.505578051474, 0.460220466189, 0.949169024172, 0.77533388234, 0.954722585356, 0.294748857229, 0.791377628829, 0.36759343389, 0.513257876923, 0.953653301563, 0.205692234335, 0.214957464174, 252.63
0.848439915608, 0.921247548851, 0.656744400957, 0.746630639479, 0.633365050799, 0.0176161381987, 0.61132224956, 0.853511000563, 0.954722585356, 0.330793316368, 0.861282218693, 0.36759343389, 0.513257876923, 0.953653301563, 0.205692234335, 0.0923408304189, 252.63
0.582453292094, 0.924490077658, 0.846678863769, 0.579544323565, 0.919011831268, 0.0402383117738, 0.887998199696, 0.699175113368, 0.514051244193, 0.81593449836, 0.188174803893, 0.389746902512, 0.789054261524, 0.92312373213, 0.454867675844, 0.0964230373808, 252.63
0.896908053772, 0.964082291721, 0.846678863769, 0.690188655395, 0.735372952512, 0.460220466189, 0.0418447977298, 0.698631393439, 0.514051244193, 0.142297281825, 0.95779595787, 0.235848241569, 0.733989265971, 0.54861539968, 0.0632710098692, 0.0705862477615, 252.63
0.953080499944, 0.745194010023, 0.952917831022, 0.569305318004, 0.858973455543, 0.134486007521, 0.097028852793, 0.510769146309, 0.87647061232, 0.206871947316, 0.416088873497, 0.984423527977, 0.721109879762, 0.555219434685, 0.107632052812, 0.272619274141, 252.63
0.54789209013, 0.643973545373, 0.952917831022, 0.584499414854, 0.826958586335, 0.0276418986835, 0.109866020511, 0.837474523555, 0.954722585356, 0.0612478830344, 0.416088873497, 0.895960694127, 0.703738031762, 0.555219434685, 0.0715433313529, 0.272619274141, 252.63
0.569719054882, 0.745194010023, 0.957509816423, 0.802394255626, 0.826649653865, 0.0835444469812, 0.61132224956, 0.921264002786, 0.516655032259, 0.206871947316, 0.0492635141001, 0.924362380787, 0.971663103384, 0.506871931588, 0.338394370596, 0.152648365303, 252.63
0.582453292094, 0.921247548851, 0.846678863769, 0.84747185407, 0.814894995018, 0.0402383117738, 0.887998199696, 0.699175113368, 0.514051244193, 0.81593449836, 0.188174803893, 0.389746902512, 0.95744958617, 0.897960356857, 0.454867675844, 0.315346929225, 252.63
0.988612648862, 0.745194010023, 0.952917831022, 0.569305318004, 0.641115906492, 0.460220466189, 0.097028852793, 0.97271669898, 0.87647061232, 0.085079008302, 0.416088873497, 0.895960694127, 0.585403092179, 0.76976085696, 0.107632052812, 0.272619274141, 252.63
0.978825665674, 0.745194010023, 0.952917831022, 0.584499414854, 0.858973455543, 0.460220466189, 0.684586741941, 0.970013991582, 0.87647061232, 0.085079008302, 0.416088873497, 0.895960694127, 0.721109879762, 0.555219434685, 0.19079868319, 0.143307866094, 252.63
0.995461168642, 0.768838729527, 0.952917831022, 0.584499414854, 0.858973455543, 0.460220466189, 0.097028852793, 0.510769146309, 0.87647061232, 0.0220974966427, 0.416088873497, 0.924362380787, 0.721109879762, 0.555219434685, 0.107632052812, 0.272619274141, 252.63
0.888972720826, 0.745194010023, 0.952917831022, 0.569305318004, 0.909991364125, 0.446801414015, 0.61132224956, 0.934088531122, 0.514051244193, 0.206871947316, 0.0259776332393, 0.9056912251, 0.960394145561, 0.506871931588, 0.338394370596, 0.152648365303, 252.63
0.988612648862, 0.943014028533, 0.656744400957, 0.921752659569, 0.887064377465, 0.460220466189, 0.949169024172, 0.77533388234, 0.954722585356, 0.294748857229, 0.791377628829, 0.36759343389, 0.513257876923, 0.953653301563, 0.205692234335, 0.214957464174, 252.63
0.848439915608, 0.921247548851, 0.580357360169, 0.840668343, 0.633365050799, 0.0176161381987, 0.568453125234, 0.853511000563, 0.954722585356, 0.330793316368, 0.791377628829, 0.36759343389, 0.513257876923, 0.953653301563, 0.205692234335, 0.0923408304189, 252.63
0.582453292094, 0.924490077658, 0.846678863769, 0.579544323565, 0.919011831268, 0.0402383117738, 0.887998199696, 0.699175113368, 0.514051244193, 0.81593449836, 0.0812041586071, 0.389746902512, 0.890269305969, 0.92312373213, 0.0632710098692, 0.315346929225, 252.63
0.896908053772, 0.964082291721, 0.846678863769, 0.690188655395, 0.735372952512, 0.134486007521, 0.0418447977298, 0.698631393439, 0.514051244193, 0.142297281825, 0.95779595787, 0.235848241569, 0.733989265971, 0.54861539968, 0.454867675844, 0.0705862477615, 252.63
0.896908053772, 0.795283161145, 0.654473172691, 0.768217648215, 0.768941045649, 0.268472038626, 0.376651048272, 0.857201976848, 0.521586313738, 0.399275911646, 0.791679842913, 0.389746902512, 0.696815763753, 0.642377131582, 0.454867675844, 0.000213773058115, 252.63
0.978825665674, 0.745194010023, 0.846678863769, 0.174201017277, 0.858973455543, 0.363874063999, 0.107422154071, 0.970013991582, 0.87647061232, 0.17558267563, 0.416088873497, 0.89709143491, 0.703738031762, 0.584388592793, 0.231737403104, 0.100692268442, 253.01
0.582453292094, 0.924490077658, 0.945220753974, 0.136782246598, 0.520357752357, 0.0212297526333, 0.887998199696, 0.824904053836, 0.521193277501, 0.81593449836, 0.0517572266943, 0.389746902512, 0.968194304007, 0.92312373213, 0.465558992055, 0.0472984666745, 253.01
0.914860915228, 0.687035271741, 0.678951100358, 0.219567526819, 0.768941045649, 0.220524060029, 0.339478411512, 0.872319703633, 0.727509792512, 0.81593449836, 0.160989125836, 0.389746902512, 0.954456241101, 0.506871931588, 0.0409279311085, 0.0339471883369, 253.01
0.743128083602, 0.774928136668, 0.654473172691, 0.302502547271, 0.854488575741, 0.323357318315, 0.61132224956, 0.932220304523, 0.82618896321, 0.471898750822, 0.041079167902, 0.978039590903, 0.703738031762, 0.642377131582, 0.0894082132626, 0.418957438481, 253.01
0.978825665674, 0.687035271741, 0.654473172691, 0.0987267767151, 0.855586569608, 0.460220466189, 0.010452537864, 0.970013991582, 0.68999985005, 0.085079008302, 0.30023076371, 0.895960694127, 0.958261993092, 0.555219434685, 0.107632052812, 0.272619274141, 253.01
0.896908053772, 0.906632650258, 0.654473172691, 0.240614822627, 0.735372952512, 0.268472038626, 0.0532131940027, 0.857201976848, 0.521193277501, 0.142297281825, 0.791679842913, 0.235848241569, 0.965183478608, 0.827553500757, 0.454867675844, 0.0705862477615, 253.01
0.743128083602, 0.685069858039, 0.713710198178, 0.0421732348036, 0.246778554617, 0.136672810688, 0.376651048272, 0.932220304523, 0.531039629372, 0.153334279612, 0.041079167902, 0.888916131526, 0.94088084637, 0.927739571644, 0.454867675844, 0.180543393129, 253.01
0.60745911419, 0.924490077658, 0.663294412657, 0.126758384096, 0.443079959463, 0.355871871521, 0.992690938332, 0.615823389159, 0.521193277501, 0.973519130767, 0.188174803893, 0.0815316209246, 0.989343059984, 0.503747510646, 0.295638356669, 0.176211290799, 253.01
0.582453292094, 0.924490077658, 0.945220753974, 0.221317859491, 0.768941045649, 0.0776342324857, 0.887998199696, 0.699175113368, 0.521193277501, 0.81593449836, 0.0517572266943, 0.389746902512, 0.968194304007, 0.834513148528, 0.465558992055, 0.0472984666745, 253.01
0.743128083602, 0.685069858039, 0.654473172691, 0.299422970332, 0.918907108062, 0.323357318315, 0.319133547307, 0.98566610331, 0.944791789328, 0.153334279612, 0.0297431749372, 0.888916131526, 0.789054261524, 0.642377131582, 0.105601405549, 0.180543393129, 253.01
0.896908053772, 0.924490077658, 0.744249374203, 0.169067907214, 0.768941045649, 0.268472038626, 0.975329028769, 0.526847932229, 0.521193277501, 0.871925181012, 0.188174803893, 0.235848241569, 0.931266215086, 0.592067741619, 0.303668271342, 0.315346929225, 253.01
0.582453292094, 0.924490077658, 0.846678863769, 0.221317859491, 0.870736393827, 0.220524060029, 0.900418233913, 0.699175113368, 0.521193277501, 0.901061664668, 0.188174803893, 0.0382158828663, 0.94088084637, 0.92312373213, 0.454867675844, 0.315346929225, 253.01
0.914860915228, 0.687035271741, 0.678951100358, 0.219567526819, 0.768941045649, 0.0834383180946, 0.339478411512, 0.787611402177, 0.727509792512, 0.81593449836, 0.188174803893, 0.389746902512, 0.954456241101, 0.506871931588, 0.092733083621, 0.315346929225, 253.01
0.582453292094, 0.697821005646, 0.846678863769, 0.0987267767151, 0.768941045649, 0.149456571366, 0.0920507501301, 0.605819464363, 0.521193277501, 0.81593449836, 0.188174803893, 0.292562643216, 0.951475547266, 0.778573352258, 0.010591352325, 0.0215738137124, 253.01
0.691519967224, 0.76327119399, 0.962239694101, 0.0987267767151, 0.331731529228, 0.278783061266, 0.0206799620983, 0.857201976848, 0.521193277501, 0.0689990313547, 0.823414303476, 0.212644483621, 0.817548461734, 0.827553500757, 0.465558992055, 0.0705862477615, 253.01
0.743128083602, 0.89572013034, 0.654473172691, 0.240614822627, 0.854488575741, 0.323357318315, 0.61132224956, 0.932220304523, 0.875798595703, 0.23574228567, 0.041079167902, 0.888916131526, 0.733989265971, 0.642377131582, 0.297330047496, 0.0593086020633, 253.01
0.978825665674, 0.852308583012, 0.933703261071, 0.302502547271, 0.855586569608, 0.460220466189, 0.109866020511, 0.943810958997, 0.87647061232, 0.300713011907, 0.0195904100933, 0.518576879729, 0.703738031762, 0.555219434685, 0.422794311524, 0.272619274141, 253.01
0.743128083602, 0.685069858039, 0.654473172691, 0.0908098074658, 0.926907430924, 0.323357318315, 0.61132224956, 0.987419262228, 0.651140093462, 0.469713475812, 0.30023076371, 0.888916131526, 0.789054261524, 0.642377131582, 0.135533201598, 0.180543393129, 253.01
0.743128083602, 0.685069858039, 0.654473172691, 0.126758384096, 0.918907108062, 0.44740398378, 0.354866426113, 0.932220304523, 0.531039629372, 0.153334279612, 0.041079167902, 0.888916131526, 0.94088084637, 0.761395478816, 0.092733083621, 0.180543393129, 253.01
0.743128083602, 0.684222345877, 0.654473172691, 0.299422970332, 0.918907108062, 0.112708017429, 0.319133547307, 0.953913650393, 0.882294956836, 0.153334279612, 0.0138353052184, 0.888916131526, 0.789054261524, 0.809430086433, 0.372218219771, 0.0657910025064, 253.01
0.743128083602, 0.887620765487, 0.834878200832, 0.0987267767151, 0.918907108062, 0.159082793458, 0.518402248555, 0.995335455238, 0.978622074312, 0.388896291485, 0.160362973053, 0.924362380787, 0.94088084637, 0.766836973575, 0.454867675844, 0.105815485406, 253.01
0.860948775799, 0.687035271741, 0.936183427998, 0.475486668089, 0.623931146745, 0.0915352832361, 0.78566952322, 0.605819464363, 0.521193277501, 0.81593449836, 0.188174803893, 0.292562643216, 0.733989265971, 0.910099524111, 0.092733083621, 0.0418076099444, 253.01
0.978825665674, 0.566766967933, 0.933703261071, 0.174201017277, 0.858973455543, 0.363874063999, 0.61132224956, 0.970013991582, 0.87647061232, 0.085079008302, 0.416088873497, 0.888916131526, 0.703738031762, 0.555219434685, 0.387366067637, 0.0705862477615, 253.01
0.743128083602, 0.774928136668, 0.654473172691, 0.0987267767151, 0.854488575741, 0.323357318315, 0.0697531147725, 0.941824640013, 0.68999985005, 0.471898750822, 0.041079167902, 0.978039590903, 0.94088084637, 0.642377131582, 0.0894082132626, 0.418957438481, 253.01
0.978825665674, 0.745194010023, 0.970428206501, 0.396504059906, 0.855586569608, 0.460220466189, 0.109866020511, 0.872319703633, 0.87647061232, 0.21634653279, 0.30023076371, 0.895960694127, 0.958261993092, 0.555219434685, 0.107632052812, 0.272619274141, 253.01
0.896908053772, 0.906632650258, 0.654473172691, 0.240614822627, 0.973969322945, 0.268472038626, 0.61132224956, 0.857201976848, 0.521193277501, 0.142297281825, 0.791679842913, 0.235848241569, 0.965183478608, 0.827553500757, 0.454867675844, 0.0264895370303, 253.01
0.743805786371, 0.906632650258, 0.834878200832, 0.374631001669, 0.520357752357, 0.268472038626, 0.0326750964883, 0.526847932229, 0.653852610297, 0.10810881058, 0.972205285436, 0.292562643216, 0.696815763753, 0.503011712157, 0.183617578798, 0.0472984666745, 253.01
0.896908053772, 0.964082291721, 0.846678863769, 0.240614822627, 0.394163903781, 0.134486007521, 0.0418447977298, 0.698631393439, 0.653852610297, 0.142297281825, 0.95779595787, 0.235848241569, 0.733989265971, 0.903904812136, 0.454867675844, 0.418957438481, 253.01
0.743128083602, 0.774928136668, 0.654473172691, 0.299422970332, 0.783149847422, 0.323357318315, 0.199707250624, 0.932220304523, 0.514051244193, 0.471898750822, 0.041079167902, 0.888916131526, 0.94088084637, 0.54861539968, 0.0632710098692, 0.0705862477615, 253.01
0.743128083602, 0.915604338386, 0.509723898657, 0.169067907214, 0.735372952512, 0.268472038626, 0.00424527176896, 0.857201976848, 0.521193277501, 0.142297281825, 0.791679842913, 0.156369876323, 0.954456241101, 0.827553500757, 0.468248259234, 0.0421902396155, 253.01
