0.743128083602, 0.685069858039, 0.654473172691, 0.126758384096, 0.918907108062, 0.355871871521, 0.376651048272, 0.107253090485, 0.513938335195, 0.153334279612, 0.041079167902, 0.888916131526, 0.94088084637, 0.927739571644, 0.454867675844, 0.180543393129, 247.483
0.743128083602, 0.685069858039, 0.654473172691, 0.126758384096, 0.949384713995, 0.355871871521, 0.376651048272, 0.107253090485, 0.531039629372, 0.153334279612, 0.041079167902, 0.888916131526, 0.94088084637, 0.9979256024, 0.371243635136, 0.180543393129, 247.483
0.743128083602, 0.685069858039, 0.654473172691, 0.126758384096, 0.918907108062, 0.355871871521, 0.376651048272, 0.107253090485, 0.513938335195, 0.153334279612, 0.041079167902, 0.888916131526, 0.94088084637, 0.927739571644, 0.454867675844, 0.180543393129, 247.483
0.743128083602, 0.685069858039, 0.654473172691, 0.126758384096, 0.949384713995, 0.355871871521, 0.376651048272, 0.107253090485, 0.531039629372, 0.153334279612, 0.041079167902, 0.888916131526, 0.94088084637, 0.9979256024, 0.371243635136, 0.180543393129, 247.483
0.582453292094, 0.687035271741, 0.999173031009, 0.213155228503, 0.957491851127, 0.149456571366, 0.319133547307, 0.00990525408982, 0.536278050199, 0.832192803699, 0.242189643774, 0.212292694629, 0.927988064832, 0.74836016708, 0.0105771158809, 0.391870518762, 249.497
0.582453292094, 0.687035271741, 0.848853463002, 0.240614822627, 0.957491851127, 0.149456571366, 0.319133547307, 0.00990525408982, 0.521193277501, 0.838935684523, 0.242189643774, 0.389746902512, 0.860267754007, 0.74836016708, 0.0598992856576, 0.391870518762, 249.497
0.936282317751, 0.687035271741, 0.994255492893, 0.240614822627, 0.768941045649, 0.149456571366, 0.319133547307, 0.00990525408982, 0.521193277501, 0.81593449836, 0.242189643774, 0.389746902512, 0.733989265971, 0.74836016708, 0.194653479674, 0.391870518762, 249.497
0.582453292094, 0.687035271741, 0.999173031009, 0.240614822627, 0.957491851127, 0.149456571366, 0.319133547307, 0.00990525408982, 0.521193277501, 0.832192803699, 0.242189643774, 0.212292694629, 0.927988064832, 0.74836016708, 0.0598992856576, 0.391870518762, 249.497
0.936282317751, 0.687035271741, 0.995001899377, 0.240614822627, 0.768941045649, 0.149456571366, 0.245443724692, 0.44327572244, 0.521193277501, 0.81593449836, 0.242189643774, 0.388336032587, 0.733989265971, 0.74836016708, 0.194653479674, 0.391870518762, 249.497
0.685537508838, 0.687035271741, 0.848853463002, 0.240614822627, 0.957491851127, 0.149456571366, 0.0328053114222, 0.00990525408982, 0.521193277501, 0.593040737968, 0.242189643774, 0.389746902512, 0.860267754007, 0.74836016708, 0.0598992856576, 0.391870518762, 249.497
0.582453292094, 0.687035271741, 0.999173031009, 0.213155228503, 0.957491851127, 0.149456571366, 0.319133547307, 0.00990525408982, 0.536278050199, 0.832192803699, 0.242189643774, 0.212292694629, 0.927988064832, 0.74836016708, 0.0105771158809, 0.391870518762, 249.497
0.582453292094, 0.687035271741, 0.848853463002, 0.240614822627, 0.957491851127, 0.149456571366, 0.319133547307, 0.00990525408982, 0.521193277501, 0.838935684523, 0.242189643774, 0.389746902512, 0.860267754007, 0.74836016708, 0.0598992856576, 0.391870518762, 249.497
0.936282317751, 0.687035271741, 0.994255492893, 0.240614822627, 0.768941045649, 0.149456571366, 0.319133547307, 0.00990525408982, 0.521193277501, 0.81593449836, 0.242189643774, 0.389746902512, 0.733989265971, 0.74836016708, 0.194653479674, 0.391870518762, 249.497
0.582453292094, 0.687035271741, 0.999173031009, 0.240614822627, 0.957491851127, 0.149456571366, 0.319133547307, 0.00990525408982, 0.521193277501, 0.832192803699, 0.242189643774, 0.212292694629, 0.927988064832, 0.74836016708, 0.0598992856576, 0.391870518762, 249.497
0.936282317751, 0.687035271741, 0.995001899377, 0.240614822627, 0.768941045649, 0.149456571366, 0.245443724692, 0.44327572244, 0.521193277501, 0.81593449836, 0.242189643774, 0.388336032587, 0.733989265971, 0.74836016708, 0.194653479674, 0.391870518762, 249.497
0.685537508838, 0.687035271741, 0.848853463002, 0.240614822627, 0.957491851127, 0.149456571366, 0.0328053114222, 0.00990525408982, 0.521193277501, 0.593040737968, 0.242189643774, 0.389746902512, 0.860267754007, 0.74836016708, 0.0598992856576, 0.391870518762, 249.497
0.582453292094, 0.53875756886, 0.846678863769, 0.240614822627, 0.567283585763, 0.0914019231163, 0.975329028769, 0.382211859874, 0.76071902702, 0.81593449836, 0.256499706518, 0.292562643216, 0.614326897792, 0.719576956927, 0.0360318733999, 0.431792160446, 249.73
0.582453292094, 0.53875756886, 0.846678863769, 0.240614822627, 0.955344522976, 0.428638406925, 0.975329028769, 0.382211859874, 0.76071902702, 0.81593449836, 0.256499706518, 0.292562643216, 0.789054261524, 0.719576956927, 0.0360318733999, 0.431792160446, 249.73
0.582453292094, 0.53875756886, 0.846678863769, 0.207333594956, 0.567283585763, 0.0914019231163, 0.975329028769, 0.382211859874, 0.76071902702, 0.652833381841, 0.256499706518, 0.292562643216, 0.614326897792, 0.719576956927, 0.0360318733999, 0.431792160446, 249.73
0.582453292094, 0.53875756886, 0.846678863769, 0.240614822627, 0.955344522976, 0.0914019231163, 0.975329028769, 0.382211859874, 0.840627123323, 0.81593449836, 0.256499706518, 0.000666503845632, 0.789054261524, 0.719576956927, 0.0360318733999, 0.431792160446, 249.73
0.848439915608, 0.921247548851, 0.580357360169, 0.840668343, 0.633365050799, 0.0176161381987, 0.568453125234, 0.409879678579, 0.954722585356, 0.330793316368, 0.791377628829, 0.36759343389, 0.513257876923, 0.953653301563, 0.205692234335, 0.0923408304189, 249.73
0.582453292094, 0.53875756886, 0.846678863769, 0.240614822627, 0.567283585763, 0.0914019231163, 0.975329028769, 0.382211859874, 0.76071902702, 0.81593449836, 0.256499706518, 0.292562643216, 0.614326897792, 0.719576956927, 0.0360318733999, 0.431792160446, 249.73
0.582453292094, 0.53875756886, 0.846678863769, 0.240614822627, 0.955344522976, 0.428638406925, 0.975329028769, 0.382211859874, 0.76071902702, 0.81593449836, 0.256499706518, 0.292562643216, 0.789054261524, 0.719576956927, 0.0360318733999, 0.431792160446, 249.73
0.582453292094, 0.53875756886, 0.846678863769, 0.207333594956, 0.567283585763, 0.0914019231163, 0.975329028769, 0.382211859874, 0.76071902702, 0.652833381841, 0.256499706518, 0.292562643216, 0.614326897792, 0.719576956927, 0.0360318733999, 0.431792160446, 249.73
0.582453292094, 0.53875756886, 0.846678863769, 0.240614822627, 0.955344522976, 0.0914019231163, 0.975329028769, 0.382211859874, 0.840627123323, 0.81593449836, 0.256499706518, 0.000666503845632, 0.789054261524, 0.719576956927, 0.0360318733999, 0.431792160446, 249.73
0.848439915608, 0.921247548851, 0.580357360169, 0.840668343, 0.633365050799, 0.0176161381987, 0.568453125234, 0.409879678579, 0.954722585356, 0.330793316368, 0.791377628829, 0.36759343389, 0.513257876923, 0.953653301563, 0.205692234335, 0.0923408304189, 249.73
0.771709231735, 0.768838729527, 0.914447651732, 0.584499414854, 0.914636373438, 0.467657893592, 0.847441039126, 0.973708564777, 0.514051244193, 0.085079008302, 0.30023076371, 0.924362380787, 0.75600885193, 0.506871931588, 0.338394370596, 0.152648365303, 252.63
0.916452735555, 0.906632650258, 0.654473172691, 0.525710976967, 0.735372952512, 0.268472038626, 0.0532131940027, 0.857201976848, 0.521193277501, 0.142297281825, 0.806612985778, 0.235848241569, 0.965183478608, 0.555219434685, 0.454867675844, 0.0705862477615, 252.63
0.569719054882, 0.616020047244, 0.957509816423, 0.579544323565, 0.723995849577, 0.0835444469812, 0.61132224956, 0.592155560468, 0.516655032259, 0.206871947316, 0.392463020873, 0.924362380787, 0.57395883329, 0.506871931588, 0.167005595526, 0.152648365303, 252.63
0.934021314097, 0.768838729527, 0.688961365145, 0.569305318004, 0.826649653865, 0.455402809064, 0.61132224956, 0.921264002786, 0.514051244193, 0.206871947316, 0.102482870621, 0.924362380787, 0.960394145561, 0.506871931588, 0.107632052812, 0.152648365303, 252.63
0.988612648862, 0.921247548851, 0.656744400957, 0.746630639479, 0.563841566, 0.0176161381987, 0.61132224956, 0.853511000563, 0.954722585356, 0.330793316368, 0.791377628829, 0.099307885831, 0.513257876923, 0.953653301563, 0.205692234335, 0.214957464174, 252.63
0.988612648862, 0.745194010023, 0.952917831022, 0.887209913363, 0.858973455543, 0.460220466189, 0.097028852793, 0.921264002786, 0.87647061232, 0.085079008302, 0.416088873497, 0.895960694127, 0.721109879762, 0.897960356857, 0.3237298887, 0.272619274141, 252.63
0.978825665674, 0.745194010023, 0.952917831022, 0.584499414854, 0.987400918662, 0.460220466189, 0.684586741941, 0.973212348413, 0.87647061232, 0.085079008302, 0.416088873497, 0.895960694127, 0.585403092179, 0.555219434685, 0.19079868319, 0.143307866094, 252.63
0.920587335825, 0.932280940626, 0.952917831022, 0.703976077614, 0.909991364125, 0.446801414015, 0.61132224956, 0.921264002786, 0.87647061232, 0.206871947316, 0.0454967484521, 0.924362380787, 0.960394145561, 0.506871931588, 0.338394370596, 0.152648365303, 252.63
0.990435623718, 0.921247548851, 0.656744400957, 0.921752659569, 0.505578051474, 0.460220466189, 0.949169024172, 0.77533388234, 0.954722585356, 0.294748857229, 0.791377628829, 0.36759343389, 0.513257876923, 0.953653301563, 0.205692234335, 0.214957464174, 252.63
0.848439915608, 0.734773349952, 0.656744400957, 0.746630639479, 0.633365050799, 0.0176161381987, 0.61132224956, 0.853511000563, 0.954722585356, 0.330793316368, 0.861282218693, 0.36759343389, 0.513257876923, 0.953653301563, 0.205692234335, 0.0923408304189, 252.63
0.505871424825, 0.964082291721, 0.846678863769, 0.579544323565, 0.919011831268, 0.0402383117738, 0.887998199696, 0.699175113368, 0.514051244193, 0.81593449836, 0.188174803893, 0.389746902512, 0.789054261524, 0.92312373213, 0.454867675844, 0.0705862477615, 252.63
0.953080499944, 0.745194010023, 0.952917831022, 0.569305318004, 0.858973455543, 0.134486007521, 0.097028852793, 0.510769146309, 0.87647061232, 0.0612478830344, 0.416088873497, 0.984423527977, 0.721109879762, 0.555219434685, 0.0636641678352, 0.272619274141, 252.63
0.582453292094, 0.921247548851, 0.846678863769, 0.84747185407, 0.814894995018, 0.0402383117738, 0.887998199696, 0.699175113368, 0.514051244193, 0.81593449836, 0.188174803893, 0.389746902512, 0.95744958617, 0.897960356857, 0.454867675844, 0.315346929225, 252.63
0.988612648862, 0.745194010023, 0.952917831022, 0.569305318004, 0.594502725179, 0.460220466189, 0.097028852793, 0.97271669898, 0.835597562529, 0.085079008302, 0.416088873497, 0.895960694127, 0.585403092179, 0.76976085696, 0.107632052812, 0.272619274141, 252.63
0.978825665674, 0.745194010023, 0.952917831022, 0.584499414854, 0.858973455543, 0.460220466189, 0.684586741941, 0.970013991582, 0.87647061232, 0.085079008302, 0.416088873497, 0.895960694127, 0.721109879762, 0.555219434685, 0.19079868319, 0.143307866094, 252.63
0.988612648862, 0.943014028533, 0.656744400957, 0.921752659569, 0.887064377465, 0.460220466189, 0.949169024172, 0.77533388234, 0.954722585356, 0.294748857229, 0.791377628829, 0.36759343389, 0.513257876923, 0.980488892027, 0.205692234335, 0.214957464174, 252.63
0.878219863516, 0.921247548851, 0.580357360169, 0.840668343, 0.633365050799, 0.0176161381987, 0.568453125234, 0.853511000563, 0.954722585356, 0.330793316368, 0.791377628829, 0.36759343389, 0.513257876923, 0.953653301563, 0.346694084474, 0.0923408304189, 252.63
0.896908053772, 0.924490077658, 0.846678863769, 0.579544323565, 0.919011831268, 0.0313976494291, 0.887998199696, 0.699175113368, 0.514051244193, 0.81593449836, 0.0812041586071, 0.355687650861, 0.890269305969, 0.92312373213, 0.0632710098692, 0.246230393917, 252.63
0.582453292094, 0.964082291721, 0.846678863769, 0.690188655395, 0.735372952512, 0.134486007521, 0.0418447977298, 0.698631393439, 0.514051244193, 0.142297281825, 0.95779595787, 0.235848241569, 0.733989265971, 0.54861539968, 0.454867675844, 0.0705862477615, 252.63
0.771709231735, 0.795283161145, 0.654473172691, 0.768217648215, 0.768941045649, 0.268472038626, 0.376651048272, 0.857201976848, 0.521586313738, 0.399275911646, 0.791679842913, 0.389746902512, 0.696815763753, 0.642377131582, 0.454867675844, 0.000213773058115, 252.63
0.93890277624, 0.643973545373, 0.957186588108, 0.584499414854, 0.826958586335, 0.381798015004, 0.684586741941, 0.837474523555, 0.989139515338, 0.227806789371, 0.494786187393, 0.895960694127, 0.703738031762, 0.555219434685, 0.0715433313529, 0.272619274141, 252.63
0.712622334717, 0.616020047244, 0.957509816423, 0.579544323565, 0.858973455543, 0.0835444469812, 0.61132224956, 0.592155560468, 0.516655032259, 0.206871947316, 0.0492635141001, 0.924362380787, 0.57395883329, 0.506871931588, 0.338394370596, 0.152648365303, 252.63
0.934021314097, 0.768838729527, 0.688961365145, 0.569305318004, 0.826649653865, 0.168197402032, 0.61132224956, 0.921264002786, 0.514051244193, 0.206871947316, 0.102482870621, 0.924362380787, 0.960394145561, 0.506871931588, 0.107632052812, 0.152648365303, 252.63
0.816859891348, 0.87796392849, 0.656744400957, 0.746630639479, 0.887064377465, 0.460220466189, 0.949169024172, 0.77533388234, 0.954722585356, 0.294748857229, 0.791377628829, 0.491293948098, 0.513257876923, 0.576110517557, 0.205692234335, 0.214957464174, 252.63
0.988612648862, 0.921247548851, 0.656744400957, 0.746630639479, 0.633365050799, 0.0176161381987, 0.61132224956, 0.853511000563, 0.954722585356, 0.085079008302, 0.791377628829, 0.099307885831, 0.513257876923, 0.953653301563, 0.205692234335, 0.0923408304189, 252.63
0.988612648862, 0.745194010023, 0.952917831022, 0.887209913363, 0.641115906492, 0.460220466189, 0.097028852793, 0.921264002786, 0.87647061232, 0.330793316368, 0.416088873497, 0.895960694127, 0.721109879762, 0.897960356857, 0.3237298887, 0.272619274141, 252.63
0.995461168642, 0.768838729527, 0.952917831022, 0.584499414854, 0.858973455543, 0.460220466189, 0.097028852793, 0.510769146309, 0.777617881251, 0.085079008302, 0.416088873497, 0.9056912251, 0.721109879762, 0.555219434685, 0.0482344709552, 0.45632298273, 252.63
0.920587335825, 0.932280940626, 0.952917831022, 0.569305318004, 0.909991364125, 0.446801414015, 0.61132224956, 0.77533388234, 0.514051244193, 0.206871947316, 0.0454967484521, 0.996765232657, 0.960394145561, 0.506871931588, 0.338394370596, 0.0322772390498, 252.63
0.988612648862, 0.969985259539, 0.656744400957, 0.921752659569, 0.505578051474, 0.460220466189, 0.949169024172, 0.921264002786, 0.996771882318, 0.294748857229, 0.791377628829, 0.36759343389, 0.513257876923, 0.953653301563, 0.205692234335, 0.214957464174, 252.63
0.582453292094, 0.921247548851, 0.656744400957, 0.746630639479, 0.633365050799, 0.014901146737, 0.61132224956, 0.853511000563, 0.888255563774, 0.330793316368, 0.861282218693, 0.36759343389, 0.513257876923, 0.953653301563, 0.205692234335, 0.0964230373808, 252.63
0.848439915608, 0.924490077658, 0.846678863769, 0.827687463135, 0.919011831268, 0.0402383117738, 0.697686684716, 0.575814889862, 0.514051244193, 0.81593449836, 0.188174803893, 0.389746902512, 0.789054261524, 0.92312373213, 0.454867675844, 0.0923408304189, 252.63
0.569719054882, 0.745194010023, 0.957509816423, 0.802394255626, 0.826649653865, 0.0835444469812, 0.61132224956, 0.921264002786, 0.516655032259, 0.206871947316, 0.0492635141001, 0.924362380787, 0.971663103384, 0.870690580452, 0.338394370596, 0.152648365303, 252.63
0.978825665674, 0.768838729527, 0.984493632509, 0.584499414854, 0.858973455543, 0.460220466189, 0.097028852793, 0.510769146309, 0.87647061232, 0.085079008302, 0.416088873497, 0.924362380787, 0.721109879762, 0.555219434685, 0.107632052812, 0.272619274141, 252.63
0.888972720826, 0.745194010023, 0.952917831022, 0.569305318004, 0.909991364125, 0.460220466189, 0.61132224956, 0.934088531122, 0.514051244193, 0.206871947316, 0.0259776332393, 0.9056912251, 0.960394145561, 0.506871931588, 0.338394370596, 0.152648365303, 252.63
0.988612648862, 0.943014028533, 0.656744400957, 0.921752659569, 0.941181872982, 0.446801414015, 0.648193354377, 0.77533388234, 0.954722585356, 0.294748857229, 0.791377628829, 0.36759343389, 0.513257876923, 0.953653301563, 0.205692234335, 0.214957464174, 252.63
0.582453292094, 0.924490077658, 0.918297196731, 0.579544323565, 0.919011831268, 0.0402383117738, 0.887998199696, 0.699175113368, 0.514051244193, 0.81593449836, 0.0812041586071, 0.389746902512, 0.890269305969, 0.942395669064, 0.0632710098692, 0.315346929225, 252.63
0.896908053772, 0.795283161145, 0.654473172691, 0.768217648215, 0.768941045649, 0.268472038626, 0.376651048272, 0.857201976848, 0.521586313738, 0.399275911646, 0.95779595787, 0.389746902512, 0.696815763753, 0.642377131582, 0.454867675844, 8.52270634156e-05, 252.63
0.916452735555, 0.906632650258, 0.654473172691, 0.525710976967, 0.735372952512, 0.268472038626, 0.0532131940027, 0.857201976848, 0.521193277501, 0.142297281825, 0.806612985778, 0.235848241569, 0.965183478608, 0.555219434685, 0.454867675844, 0.0705862477615, 252.63
0.771709231735, 0.768838729527, 0.914447651732, 0.584499414854, 0.914636373438, 0.467657893592, 0.847441039126, 0.973708564777, 0.514051244193, 0.085079008302, 0.30023076371, 0.924362380787, 0.75600885193, 0.506871931588, 0.338394370596, 0.152648365303, 252.63
0.569719054882, 0.616020047244, 0.957509816423, 0.579544323565, 0.723995849577, 0.0835444469812, 0.61132224956, 0.592155560468, 0.516655032259, 0.206871947316, 0.392463020873, 0.924362380787, 0.57395883329, 0.506871931588, 0.167005595526, 0.152648365303, 252.63
0.934021314097, 0.768838729527, 0.688961365145, 0.569305318004, 0.826649653865, 0.455402809064, 0.61132224956, 0.921264002786, 0.514051244193, 0.206871947316, 0.102482870621, 0.924362380787, 0.960394145561, 0.506871931588, 0.107632052812, 0.152648365303, 252.63
0.988612648862, 0.921247548851, 0.656744400957, 0.746630639479, 0.563841566, 0.0176161381987, 0.61132224956, 0.853511000563, 0.954722585356, 0.330793316368, 0.791377628829, 0.099307885831, 0.513257876923, 0.953653301563, 0.205692234335, 0.214957464174, 252.63
0.988612648862, 0.745194010023, 0.952917831022, 0.887209913363, 0.858973455543, 0.460220466189, 0.097028852793, 0.921264002786, 0.87647061232, 0.085079008302, 0.416088873497, 0.895960694127, 0.721109879762, 0.897960356857, 0.3237298887, 0.272619274141, 252.63
0.978825665674, 0.745194010023, 0.952917831022, 0.584499414854, 0.987400918662, 0.460220466189, 0.684586741941, 0.973212348413, 0.87647061232, 0.085079008302, 0.416088873497, 0.895960694127, 0.585403092179, 0.555219434685, 0.19079868319, 0.143307866094, 252.63
0.920587335825, 0.932280940626, 0.952917831022, 0.703976077614, 0.909991364125, 0.446801414015, 0.61132224956, 0.921264002786, 0.87647061232, 0.206871947316, 0.0454967484521, 0.924362380787, 0.960394145561, 0.506871931588, 0.338394370596, 0.152648365303, 252.63
0.990435623718, 0.921247548851, 0.656744400957, 0.921752659569, 0.505578051474, 0.460220466189, 0.949169024172, 0.77533388234, 0.954722585356, 0.294748857229, 0.791377628829, 0.36759343389, 0.513257876923, 0.953653301563, 0.205692234335, 0.214957464174, 252.63
0.848439915608, 0.734773349952, 0.656744400957, 0.746630639479, 0.633365050799, 0.0176161381987, 0.61132224956, 0.853511000563, 0.954722585356, 0.330793316368, 0.861282218693, 0.36759343389, 0.513257876923, 0.953653301563, 0.205692234335, 0.0923408304189, 252.63
0.505871424825, 0.964082291721, 0.846678863769, 0.579544323565, 0.919011831268, 0.0402383117738, 0.887998199696, 0.699175113368, 0.514051244193, 0.81593449836, 0.188174803893, 0.389746902512, 0.789054261524, 0.92312373213, 0.454867675844, 0.0705862477615, 252.63
0.953080499944, 0.745194010023, 0.952917831022, 0.569305318004, 0.858973455543, 0.134486007521, 0.097028852793, 0.510769146309, 0.87647061232, 0.0612478830344, 0.416088873497, 0.984423527977, 0.721109879762, 0.555219434685, 0.0636641678352, 0.272619274141, 252.63
0.582453292094, 0.921247548851, 0.846678863769, 0.84747185407, 0.814894995018, 0.0402383117738, 0.887998199696, 0.699175113368, 0.514051244193, 0.81593449836, 0.188174803893, 0.389746902512, 0.95744958617, 0.897960356857, 0.454867675844, 0.315346929225, 252.63
0.988612648862, 0.745194010023, 0.952917831022, 0.569305318004, 0.594502725179, 0.460220466189, 0.097028852793, 0.97271669898, 0.835597562529, 0.085079008302, 0.416088873497, 0.895960694127, 0.585403092179, 0.76976085696, 0.107632052812, 0.272619274141, 252.63
0.978825665674, 0.745194010023, 0.952917831022, 0.584499414854, 0.858973455543, 0.460220466189, 0.684586741941, 0.970013991582, 0.87647061232, 0.085079008302, 0.416088873497, 0.895960694127, 0.721109879762, 0.555219434685, 0.19079868319, 0.143307866094, 252.63
0.988612648862, 0.943014028533, 0.656744400957, 0.921752659569, 0.887064377465, 0.460220466189, 0.949169024172, 0.77533388234, 0.954722585356, 0.294748857229, 0.791377628829, 0.36759343389, 0.513257876923, 0.980488892027, 0.205692234335, 0.214957464174, 252.63
0.878219863516, 0.921247548851, 0.580357360169, 0.840668343, 0.633365050799, 0.0176161381987, 0.568453125234, 0.853511000563, 0.954722585356, 0.330793316368, 0.791377628829, 0.36759343389, 0.513257876923, 0.953653301563, 0.346694084474, 0.0923408304189, 252.63
0.896908053772, 0.924490077658, 0.846678863769, 0.579544323565, 0.919011831268, 0.0313976494291, 0.887998199696, 0.699175113368, 0.514051244193, 0.81593449836, 0.0812041586071, 0.355687650861, 0.890269305969, 0.92312373213, 0.0632710098692, 0.246230393917, 252.63
0.582453292094, 0.964082291721, 0.846678863769, 0.690188655395, 0.735372952512, 0.134486007521, 0.0418447977298, 0.698631393439, 0.514051244193, 0.142297281825, 0.95779595787, 0.235848241569, 0.733989265971, 0.54861539968, 0.454867675844, 0.0705862477615, 252.63
0.771709231735, 0.795283161145, 0.654473172691, 0.768217648215, 0.768941045649, 0.268472038626, 0.376651048272, 0.857201976848, 0.521586313738, 0.399275911646, 0.791679842913, 0.389746902512, 0.696815763753, 0.642377131582, 0.454867675844, 0.000213773058115, 252.63
0.93890277624, 0.643973545373, 0.957186588108, 0.584499414854, 0.826958586335, 0.381798015004, 0.684586741941, 0.837474523555, 0.989139515338, 0.227806789371, 0.494786187393, 0.895960694127, 0.703738031762, 0.555219434685, 0.0715433313529, 0.272619274141, 252.63
0.712622334717, 0.616020047244, 0.957509816423, 0.579544323565, 0.858973455543, 0.0835444469812, 0.61132224956, 0.592155560468, 0.516655032259, 0.206871947316, 0.0492635141001, 0.924362380787, 0.57395883329, 0.506871931588, 0.338394370596, 0.152648365303, 252.63
0.934021314097, 0.768838729527, 0.688961365145, 0.569305318004, 0.826649653865, 0.168197402032, 0.61132224956, 0.921264002786, 0.514051244193, 0.206871947316, 0.102482870621, 0.924362380787, 0.960394145561, 0.506871931588, 0.107632052812, 0.152648365303, 252.63
0.816859891348, 0.87796392849, 0.656744400957, 0.746630639479, 0.887064377465, 0.460220466189, 0.949169024172, 0.77533388234, 0.954722585356, 0.294748857229, 0.791377628829, 0.491293948098, 0.513257876923, 0.576110517557, 0.205692234335, 0.214957464174, 252.63
0.988612648862, 0.921247548851, 0.656744400957, 0.746630639479, 0.633365050799, 0.0176161381987, 0.61132224956, 0.853511000563, 0.954722585356, 0.085079008302, 0.791377628829, 0.099307885831, 0.513257876923, 0.953653301563, 0.205692234335, 0.0923408304189, 252.63
0.988612648862, 0.745194010023, 0.952917831022, 0.887209913363, 0.641115906492, 0.460220466189, 0.097028852793, 0.921264002786, 0.87647061232, 0.330793316368, 0.416088873497, 0.895960694127, 0.721109879762, 0.897960356857, 0.3237298887, 0.272619274141, 252.63
0.995461168642, 0.768838729527, 0.952917831022, 0.584499414854, 0.858973455543, 0.460220466189, 0.097028852793, 0.510769146309, 0.777617881251, 0.085079008302, 0.416088873497, 0.9056912251, 0.721109879762, 0.555219434685, 0.0482344709552, 0.45632298273, 252.63
0.920587335825, 0.932280940626, 0.952917831022, 0.569305318004, 0.909991364125, 0.446801414015, 0.61132224956, 0.77533388234, 0.514051244193, 0.206871947316, 0.0454967484521, 0.996765232657, 0.960394145561, 0.506871931588, 0.338394370596, 0.0322772390498, 252.63
0.988612648862, 0.969985259539, 0.656744400957, 0.921752659569, 0.505578051474, 0.460220466189, 0.949169024172, 0.921264002786, 0.996771882318, 0.294748857229, 0.791377628829, 0.36759343389, 0.513257876923, 0.953653301563, 0.205692234335, 0.214957464174, 252.63
0.582453292094, 0.921247548851, 0.656744400957, 0.746630639479, 0.633365050799, 0.014901146737, 0.61132224956, 0.853511000563, 0.888255563774, 0.330793316368, 0.861282218693, 0.36759343389, 0.513257876923, 0.953653301563, 0.205692234335, 0.0964230373808, 252.63
0.848439915608, 0.924490077658, 0.846678863769, 0.827687463135, 0.919011831268, 0.0402383117738, 0.697686684716, 0.575814889862, 0.514051244193, 0.81593449836, 0.188174803893, 0.389746902512, 0.789054261524, 0.92312373213, 0.454867675844, 0.0923408304189, 252.63
0.569719054882, 0.745194010023, 0.957509816423, 0.802394255626, 0.826649653865, 0.0835444469812, 0.61132224956, 0.921264002786, 0.516655032259, 0.206871947316, 0.0492635141001, 0.924362380787, 0.971663103384, 0.870690580452, 0.338394370596, 0.152648365303, 252.63
0.978825665674, 0.768838729527, 0.984493632509, 0.584499414854, 0.858973455543, 0.460220466189, 0.097028852793, 0.510769146309, 0.87647061232, 0.085079008302, 0.416088873497, 0.924362380787, 0.721109879762, 0.555219434685, 0.107632052812, 0.272619274141, 252.63
0.888972720826, 0.745194010023, 0.952917831022, 0.569305318004, 0.909991364125, 0.460220466189, 0.61132224956, 0.934088531122, 0.514051244193, 0.206871947316, 0.0259776332393, 0.9056912251, 0.960394145561, 0.506871931588, 0.338394370596, 0.152648365303, 252.63
0.988612648862, 0.943014028533, 0.656744400957, 0.921752659569, 0.941181872982, 0.446801414015, 0.648193354377, 0.77533388234, 0.954722585356, 0.294748857229, 0.791377628829, 0.36759343389, 0.513257876923, 0.953653301563, 0.205692234335, 0.214957464174, 252.63
0.582453292094, 0.924490077658, 0.918297196731, 0.579544323565, 0.919011831268, 0.0402383117738, 0.887998199696, 0.699175113368, 0.514051244193, 0.81593449836, 0.0812041586071, 0.389746902512, 0.890269305969, 0.942395669064, 0.0632710098692, 0.315346929225, 252.63
0.896908053772, 0.795283161145, 0.654473172691, 0.768217648215, 0.768941045649, 0.268472038626, 0.376651048272, 0.857201976848, 0.521586313738, 0.399275911646, 0.95779595787, 0.389746902512, 0.696815763753, 0.642377131582, 0.454867675844, 8.52270634156e-05, 252.63
