0.743128083602, 0.685069858039, 0.654473172691, 0.0765310951888, 0.918907108062, 0.355871871521, 0.376651048272, 0.107253090485, 0.531039629372, 0.153334279612, 0.0360359583176, 0.988628172893, 0.999314620837, 0.927739571644, 0.0432652067241, 0.180543393129, 247.483
0.743128083602, 0.685069858039, 0.654473172691, 0.126758384096, 0.949384713995, 0.355871871521, 0.376651048272, 0.107253090485, 0.746803392184, 0.153334279612, 0.041079167902, 0.888916131526, 0.94088084637, 0.9979256024, 0.454867675844, 0.180543393129, 247.483
0.743128083602, 0.685069858039, 0.654473172691, 0.126758384096, 0.918907108062, 0.355871871521, 0.376651048272, 0.107253090485, 0.531039629372, 0.153334279612, 0.0360359583176, 0.988628172893, 0.94088084637, 0.927739571644, 0.371243635136, 0.180543393129, 247.483
0.743128083602, 0.730496493948, 0.654473172691, 0.126758384096, 0.949384713995, 0.355871871521, 0.376651048272, 0.107253090485, 0.513938335195, 0.153334279612, 0.041079167902, 0.888916131526, 0.94088084637, 0.9979256024, 0.454867675844, 0.180543393129, 247.483
0.743128083602, 0.685069858039, 0.654473172691, 0.0765310951888, 0.918907108062, 0.355871871521, 0.376651048272, 0.107253090485, 0.531039629372, 0.153334279612, 0.0360359583176, 0.988628172893, 0.999314620837, 0.927739571644, 0.0432652067241, 0.180543393129, 247.483
0.743128083602, 0.685069858039, 0.654473172691, 0.126758384096, 0.949384713995, 0.355871871521, 0.376651048272, 0.107253090485, 0.746803392184, 0.153334279612, 0.041079167902, 0.888916131526, 0.94088084637, 0.9979256024, 0.454867675844, 0.180543393129, 247.483
0.743128083602, 0.685069858039, 0.654473172691, 0.126758384096, 0.918907108062, 0.355871871521, 0.376651048272, 0.107253090485, 0.531039629372, 0.153334279612, 0.0360359583176, 0.988628172893, 0.94088084637, 0.927739571644, 0.371243635136, 0.180543393129, 247.483
0.743128083602, 0.730496493948, 0.654473172691, 0.126758384096, 0.949384713995, 0.355871871521, 0.376651048272, 0.107253090485, 0.513938335195, 0.153334279612, 0.041079167902, 0.888916131526, 0.94088084637, 0.9979256024, 0.454867675844, 0.180543393129, 247.483
0.936282317751, 0.687035271741, 0.999173031009, 0.240614822627, 0.768941045649, 0.149456571366, 0.319133547307, 0.00990525408982, 0.521193277501, 0.81593449836, 0.242189643774, 0.389746902512, 0.733989265971, 0.824577366397, 0.194653479674, 0.433687633936, 249.497
0.936282317751, 0.687035271741, 0.994255492893, 0.240614822627, 0.768941045649, 0.149456571366, 0.319133547307, 0.00990525408982, 0.521193277501, 0.81593449836, 0.242189643774, 0.389746902512, 0.733989265971, 0.74836016708, 0.194653479674, 0.391870518762, 249.497
0.582453292094, 0.687035271741, 0.999173031009, 0.240614822627, 0.957491851127, 0.149456571366, 0.319133547307, 0.00711961105527, 0.521193277501, 0.670519386502, 0.242189643774, 0.339993471335, 0.927988064832, 0.74836016708, 0.0598992856576, 0.391870518762, 249.497
0.936282317751, 0.687035271741, 0.995001899377, 0.240614822627, 0.768941045649, 0.314150259264, 0.245443724692, 0.44327572244, 0.521193277501, 0.81593449836, 0.242189643774, 0.212292694629, 0.733989265971, 0.74836016708, 0.194653479674, 0.418104145833, 249.497
0.936282317751, 0.687035271741, 0.994255492893, 0.240614822627, 0.768941045649, 0.058627343614, 0.319133547307, 0.00990525408982, 0.521193277501, 0.81593449836, 0.242189643774, 0.389931232827, 0.733989265971, 0.74836016708, 0.194653479674, 0.391870518762, 249.497
0.936282317751, 0.687035271741, 0.999173031009, 0.240614822627, 0.957491851127, 0.149456571366, 0.319133547307, 0.00990525408982, 0.521193277501, 0.670519386502, 0.231476510128, 0.212292694629, 0.927988064832, 0.74836016708, 0.0598992856576, 0.391870518762, 249.497
0.896908053772, 0.795283161145, 0.714657168211, 0.768217648215, 0.735372952512, 0.268472038626, 0.188248905812, 0.4858546736, 0.521193277501, 0.399275911646, 0.95779595787, 0.389746902512, 0.965183478608, 0.642377131582, 0.454867675844, 0.311386537177, 249.497
0.936282317751, 0.687035271741, 0.999173031009, 0.240614822627, 0.768941045649, 0.149456571366, 0.319133547307, 0.00990525408982, 0.521193277501, 0.81593449836, 0.242189643774, 0.389746902512, 0.733989265971, 0.824577366397, 0.194653479674, 0.433687633936, 249.497
0.936282317751, 0.687035271741, 0.994255492893, 0.240614822627, 0.768941045649, 0.149456571366, 0.319133547307, 0.00990525408982, 0.521193277501, 0.81593449836, 0.242189643774, 0.389746902512, 0.733989265971, 0.74836016708, 0.194653479674, 0.391870518762, 249.497
0.582453292094, 0.687035271741, 0.999173031009, 0.240614822627, 0.957491851127, 0.149456571366, 0.319133547307, 0.00711961105527, 0.521193277501, 0.670519386502, 0.242189643774, 0.339993471335, 0.927988064832, 0.74836016708, 0.0598992856576, 0.391870518762, 249.497
0.936282317751, 0.687035271741, 0.995001899377, 0.240614822627, 0.768941045649, 0.314150259264, 0.245443724692, 0.44327572244, 0.521193277501, 0.81593449836, 0.242189643774, 0.212292694629, 0.733989265971, 0.74836016708, 0.194653479674, 0.418104145833, 249.497
0.936282317751, 0.687035271741, 0.994255492893, 0.240614822627, 0.768941045649, 0.058627343614, 0.319133547307, 0.00990525408982, 0.521193277501, 0.81593449836, 0.242189643774, 0.389931232827, 0.733989265971, 0.74836016708, 0.194653479674, 0.391870518762, 249.497
0.936282317751, 0.687035271741, 0.999173031009, 0.240614822627, 0.957491851127, 0.149456571366, 0.319133547307, 0.00990525408982, 0.521193277501, 0.670519386502, 0.231476510128, 0.212292694629, 0.927988064832, 0.74836016708, 0.0598992856576, 0.391870518762, 249.497
0.896908053772, 0.795283161145, 0.714657168211, 0.768217648215, 0.735372952512, 0.268472038626, 0.188248905812, 0.4858546736, 0.521193277501, 0.399275911646, 0.95779595787, 0.389746902512, 0.965183478608, 0.642377131582, 0.454867675844, 0.311386537177, 249.497
0.582453292094, 0.687035271741, 0.994255492893, 0.0436772423913, 0.957491851127, 0.149456571366, 0.757527434539, 0.00990525408982, 0.521193277501, 0.832192803699, 0.242189643774, 0.212292694629, 0.927988064832, 0.74836016708, 0.0598992856576, 0.391870518762, 249.73
0.884073686716, 0.53875756886, 0.846678863769, 0.240614822627, 0.618851524473, 0.0914019231163, 0.975329028769, 0.382211859874, 0.986002025481, 0.81593449836, 0.256499706518, 0.000666503845632, 0.789054261524, 0.719576956927, 0.0360318733999, 0.431792160446, 249.73
0.904219023934, 0.53875756886, 0.846678863769, 0.794371805829, 0.633365050799, 0.340595441853, 0.568453125234, 0.409879678579, 0.954722585356, 0.330793316368, 0.791377628829, 0.36759343389, 0.513257876923, 0.953653301563, 0.205692234335, 0.0923408304189, 249.73
0.582453292094, 0.53875756886, 0.630008506307, 0.240614822627, 0.884658953988, 0.428638406925, 0.981065287836, 0.382211859874, 0.76071902702, 0.81593449836, 0.256499706518, 0.292562643216, 0.789054261524, 0.719576956927, 0.0360318733999, 0.431792160446, 249.73
0.582453292094, 0.53875756886, 0.846678863769, 0.207333594956, 0.901240987095, 0.0914019231163, 0.914939204112, 0.382211859874, 0.590694003673, 0.652833381841, 0.256499706518, 0.292562643216, 0.614326897792, 0.719576956927, 0.0360318733999, 0.431792160446, 249.73
0.848439915608, 0.921247548851, 0.580357360169, 0.87512429817, 0.103556844283, 0.0176161381987, 0.975329028769, 0.409879678579, 0.984208580263, 0.330793316368, 0.791377628829, 0.36759343389, 0.513257876923, 0.953653301563, 0.205692234335, 0.0923408304189, 249.73
0.582453292094, 0.921247548851, 0.580357360169, 0.0626721408992, 0.955344522976, 0.253636522277, 0.975329028769, 0.382211859874, 0.76071902702, 0.675954926632, 0.256499706518, 0.292562643216, 0.614326897792, 0.719576956927, 0.0360318733999, 0.178744247358, 249.73
0.582453292094, 0.53875756886, 0.846678863769, 0.207333594956, 0.567283585763, 0.0914019231163, 0.914939204112, 0.382211859874, 0.76071902702, 0.652833381841, 0.256499706518, 0.111939817582, 0.614326897792, 0.719576956927, 0.0360318733999, 0.431792160446, 249.73
0.848439915608, 0.921247548851, 0.580357360169, 0.87512429817, 0.0365111332639, 0.29546214293, 0.568453125234, 0.409879678579, 0.984208580263, 0.0195712902524, 0.791377628829, 0.347136818638, 0.513257876923, 0.953653301563, 0.205692234335, 0.0923408304189, 249.73
0.582453292094, 0.687035271741, 0.994255492893, 0.0436772423913, 0.957491851127, 0.149456571366, 0.757527434539, 0.00990525408982, 0.521193277501, 0.832192803699, 0.242189643774, 0.212292694629, 0.927988064832, 0.74836016708, 0.0598992856576, 0.391870518762, 249.73
0.884073686716, 0.53875756886, 0.846678863769, 0.240614822627, 0.618851524473, 0.0914019231163, 0.975329028769, 0.382211859874, 0.986002025481, 0.81593449836, 0.256499706518, 0.000666503845632, 0.789054261524, 0.719576956927, 0.0360318733999, 0.431792160446, 249.73
0.904219023934, 0.53875756886, 0.846678863769, 0.794371805829, 0.633365050799, 0.340595441853, 0.568453125234, 0.409879678579, 0.954722585356, 0.330793316368, 0.791377628829, 0.36759343389, 0.513257876923, 0.953653301563, 0.205692234335, 0.0923408304189, 249.73
0.582453292094, 0.53875756886, 0.630008506307, 0.240614822627, 0.884658953988, 0.428638406925, 0.981065287836, 0.382211859874, 0.76071902702, 0.81593449836, 0.256499706518, 0.292562643216, 0.789054261524, 0.719576956927, 0.0360318733999, 0.431792160446, 249.73
0.582453292094, 0.53875756886, 0.846678863769, 0.207333594956, 0.901240987095, 0.0914019231163, 0.914939204112, 0.382211859874, 0.590694003673, 0.652833381841, 0.256499706518, 0.292562643216, 0.614326897792, 0.719576956927, 0.0360318733999, 0.431792160446, 249.73
0.848439915608, 0.921247548851, 0.580357360169, 0.87512429817, 0.103556844283, 0.0176161381987, 0.975329028769, 0.409879678579, 0.984208580263, 0.330793316368, 0.791377628829, 0.36759343389, 0.513257876923, 0.953653301563, 0.205692234335, 0.0923408304189, 249.73
0.582453292094, 0.921247548851, 0.580357360169, 0.0626721408992, 0.955344522976, 0.253636522277, 0.975329028769, 0.382211859874, 0.76071902702, 0.675954926632, 0.256499706518, 0.292562643216, 0.614326897792, 0.719576956927, 0.0360318733999, 0.178744247358, 249.73
0.582453292094, 0.53875756886, 0.846678863769, 0.207333594956, 0.567283585763, 0.0914019231163, 0.914939204112, 0.382211859874, 0.76071902702, 0.652833381841, 0.256499706518, 0.111939817582, 0.614326897792, 0.719576956927, 0.0360318733999, 0.431792160446, 249.73
0.848439915608, 0.921247548851, 0.580357360169, 0.87512429817, 0.0365111332639, 0.29546214293, 0.568453125234, 0.409879678579, 0.984208580263, 0.0195712902524, 0.791377628829, 0.347136818638, 0.513257876923, 0.953653301563, 0.205692234335, 0.0923408304189, 249.73
0.896908053772, 0.795283161145, 0.926195009647, 0.768217648215, 0.768941045649, 0.268472038626, 0.695802572376, 0.857201976848, 0.521586313738, 0.399275911646, 0.95779595787, 0.389746902512, 0.930330227357, 0.510373751841, 0.454867675844, 8.52270634156e-05, 252.63
0.896908053772, 0.795283161145, 0.654473172691, 0.768217648215, 0.735372952512, 0.268472038626, 0.376651048272, 0.857201976848, 0.521193277501, 0.399275911646, 0.95779595787, 0.389746902512, 0.965183478608, 0.642377131582, 0.454867675844, 0.311386537177, 252.63
0.934021314097, 0.768838729527, 0.688961365145, 0.569305318004, 0.831708322789, 0.455402809064, 0.61132224956, 0.921264002786, 0.514051244193, 0.206871947316, 0.102482870621, 0.924362380787, 0.960394145561, 0.506871931588, 0.451327018924, 0.152648365303, 252.63
0.657585152274, 0.745194010023, 0.952917831022, 0.584499414854, 0.987400918662, 0.460220466189, 0.684586741941, 0.973212348413, 0.87647061232, 0.085079008302, 0.416088873497, 0.895960694127, 0.585403092179, 0.555219434685, 0.19079868319, 0.143307866094, 252.63
0.848439915608, 0.921247548851, 0.656744400957, 0.746630639479, 0.633365050799, 0.460220466189, 0.949169024172, 0.77533388234, 0.954722585356, 0.330793316368, 0.791377628829, 0.36759343389, 0.513257876923, 0.953653301563, 0.205692234335, 0.214957464174, 252.63
0.990435623718, 0.734773349952, 0.656744400957, 0.921752659569, 0.505578051474, 0.0176161381987, 0.61132224956, 0.853511000563, 0.954722585356, 0.294748857229, 0.861282218693, 0.36759343389, 0.513257876923, 0.953653301563, 0.205692234335, 0.0923408304189, 252.63
0.582453292094, 0.921247548851, 0.90174605935, 0.569305318004, 0.814894995018, 0.0402383117738, 0.097028852793, 0.699175113368, 0.514051244193, 0.81593449836, 0.321357366336, 0.389746902512, 0.95744958617, 0.897960356857, 0.454867675844, 0.315346929225, 252.63
0.988612648862, 0.745194010023, 0.952917831022, 0.723499905946, 0.594502725179, 0.460220466189, 0.887998199696, 0.97271669898, 0.937255483058, 0.085079008302, 0.416088873497, 0.895960694127, 0.585403092179, 0.76976085696, 0.107632052812, 0.272619274141, 252.63
0.712622334717, 0.768838729527, 0.957509816423, 0.911432953504, 0.826958586335, 0.0835444469812, 0.691454524437, 0.592155560468, 0.989139515338, 0.206871947316, 0.0492635141001, 0.924362380787, 0.57395883329, 0.506871931588, 0.338394370596, 0.152648365303, 252.63
0.934021314097, 0.616020047244, 0.688961365145, 0.746630639479, 0.826649653865, 0.362045624439, 0.851201588659, 0.633974861855, 0.514051244193, 0.206871947316, 0.102482870621, 0.989217965663, 0.960394145561, 0.506871931588, 0.107632052812, 0.152648365303, 252.63
0.816859891348, 0.87796392849, 0.656744400957, 0.569305318004, 0.887064377465, 0.367877126314, 0.949169024172, 0.921264002786, 0.954722585356, 0.294748857229, 0.791377628829, 0.491293948098, 0.513257876923, 0.576110517557, 0.0482344709552, 0.214957464174, 252.63
0.995461168642, 0.768838729527, 0.952917831022, 0.584499414854, 0.858973455543, 0.446801414015, 0.097028852793, 0.510769146309, 0.514051244193, 0.085079008302, 0.416088873497, 0.9056912251, 0.721109879762, 0.555219434685, 0.205692234335, 0.45632298273, 252.63
0.988612648862, 0.969985259539, 0.656744400957, 0.681419530408, 0.505578051474, 0.460220466189, 0.61132224956, 0.921264002786, 0.998038841455, 0.294748857229, 0.527356508685, 0.36759343389, 0.513257876923, 0.953653301563, 0.205692234335, 0.261415325442, 252.63
0.848439915608, 0.924490077658, 0.982303827138, 0.827687463135, 0.919011831268, 0.0402383117738, 0.697686684716, 0.575814889862, 0.514051244193, 0.81593449836, 0.0998520471124, 0.389746902512, 0.789054261524, 0.92312373213, 0.454867675844, 0.0923408304189, 252.63
0.869006625867, 0.755223369259, 0.846678863769, 0.802394255626, 0.826649653865, 0.0835444469812, 0.61132224956, 0.921264002786, 0.516655032259, 0.206871947316, 0.0492635141001, 0.924362380787, 0.971663103384, 0.793069193775, 0.338394370596, 0.152648365303, 252.63
0.801235638728, 0.768838729527, 0.997515286777, 0.569305318004, 0.858973455543, 0.460220466189, 0.0607197613383, 0.510769146309, 0.87647061232, 0.085079008302, 0.416088873497, 0.924362380787, 0.721109879762, 0.555219434685, 0.381997179697, 0.272619274141, 252.63
0.83703201254, 0.921247548851, 0.656744400957, 0.746630639479, 0.563841566, 0.0176161381987, 0.61132224956, 0.853511000563, 0.957104911463, 0.206871947316, 0.980319600795, 0.099307885831, 0.513257876923, 0.529701972017, 0.205692234335, 0.214957464174, 252.63
0.920587335825, 0.932280940626, 0.952917831022, 0.703976077614, 0.909991364125, 0.446801414015, 0.61132224956, 0.973212348413, 0.87647061232, 0.206871947316, 0.0375241352662, 0.993250983592, 0.960394145561, 0.506871931588, 0.338394370596, 0.143307866094, 252.63
0.848439915608, 0.734773349952, 0.656744400957, 0.746630639479, 0.633365050799, 0.0176161381987, 0.61132224956, 0.853511000563, 0.514051244193, 0.330793316368, 0.894856999025, 0.16608669602, 0.824603522064, 0.92312373213, 0.205692234335, 0.0705862477615, 252.63
0.505871424825, 0.964082291721, 0.998043247514, 0.579544323565, 0.919011831268, 0.0402383117738, 0.754059424083, 0.699175113368, 0.954722585356, 0.81593449836, 0.188174803893, 0.369515172886, 0.513257876923, 0.953653301563, 0.240302225624, 0.298505849993, 252.63
0.582453292094, 0.921247548851, 0.846678863769, 0.87304210467, 0.814894995018, 0.0402383117738, 0.895088636707, 0.510769146309, 0.514051244193, 0.81593449836, 0.188174803893, 0.389746902512, 0.95744958617, 0.897960356857, 0.454867675844, 0.315346929225, 252.63
0.988612648862, 0.745194010023, 0.952917831022, 0.569305318004, 0.594502725179, 0.386290555847, 0.0387962698285, 0.97271669898, 0.835597562529, 0.085079008302, 0.416088873497, 0.895960694127, 0.585403092179, 0.980488892027, 0.107632052812, 0.272619274141, 252.63
0.816859891348, 0.87796392849, 0.656744400957, 0.746630639479, 0.633365050799, 0.0176161381987, 0.949169024172, 0.77533388234, 0.954722585356, 0.294748857229, 0.830120794371, 0.491293948098, 0.513257876923, 0.576110517557, 0.205692234335, 0.214957464174, 252.63
0.988612648862, 0.962760821428, 0.656744400957, 0.746630639479, 0.919470988266, 0.460220466189, 0.61132224956, 0.986444066639, 0.954722585356, 0.085079008302, 0.791377628829, 0.099307885831, 0.513257876923, 0.953653301563, 0.205692234335, 0.0923408304189, 252.63
0.995461168642, 0.949349870573, 0.952917831022, 0.584499414854, 0.858973455543, 0.460220466189, 0.0120829274948, 0.510769146309, 0.777617881251, 0.085079008302, 0.416088873497, 0.9056912251, 0.721109879762, 0.506871931588, 0.0461783594333, 0.45632298273, 252.63
0.605074612956, 0.977318182425, 0.952917831022, 0.569305318004, 0.909991364125, 0.446801414015, 0.61132224956, 0.77533388234, 0.514051244193, 0.206871947316, 0.0454967484521, 0.996765232657, 0.960394145561, 0.555219434685, 0.338394370596, 0.0322772390498, 252.63
0.988612648862, 0.969985259539, 0.656744400957, 0.921752659569, 0.565172696182, 0.460220466189, 0.949169024172, 0.921264002786, 0.99679604235, 0.330793316368, 0.791377628829, 0.36759343389, 0.513257876923, 0.953653301563, 0.205692234335, 0.341206158454, 252.63
0.582453292094, 0.921247548851, 0.813111186554, 0.746630639479, 0.633365050799, 0.014901146737, 0.997968761223, 0.853511000563, 0.888255563774, 0.294748857229, 0.861282218693, 0.455818015214, 0.513257876923, 0.953653301563, 0.205692234335, 0.0964230373808, 252.63
0.569719054882, 0.745194010023, 0.984493632509, 0.802394255626, 0.478039488487, 0.470241243775, 0.61132224956, 0.921264002786, 0.516655032259, 0.206871947316, 0.0492635141001, 0.924362380787, 0.971663103384, 0.870690580452, 0.338394370596, 0.152648365303, 252.63
0.988612648862, 0.924490077658, 0.918297196731, 0.579544323565, 0.941181872982, 0.0402383117738, 0.887998199696, 0.699175113368, 0.514051244193, 0.81593449836, 0.0812041586071, 0.389746902512, 0.933868552998, 0.942395669064, 0.0632710098692, 0.315346929225, 252.63
0.934021314097, 0.768838729527, 0.688961365145, 0.569305318004, 0.826649653865, 0.455402809064, 0.61132224956, 0.921264002786, 0.514051244193, 0.206871947316, 0.102482870621, 0.924362380787, 0.999844923033, 0.506871931588, 0.107632052812, 0.152648365303, 252.63
0.988612648862, 0.745194010023, 0.952917831022, 0.887209913363, 0.654580336242, 0.460220466189, 0.097028852793, 0.846311997722, 0.87647061232, 0.085079008302, 0.0258997979978, 0.895960694127, 0.721109879762, 0.897960356857, 0.3237298887, 0.272619274141, 252.63
0.657585152274, 0.745194010023, 0.952917831022, 0.584499414854, 0.987400918662, 0.460220466189, 0.684586741941, 0.973212348413, 0.87647061232, 0.085079008302, 0.416088873497, 0.895960694127, 0.585403092179, 0.555219434685, 0.19079868319, 0.143307866094, 252.63
0.990435623718, 0.921247548851, 0.656744400957, 0.921752659569, 0.633365050799, 0.460220466189, 0.949169024172, 0.932452616045, 0.954722585356, 0.294748857229, 0.791377628829, 0.36759343389, 0.513257876923, 0.953653301563, 0.205692234335, 0.214957464174, 252.63
0.848439915608, 0.734773349952, 0.656744400957, 0.859254780722, 0.505578051474, 0.0176161381987, 0.61132224956, 0.853511000563, 0.954722585356, 0.330793316368, 0.944372934251, 0.36759343389, 0.513257876923, 0.956554575769, 0.205692234335, 0.0923408304189, 252.63
0.505871424825, 0.964082291721, 0.846678863769, 0.579544323565, 0.919011831268, 0.0402383117738, 0.887998199696, 0.699175113368, 0.514051244193, 0.81593449836, 0.188174803893, 0.389746902512, 0.721109879762, 0.92312373213, 0.454867675844, 0.0705862477615, 252.63
0.953080499944, 0.745194010023, 0.952917831022, 0.569305318004, 0.858973455543, 0.134486007521, 0.097028852793, 0.510769146309, 0.920629267445, 0.0612478830344, 0.416088873497, 0.984423527977, 0.820356399514, 0.555219434685, 0.278826422882, 0.272619274141, 252.63
0.582453292094, 0.921247548851, 0.846678863769, 0.569305318004, 0.885089985546, 0.460220466189, 0.097028852793, 0.694429780201, 0.514051244193, 0.81593449836, 0.188174803893, 0.0509852303497, 0.95744958617, 0.897960356857, 0.454867675844, 0.272619274141, 252.63
0.582453292094, 0.643973545373, 0.589181364766, 0.690188655395, 0.735372952512, 0.134486007521, 0.0418447977298, 0.698631393439, 0.514051244193, 0.142297281825, 0.957832762998, 0.235848241569, 0.517145316001, 0.54861539968, 0.454867675844, 0.0705862477615, 252.63
0.57344350851, 0.964082291721, 0.968438724221, 0.584499414854, 0.858973455543, 0.381798015004, 0.684586741941, 0.837474523555, 0.516655032259, 0.227806789371, 0.494786187393, 0.895960694127, 0.703738031762, 0.555219434685, 0.0715433313529, 0.272619274141, 252.63
0.816859891348, 0.87796392849, 0.656744400957, 0.569305318004, 0.887064377465, 0.367877126314, 0.949169024172, 0.921264002786, 0.954722585356, 0.294748857229, 0.791377628829, 0.491293948098, 0.513257876923, 0.576110517557, 0.205692234335, 0.45632298273, 252.63
0.995461168642, 0.799514482101, 0.952917831022, 0.584499414854, 0.858973455543, 0.446801414015, 0.097028852793, 0.510769146309, 0.514051244193, 0.085079008302, 0.416088873497, 0.9056912251, 0.721109879762, 0.555219434685, 0.0482344709552, 0.214957464174, 252.63
0.988612648862, 0.969985259539, 0.656744400957, 0.681419530408, 0.505578051474, 0.460220466189, 0.949169024172, 0.921264002786, 0.998038841455, 0.294748857229, 0.527356508685, 0.36759343389, 0.513257876923, 0.953653301563, 0.205692234335, 0.214957464174, 252.63
0.801235638728, 0.768838729527, 0.99964031615, 0.569305318004, 0.858973455543, 0.460220466189, 0.0607197613383, 0.510769146309, 0.87647061232, 0.085079008302, 0.416088873497, 0.924362380787, 0.869612966935, 0.555219434685, 0.381997179697, 0.272619274141, 252.63
0.896908053772, 0.795283161145, 0.654473172691, 0.768217648215, 0.735372952512, 0.268472038626, 0.376651048272, 0.857201976848, 0.521193277501, 0.399275911646, 0.95779595787, 0.389746902512, 0.965183478608, 0.642377131582, 0.454867675844, 0.311386537177, 252.63
0.896908053772, 0.795283161145, 0.926195009647, 0.768217648215, 0.768941045649, 0.268472038626, 0.695802572376, 0.857201976848, 0.521586313738, 0.399275911646, 0.95779595787, 0.389746902512, 0.930330227357, 0.510373751841, 0.454867675844, 8.52270634156e-05, 252.63
0.934021314097, 0.768838729527, 0.688961365145, 0.569305318004, 0.831708322789, 0.455402809064, 0.61132224956, 0.921264002786, 0.514051244193, 0.206871947316, 0.102482870621, 0.924362380787, 0.960394145561, 0.506871931588, 0.451327018924, 0.152648365303, 252.63
0.657585152274, 0.745194010023, 0.952917831022, 0.584499414854, 0.987400918662, 0.460220466189, 0.684586741941, 0.973212348413, 0.87647061232, 0.085079008302, 0.416088873497, 0.895960694127, 0.585403092179, 0.555219434685, 0.19079868319, 0.143307866094, 252.63
0.848439915608, 0.921247548851, 0.656744400957, 0.746630639479, 0.633365050799, 0.460220466189, 0.949169024172, 0.77533388234, 0.954722585356, 0.330793316368, 0.791377628829, 0.36759343389, 0.513257876923, 0.953653301563, 0.205692234335, 0.214957464174, 252.63
0.990435623718, 0.734773349952, 0.656744400957, 0.921752659569, 0.505578051474, 0.0176161381987, 0.61132224956, 0.853511000563, 0.954722585356, 0.294748857229, 0.861282218693, 0.36759343389, 0.513257876923, 0.953653301563, 0.205692234335, 0.0923408304189, 252.63
0.582453292094, 0.921247548851, 0.90174605935, 0.569305318004, 0.814894995018, 0.0402383117738, 0.097028852793, 0.699175113368, 0.514051244193, 0.81593449836, 0.321357366336, 0.389746902512, 0.95744958617, 0.897960356857, 0.454867675844, 0.315346929225, 252.63
0.988612648862, 0.745194010023, 0.952917831022, 0.723499905946, 0.594502725179, 0.460220466189, 0.887998199696, 0.97271669898, 0.937255483058, 0.085079008302, 0.416088873497, 0.895960694127, 0.585403092179, 0.76976085696, 0.107632052812, 0.272619274141, 252.63
0.712622334717, 0.768838729527, 0.957509816423, 0.911432953504, 0.826958586335, 0.0835444469812, 0.691454524437, 0.592155560468, 0.989139515338, 0.206871947316, 0.0492635141001, 0.924362380787, 0.57395883329, 0.506871931588, 0.338394370596, 0.152648365303, 252.63
0.934021314097, 0.616020047244, 0.688961365145, 0.746630639479, 0.826649653865, 0.362045624439, 0.851201588659, 0.633974861855, 0.514051244193, 0.206871947316, 0.102482870621, 0.989217965663, 0.960394145561, 0.506871931588, 0.107632052812, 0.152648365303, 252.63
0.816859891348, 0.87796392849, 0.656744400957, 0.569305318004, 0.887064377465, 0.367877126314, 0.949169024172, 0.921264002786, 0.954722585356, 0.294748857229, 0.791377628829, 0.491293948098, 0.513257876923, 0.576110517557, 0.0482344709552, 0.214957464174, 252.63
0.995461168642, 0.768838729527, 0.952917831022, 0.584499414854, 0.858973455543, 0.446801414015, 0.097028852793, 0.510769146309, 0.514051244193, 0.085079008302, 0.416088873497, 0.9056912251, 0.721109879762, 0.555219434685, 0.205692234335, 0.45632298273, 252.63
0.988612648862, 0.969985259539, 0.656744400957, 0.681419530408, 0.505578051474, 0.460220466189, 0.61132224956, 0.921264002786, 0.998038841455, 0.294748857229, 0.527356508685, 0.36759343389, 0.513257876923, 0.953653301563, 0.205692234335, 0.261415325442, 252.63
0.848439915608, 0.924490077658, 0.982303827138, 0.827687463135, 0.919011831268, 0.0402383117738, 0.697686684716, 0.575814889862, 0.514051244193, 0.81593449836, 0.0998520471124, 0.389746902512, 0.789054261524, 0.92312373213, 0.454867675844, 0.0923408304189, 252.63
0.869006625867, 0.755223369259, 0.846678863769, 0.802394255626, 0.826649653865, 0.0835444469812, 0.61132224956, 0.921264002786, 0.516655032259, 0.206871947316, 0.0492635141001, 0.924362380787, 0.971663103384, 0.793069193775, 0.338394370596, 0.152648365303, 252.63
0.801235638728, 0.768838729527, 0.997515286777, 0.569305318004, 0.858973455543, 0.460220466189, 0.0607197613383, 0.510769146309, 0.87647061232, 0.085079008302, 0.416088873497, 0.924362380787, 0.721109879762, 0.555219434685, 0.381997179697, 0.272619274141, 252.63
