0.743128083602, 0.685069858039, 0.936541386627, 0.311252413133, 0.918907108062, 0.355871871521, 0.376651048272, 0.107253090485, 0.531039629372, 0.0877037774813, 0.0360359583176, 0.582808598395, 0.999314620837, 0.927739571644, 0.0432652067241, 0.367386219079, 247.483
0.743128083602, 0.685069858039, 0.654473172691, 0.126758384096, 0.949384713995, 0.355871871521, 0.376651048272, 0.107253090485, 0.62978219632, 0.0817619137094, 0.0360359583176, 0.586608551594, 0.993390864085, 0.927739571644, 0.371243635136, 0.180543393129, 247.483
0.743128083602, 0.685069858039, 0.654473172691, 2.09152228868e-05, 0.18407077117, 0.355871871521, 0.84038323784, 0.107253090485, 0.746803392184, 0.153334279612, 0.0360359583176, 0.988628172893, 0.999314620837, 0.935190660333, 0.0159326003902, 0.180543393129, 247.483
0.743128083602, 0.685069858039, 0.654473172691, 0.126758384096, 0.918907108062, 0.355871871521, 0.376651048272, 0.0966025113759, 0.531039629372, 0.153334279612, 0.0259071158146, 0.563516068461, 0.520869398138, 0.927739571644, 0.371243635136, 0.180543393129, 247.483
0.934021314097, 0.616020047244, 0.688961365145, 0.861260146173, 0.949384713995, 0.263799269267, 0.767373665062, 0.22406881358, 0.794698374226, 0.437870868423, 0.102482870621, 0.988628172893, 0.721649539892, 0.506871931588, 0.107632052812, 0.0107935413869, 247.483
0.869508217965, 0.546802324223, 0.788127973343, 0.00165493924537, 0.826958586335, 0.355871871521, 0.851201588659, 0.107253090485, 0.746803392184, 0.153334279612, 0.00122442537757, 0.586608551594, 0.94088084637, 0.927739571644, 0.47478431594, 0.144828926947, 247.483
0.842181690146, 0.851811787255, 0.654473172691, 0.126758384096, 0.949384713995, 0.355871871521, 0.0643251497775, 0.107253090485, 0.553345834183, 0.153334279612, 0.041079167902, 0.988628172893, 0.94088084637, 0.927739571644, 0.454867675844, 0.180543393129, 247.483
0.81043302666, 0.685069858039, 0.654473172691, 0.126758384096, 0.18407077117, 0.355871871521, 0.376651048272, 0.107253090485, 0.531039629372, 0.153334279612, 0.041079167902, 0.888916131526, 0.987352424182, 0.999677473457, 0.454867675844, 0.180543393129, 247.483
0.902232553261, 0.685069858039, 0.654473172691, 0.126758384096, 0.438344373292, 0.355871871521, 0.146912998802, 0.107253090485, 0.8820188049, 0.153334279612, 0.0360359583176, 0.924362380787, 0.94088084637, 0.927739571644, 0.371243635136, 0.132435609896, 247.483
0.962049812544, 0.768838729527, 0.953337659709, 0.911432953504, 0.826958586335, 0.0835444469812, 0.691454524437, 0.185545072197, 0.989139515338, 0.206871947316, 0.0492635141001, 0.988628172893, 0.989749385568, 0.552817080614, 0.454867675844, 0.152648365303, 247.483
0.743128083602, 0.685069858039, 0.688961365145, 0.872749706441, 0.826958586335, 0.263799269267, 0.0607197613383, 0.22406881358, 0.514051244193, 0.206871947316, 0.102482870621, 0.989217965663, 0.960394145561, 0.660801756022, 0.107632052812, 0.152648365303, 247.483
0.801235638728, 0.616020047244, 0.654473172691, 0.0765310951888, 0.918907108062, 0.355871871521, 0.376651048272, 0.107253090485, 0.531039629372, 0.153334279612, 0.0360359583176, 0.988628172893, 0.999314620837, 0.927739571644, 0.0373899052615, 0.367386219079, 247.483
0.801235638728, 0.685069858039, 0.654473172691, 0.077636853152, 0.918907108062, 0.355871871521, 0.376651048272, 0.107253090485, 0.531039629372, 0.153334279612, 0.0360359583176, 0.563516068461, 0.520869398138, 0.927739571644, 0.371243635136, 0.180543393129, 247.483
0.743128083602, 0.616020047244, 0.688961365145, 0.940352456175, 0.826958586335, 0.279003615582, 0.520944197839, 0.22406881358, 0.746803392184, 0.206871947316, 0.0526633057627, 0.586608551594, 0.854679900746, 0.576269958417, 0.104207693267, 0.152648365303, 247.483
0.869508217965, 0.871467095678, 0.654473172691, 0.126758384096, 0.949384713995, 0.355871871521, 0.851201588659, 0.107253090485, 0.794698374226, 0.153334279612, 0.00122442537757, 0.988628172893, 0.94088084637, 0.927739571644, 0.47478431594, 0.111716216903, 247.483
0.743128083602, 0.851811787255, 0.628496877634, 0.126758384096, 0.974719898409, 0.355871871521, 0.294240367577, 0.0513209453006, 0.513938335195, 0.153334279612, 0.041079167902, 0.888916131526, 0.94088084637, 0.927739571644, 0.0117554088032, 0.180543393129, 247.483
0.743128083602, 0.685069858039, 0.654473172691, 0.0417557996033, 0.918907108062, 0.355871871521, 0.164101640972, 0.107253090485, 0.746803392184, 0.153334279612, 0.0093889995926, 0.988628172893, 0.999314620837, 0.999677473457, 0.454867675844, 0.180543393129, 247.483
0.934021314097, 0.768838729527, 0.992011606633, 0.126758384096, 0.410071622154, 0.178110730137, 0.691454524437, 0.185545072197, 0.989139515338, 0.206871947316, 0.0492635141001, 0.924362380787, 0.989749385568, 0.506871931588, 0.338394370596, 0.152648365303, 247.483
0.87949676838, 0.616020047244, 0.688961365145, 0.861549432551, 0.826958586335, 0.263799269267, 0.0607197613383, 0.22406881358, 0.86977203886, 0.206871947316, 0.0820732992605, 0.852129550012, 0.960394145561, 0.94465057937, 0.107632052812, 0.018795855662, 247.483
0.953080499944, 0.805660090689, 0.952917831022, 0.569305318004, 0.858973455543, 0.210945138525, 0.0222350159597, 0.384126840154, 0.514051244193, 0.0612478830344, 0.416088873497, 0.984423527977, 0.820356399514, 0.555219434685, 0.493643979222, 0.340161626668, 247.483
0.743128083602, 0.685069858039, 0.936541386627, 0.0765310951888, 0.918907108062, 0.355871871521, 0.376651048272, 0.107253090485, 0.531039629372, 0.0249107495985, 0.0360359583176, 0.988628172893, 0.999314620837, 0.927739571644, 0.0432652067241, 0.367386219079, 247.483
0.743128083602, 0.685069858039, 0.654473172691, 0.126758384096, 0.918907108062, 0.355871871521, 0.520944197839, 0.107253090485, 0.560323714995, 0.153334279612, 0.0259071158146, 0.563516068461, 0.520869398138, 0.927739571644, 0.371243635136, 0.180543393129, 247.483
0.934021314097, 0.616020047244, 0.688961365145, 0.861260146173, 0.949384713995, 0.263799269267, 0.107641086186, 0.22406881358, 0.794698374226, 0.260591133417, 0.102482870621, 0.988628172893, 0.960394145561, 0.506871931588, 0.107632052812, 0.0405710897543, 247.483
0.869508217965, 0.546802324223, 0.654473172691, 0.00165493924537, 0.826958586335, 0.355871871521, 0.851201588659, 0.107253090485, 0.746803392184, 0.153334279612, 0.00122442537757, 0.586608551594, 0.94088084637, 0.927739571644, 0.47478431594, 0.180543393129, 247.483
0.743128083602, 0.615608068111, 0.788127973343, 0.126758384096, 0.966738540258, 0.355871871521, 0.11175970782, 0.107253090485, 0.513938335195, 0.153334279612, 0.041079167902, 0.988628172893, 0.94088084637, 0.927739571644, 0.454867675844, 0.144828926947, 247.483
0.81043302666, 0.685069858039, 0.654473172691, 0.126758384096, 0.18407077117, 0.326719943845, 0.376651048272, 0.107253090485, 0.531039629372, 0.153334279612, 0.041079167902, 0.888916131526, 0.969555477515, 0.999677473457, 0.454867675844, 0.180543393129, 247.483
0.902232553261, 0.685069858039, 0.654473172691, 0.126758384096, 0.953195452064, 0.355871871521, 0.376651048272, 0.107253090485, 0.8820188049, 0.153334279612, 0.0360359583176, 0.988628172893, 0.94088084637, 0.927739571644, 0.371243635136, 0.132435609896, 247.483
0.934021314097, 0.768838729527, 0.953337659709, 0.911432953504, 0.826958586335, 0.263799269267, 0.691454524437, 0.185545072197, 0.926354952842, 0.206871947316, 0.0492635141001, 0.924362380787, 0.989749385568, 0.552817080614, 0.454867675844, 0.152511868766, 247.483
0.801235638728, 0.616020047244, 0.688961365145, 0.861549432551, 0.864956156811, 0.0835444469812, 0.0607197613383, 0.22406881358, 0.514051244193, 0.206871947316, 0.102482870621, 0.989217965663, 0.960394145561, 0.660801756022, 0.107632052812, 0.152648365303, 247.483
0.743128083602, 0.685069858039, 0.654473172691, 0.0765310951888, 0.918907108062, 0.355871871521, 0.376651048272, 0.107253090485, 0.531039629372, 0.153334279612, 0.0360359583176, 0.988628172893, 0.999314620837, 0.927739571644, 0.0432652067241, 0.367386219079, 247.483
0.743128083602, 0.973707785907, 0.654473172691, 2.09152228868e-05, 0.18407077117, 0.196514641845, 0.713773967249, 0.107253090485, 0.746803392184, 0.153334279612, 0.0360359583176, 0.988628172893, 0.999314620837, 0.975755921637, 0.0166882786126, 0.180543393129, 247.483
0.801235638728, 0.685069858039, 0.654473172691, 0.077636853152, 0.918907108062, 0.355871871521, 0.376651048272, 0.107253090485, 0.87647061232, 0.153334279612, 0.0360359583176, 0.563516068461, 0.520869398138, 0.927739571644, 0.371243635136, 0.086017797554, 247.483
0.743128083602, 0.94289935679, 0.997515286777, 0.569305318004, 0.858973455543, 0.460220466189, 0.126789624537, 0.217554640643, 0.531039629372, 0.246261803028, 0.416088873497, 0.799199837203, 0.7950673013, 0.555219434685, 0.338394370596, 0.272619274141, 247.483
0.869508217965, 0.871467095678, 0.654473172691, 0.126758384096, 0.826958586335, 0.355871871521, 0.851201588659, 0.107253090485, 0.794698374226, 0.153334279612, 0.00122442537757, 0.988628172893, 0.94088084637, 0.927739571644, 0.47478431594, 0.111716216903, 247.483
0.81043302666, 0.685069858039, 0.654473172691, 0.126758384096, 0.684429530685, 0.355871871521, 0.376651048272, 0.107253090485, 0.531039629372, 0.480619554219, 0.0646487834139, 0.888916131526, 0.969555477515, 0.999677473457, 0.454867675844, 0.180543393129, 247.483
0.743128083602, 0.685069858039, 0.864986532582, 0.126758384096, 0.918907108062, 0.355871871521, 0.376651048272, 0.107253090485, 0.840572741905, 0.153334279612, 0.0360359583176, 0.997123525245, 0.94088084637, 0.927739571644, 0.371243635136, 0.132435609896, 247.483
0.934021314097, 0.768838729527, 0.957509816423, 0.126758384096, 0.858973455543, 0.178110730137, 0.691454524437, 0.185545072197, 0.989139515338, 0.206871947316, 0.0492635141001, 0.924362380787, 0.989749385568, 0.506871931588, 0.338394370596, 0.152648365303, 247.483
0.934021314097, 0.755223369259, 0.997515286777, 0.253418169717, 0.410071622154, 0.460220466189, 0.851201588659, 0.217554640643, 0.803363061491, 0.085079008302, 0.416088873497, 0.587643890506, 0.721109879762, 0.555219434685, 0.381997179697, 0.0346418142135, 247.483
0.801235638728, 0.616020047244, 0.688961365145, 0.896750974602, 0.826958586335, 0.236141306245, 0.0607197613383, 0.0862632768451, 0.86977203886, 0.183940481462, 0.0820732992605, 0.852129550012, 0.960394145561, 0.660801756022, 0.107632052812, 0.152648365303, 247.483
0.953080499944, 0.805660090689, 0.952917831022, 0.569305318004, 0.956426877669, 0.210945138525, 0.0222350159597, 0.384126840154, 0.514051244193, 0.0612478830344, 0.416088873497, 0.984423527977, 0.820356399514, 0.555219434685, 0.438047692933, 0.340161626668, 247.483
0.743128083602, 0.685069858039, 0.936541386627, 0.311252413133, 0.918907108062, 0.355871871521, 0.376651048272, 0.107253090485, 0.531039629372, 0.0877037774813, 0.0360359583176, 0.582808598395, 0.999314620837, 0.927739571644, 0.0432652067241, 0.367386219079, 247.483
0.743128083602, 0.685069858039, 0.654473172691, 0.126758384096, 0.949384713995, 0.355871871521, 0.376651048272, 0.107253090485, 0.62978219632, 0.0817619137094, 0.0360359583176, 0.586608551594, 0.993390864085, 0.927739571644, 0.371243635136, 0.180543393129, 247.483
0.743128083602, 0.685069858039, 0.654473172691, 2.09152228868e-05, 0.18407077117, 0.355871871521, 0.84038323784, 0.107253090485, 0.746803392184, 0.153334279612, 0.0360359583176, 0.988628172893, 0.999314620837, 0.935190660333, 0.0159326003902, 0.180543393129, 247.483
0.743128083602, 0.685069858039, 0.654473172691, 0.126758384096, 0.918907108062, 0.355871871521, 0.376651048272, 0.0966025113759, 0.531039629372, 0.153334279612, 0.0259071158146, 0.563516068461, 0.520869398138, 0.927739571644, 0.371243635136, 0.180543393129, 247.483
0.934021314097, 0.616020047244, 0.688961365145, 0.861260146173, 0.949384713995, 0.263799269267, 0.767373665062, 0.22406881358, 0.794698374226, 0.437870868423, 0.102482870621, 0.988628172893, 0.721649539892, 0.506871931588, 0.107632052812, 0.0107935413869, 247.483
0.869508217965, 0.546802324223, 0.788127973343, 0.00165493924537, 0.826958586335, 0.355871871521, 0.851201588659, 0.107253090485, 0.746803392184, 0.153334279612, 0.00122442537757, 0.586608551594, 0.94088084637, 0.927739571644, 0.47478431594, 0.144828926947, 247.483
0.842181690146, 0.851811787255, 0.654473172691, 0.126758384096, 0.949384713995, 0.355871871521, 0.0643251497775, 0.107253090485, 0.553345834183, 0.153334279612, 0.041079167902, 0.988628172893, 0.94088084637, 0.927739571644, 0.454867675844, 0.180543393129, 247.483
0.81043302666, 0.685069858039, 0.654473172691, 0.126758384096, 0.18407077117, 0.355871871521, 0.376651048272, 0.107253090485, 0.531039629372, 0.153334279612, 0.041079167902, 0.888916131526, 0.987352424182, 0.999677473457, 0.454867675844, 0.180543393129, 247.483
0.902232553261, 0.685069858039, 0.654473172691, 0.126758384096, 0.438344373292, 0.355871871521, 0.146912998802, 0.107253090485, 0.8820188049, 0.153334279612, 0.0360359583176, 0.924362380787, 0.94088084637, 0.927739571644, 0.371243635136, 0.132435609896, 247.483
0.962049812544, 0.768838729527, 0.953337659709, 0.911432953504, 0.826958586335, 0.0835444469812, 0.691454524437, 0.185545072197, 0.989139515338, 0.206871947316, 0.0492635141001, 0.988628172893, 0.989749385568, 0.552817080614, 0.454867675844, 0.152648365303, 247.483
0.743128083602, 0.685069858039, 0.688961365145, 0.872749706441, 0.826958586335, 0.263799269267, 0.0607197613383, 0.22406881358, 0.514051244193, 0.206871947316, 0.102482870621, 0.989217965663, 0.960394145561, 0.660801756022, 0.107632052812, 0.152648365303, 247.483
0.801235638728, 0.616020047244, 0.654473172691, 0.0765310951888, 0.918907108062, 0.355871871521, 0.376651048272, 0.107253090485, 0.531039629372, 0.153334279612, 0.0360359583176, 0.988628172893, 0.999314620837, 0.927739571644, 0.0373899052615, 0.367386219079, 247.483
0.801235638728, 0.685069858039, 0.654473172691, 0.077636853152, 0.918907108062, 0.355871871521, 0.376651048272, 0.107253090485, 0.531039629372, 0.153334279612, 0.0360359583176, 0.563516068461, 0.520869398138, 0.927739571644, 0.371243635136, 0.180543393129, 247.483
0.743128083602, 0.616020047244, 0.688961365145, 0.940352456175, 0.826958586335, 0.279003615582, 0.520944197839, 0.22406881358, 0.746803392184, 0.206871947316, 0.0526633057627, 0.586608551594, 0.854679900746, 0.576269958417, 0.104207693267, 0.152648365303, 247.483
0.869508217965, 0.871467095678, 0.654473172691, 0.126758384096, 0.949384713995, 0.355871871521, 0.851201588659, 0.107253090485, 0.794698374226, 0.153334279612, 0.00122442537757, 0.988628172893, 0.94088084637, 0.927739571644, 0.47478431594, 0.111716216903, 247.483
0.743128083602, 0.851811787255, 0.628496877634, 0.126758384096, 0.974719898409, 0.355871871521, 0.294240367577, 0.0513209453006, 0.513938335195, 0.153334279612, 0.041079167902, 0.888916131526, 0.94088084637, 0.927739571644, 0.0117554088032, 0.180543393129, 247.483
0.743128083602, 0.685069858039, 0.654473172691, 0.0417557996033, 0.918907108062, 0.355871871521, 0.164101640972, 0.107253090485, 0.746803392184, 0.153334279612, 0.0093889995926, 0.988628172893, 0.999314620837, 0.999677473457, 0.454867675844, 0.180543393129, 247.483
0.934021314097, 0.768838729527, 0.992011606633, 0.126758384096, 0.410071622154, 0.178110730137, 0.691454524437, 0.185545072197, 0.989139515338, 0.206871947316, 0.0492635141001, 0.924362380787, 0.989749385568, 0.506871931588, 0.338394370596, 0.152648365303, 247.483
0.87949676838, 0.616020047244, 0.688961365145, 0.861549432551, 0.826958586335, 0.263799269267, 0.0607197613383, 0.22406881358, 0.86977203886, 0.206871947316, 0.0820732992605, 0.852129550012, 0.960394145561, 0.94465057937, 0.107632052812, 0.018795855662, 247.483
0.953080499944, 0.805660090689, 0.952917831022, 0.569305318004, 0.858973455543, 0.210945138525, 0.0222350159597, 0.384126840154, 0.514051244193, 0.0612478830344, 0.416088873497, 0.984423527977, 0.820356399514, 0.555219434685, 0.493643979222, 0.340161626668, 247.483
0.743128083602, 0.685069858039, 0.936541386627, 0.0765310951888, 0.918907108062, 0.355871871521, 0.376651048272, 0.107253090485, 0.531039629372, 0.0249107495985, 0.0360359583176, 0.988628172893, 0.999314620837, 0.927739571644, 0.0432652067241, 0.367386219079, 247.483
0.743128083602, 0.685069858039, 0.654473172691, 0.126758384096, 0.918907108062, 0.355871871521, 0.520944197839, 0.107253090485, 0.560323714995, 0.153334279612, 0.0259071158146, 0.563516068461, 0.520869398138, 0.927739571644, 0.371243635136, 0.180543393129, 247.483
0.934021314097, 0.616020047244, 0.688961365145, 0.861260146173, 0.949384713995, 0.263799269267, 0.107641086186, 0.22406881358, 0.794698374226, 0.260591133417, 0.102482870621, 0.988628172893, 0.960394145561, 0.506871931588, 0.107632052812, 0.0405710897543, 247.483
0.869508217965, 0.546802324223, 0.654473172691, 0.00165493924537, 0.826958586335, 0.355871871521, 0.851201588659, 0.107253090485, 0.746803392184, 0.153334279612, 0.00122442537757, 0.586608551594, 0.94088084637, 0.927739571644, 0.47478431594, 0.180543393129, 247.483
0.743128083602, 0.615608068111, 0.788127973343, 0.126758384096, 0.966738540258, 0.355871871521, 0.11175970782, 0.107253090485, 0.513938335195, 0.153334279612, 0.041079167902, 0.988628172893, 0.94088084637, 0.927739571644, 0.454867675844, 0.144828926947, 247.483
0.81043302666, 0.685069858039, 0.654473172691, 0.126758384096, 0.18407077117, 0.326719943845, 0.376651048272, 0.107253090485, 0.531039629372, 0.153334279612, 0.041079167902, 0.888916131526, 0.969555477515, 0.999677473457, 0.454867675844, 0.180543393129, 247.483
0.902232553261, 0.685069858039, 0.654473172691, 0.126758384096, 0.953195452064, 0.355871871521, 0.376651048272, 0.107253090485, 0.8820188049, 0.153334279612, 0.0360359583176, 0.988628172893, 0.94088084637, 0.927739571644, 0.371243635136, 0.132435609896, 247.483
0.934021314097, 0.768838729527, 0.953337659709, 0.911432953504, 0.826958586335, 0.263799269267, 0.691454524437, 0.185545072197, 0.926354952842, 0.206871947316, 0.0492635141001, 0.924362380787, 0.989749385568, 0.552817080614, 0.454867675844, 0.152511868766, 247.483
0.801235638728, 0.616020047244, 0.688961365145, 0.861549432551, 0.864956156811, 0.0835444469812, 0.0607197613383, 0.22406881358, 0.514051244193, 0.206871947316, 0.102482870621, 0.989217965663, 0.960394145561, 0.660801756022, 0.107632052812, 0.152648365303, 247.483
0.743128083602, 0.685069858039, 0.654473172691, 0.0765310951888, 0.918907108062, 0.355871871521, 0.376651048272, 0.107253090485, 0.531039629372, 0.153334279612, 0.0360359583176, 0.988628172893, 0.999314620837, 0.927739571644, 0.0432652067241, 0.367386219079, 247.483
0.743128083602, 0.973707785907, 0.654473172691, 2.09152228868e-05, 0.18407077117, 0.196514641845, 0.713773967249, 0.107253090485, 0.746803392184, 0.153334279612, 0.0360359583176, 0.988628172893, 0.999314620837, 0.975755921637, 0.0166882786126, 0.180543393129, 247.483
0.801235638728, 0.685069858039, 0.654473172691, 0.077636853152, 0.918907108062, 0.355871871521, 0.376651048272, 0.107253090485, 0.87647061232, 0.153334279612, 0.0360359583176, 0.563516068461, 0.520869398138, 0.927739571644, 0.371243635136, 0.086017797554, 247.483
0.743128083602, 0.94289935679, 0.997515286777, 0.569305318004, 0.858973455543, 0.460220466189, 0.126789624537, 0.217554640643, 0.531039629372, 0.246261803028, 0.416088873497, 0.799199837203, 0.7950673013, 0.555219434685, 0.338394370596, 0.272619274141, 247.483
0.869508217965, 0.871467095678, 0.654473172691, 0.126758384096, 0.826958586335, 0.355871871521, 0.851201588659, 0.107253090485, 0.794698374226, 0.153334279612, 0.00122442537757, 0.988628172893, 0.94088084637, 0.927739571644, 0.47478431594, 0.111716216903, 247.483
0.81043302666, 0.685069858039, 0.654473172691, 0.126758384096, 0.684429530685, 0.355871871521, 0.376651048272, 0.107253090485, 0.531039629372, 0.480619554219, 0.0646487834139, 0.888916131526, 0.969555477515, 0.999677473457, 0.454867675844, 0.180543393129, 247.483
0.743128083602, 0.685069858039, 0.864986532582, 0.126758384096, 0.918907108062, 0.355871871521, 0.376651048272, 0.107253090485, 0.840572741905, 0.153334279612, 0.0360359583176, 0.997123525245, 0.94088084637, 0.927739571644, 0.371243635136, 0.132435609896, 247.483
0.934021314097, 0.768838729527, 0.957509816423, 0.126758384096, 0.858973455543, 0.178110730137, 0.691454524437, 0.185545072197, 0.989139515338, 0.206871947316, 0.0492635141001, 0.924362380787, 0.989749385568, 0.506871931588, 0.338394370596, 0.152648365303, 247.483
0.934021314097, 0.755223369259, 0.997515286777, 0.253418169717, 0.410071622154, 0.460220466189, 0.851201588659, 0.217554640643, 0.803363061491, 0.085079008302, 0.416088873497, 0.587643890506, 0.721109879762, 0.555219434685, 0.381997179697, 0.0346418142135, 247.483
0.801235638728, 0.616020047244, 0.688961365145, 0.896750974602, 0.826958586335, 0.236141306245, 0.0607197613383, 0.0862632768451, 0.86977203886, 0.183940481462, 0.0820732992605, 0.852129550012, 0.960394145561, 0.660801756022, 0.107632052812, 0.152648365303, 247.483
0.953080499944, 0.805660090689, 0.952917831022, 0.569305318004, 0.956426877669, 0.210945138525, 0.0222350159597, 0.384126840154, 0.514051244193, 0.0612478830344, 0.416088873497, 0.984423527977, 0.820356399514, 0.555219434685, 0.438047692933, 0.340161626668, 247.483
0.936282317751, 0.870587251656, 0.995001899377, 0.414039141039, 0.693133966101, 0.402663656115, 0.319133547307, 0.113254030062, 0.521193277501, 0.81593449836, 0.242189643774, 0.212292694629, 0.733989265971, 0.74836016708, 0.194653479674, 0.386885913263, 249.497
0.582453292094, 0.921247548851, 0.580357360169, 0.0626721408992, 0.955344522976, 0.0914019231163, 0.0727592831082, 0.116743209107, 0.76071902702, 0.81593449836, 0.256499706518, 0.292562643216, 0.614326897792, 0.719576956927, 0.0360318733999, 0.178744247358, 249.497
0.893194787517, 0.687035271741, 0.994255492893, 0.168882050535, 0.768941045649, 0.49080101583, 0.319133547307, 0.00990525408982, 0.667968840652, 0.669663734323, 0.242189643774, 0.389746902512, 0.733989265971, 0.74836016708, 0.194653479674, 0.358523049798, 249.497
0.986162432597, 0.687035271741, 0.998149860219, 0.240614822627, 0.768941045649, 0.0411011282324, 0.319133547307, 0.00990525408982, 0.887644659583, 0.81593449836, 0.242189643774, 0.389931232827, 0.733989265971, 0.74836016708, 0.194653479674, 0.391870518762, 249.497
0.582453292094, 0.53875756886, 0.630008506307, 0.240614822627, 0.921712512247, 0.428638406925, 0.354019098627, 0.382211859874, 0.76071902702, 0.81593449836, 0.256499706518, 0.292562643216, 0.733989265971, 0.824577366397, 0.0307390235903, 0.431792160446, 249.497
0.936282317751, 0.687035271741, 0.856733819427, 0.240614822627, 0.768941045649, 0.149456571366, 0.319133547307, 0.00990525408982, 0.521193277501, 0.81593449836, 0.242189643774, 0.389746902512, 0.789054261524, 0.74836016708, 0.194653479674, 0.433687633936, 249.497
0.896908053772, 0.687035271741, 0.994255492893, 0.768217648215, 0.436092036696, 0.268472038626, 0.161522780569, 0.4858546736, 0.716290363001, 0.399275911646, 0.962208494986, 0.389746902512, 0.733989265971, 0.642377131582, 0.187127599078, 0.359240991237, 249.497
0.797568643704, 0.687035271741, 0.994255492893, 0.240614822627, 0.768941045649, 0.149456571366, 0.319133547307, 0.00990525408982, 0.521193277501, 0.81593449836, 0.242189643774, 0.389931232827, 0.733989265971, 0.758901366052, 0.194653479674, 0.391870518762, 249.497
0.582453292094, 0.53875756886, 0.630008506307, 0.0587160524362, 0.884658953988, 0.428638406925, 0.354019098627, 0.382211859874, 0.76071902702, 0.81593449836, 0.256499706518, 0.292562643216, 0.789054261524, 0.719576956927, 0.0254010951005, 0.431792160446, 249.497
0.936282317751, 0.870587251656, 0.995001899377, 0.240614822627, 0.768941045649, 0.314150259264, 0.319133547307, 0.113254030062, 0.521193277501, 0.81593449836, 0.242189643774, 0.212292694629, 0.843111057761, 0.74836016708, 0.194653479674, 0.386885913263, 249.497
0.936282317751, 0.687035271741, 0.856733819427, 0.385141701514, 0.768941045649, 0.149456571366, 0.250691066498, 0.00990525408982, 0.809179942628, 0.81593449836, 0.201272660253, 0.389746902512, 0.789054261524, 0.633697005474, 0.194653479674, 0.433687633936, 249.497
0.936282317751, 0.687035271741, 0.995001899377, 0.168882050535, 0.768941045649, 0.314150259264, 0.245443724692, 0.00555572184427, 0.521193277501, 0.81593449836, 0.242189643774, 0.212292694629, 0.733989265971, 0.633312329783, 0.194653479674, 0.418104145833, 249.497
0.582453292094, 0.921247548851, 0.723634685376, 0.240614822627, 0.884658953988, 0.217311573744, 0.262522206059, 0.382211859874, 0.76071902702, 0.81593449836, 0.256499706518, 0.292562643216, 0.789054261524, 0.719576956927, 0.0307390235903, 0.431792160446, 249.497
0.582453292094, 0.53875756886, 0.580357360169, 0.18429452742, 0.33249565909, 0.0914019231163, 0.0727592831082, 0.116743209107, 0.76071902702, 0.675954926632, 0.256499706518, 0.292562643216, 0.614326897792, 0.719576956927, 0.0360318733999, 0.110190168491, 249.497
0.936282317751, 0.870587251656, 0.995001899377, 0.168882050535, 0.693133966101, 0.314150259264, 0.319133547307, 0.113254030062, 0.667968840652, 0.998253547684, 0.242189643774, 0.212292694629, 0.733989265971, 0.74836016708, 0.194653479674, 0.386885913263, 249.497
0.936282317751, 0.999617495933, 0.994255492893, 0.240614822627, 0.549260450491, 0.149456571366, 0.319133547307, 0.00990525408982, 0.521193277501, 0.669663734323, 0.242189643774, 0.389746902512, 0.733989265971, 0.74836016708, 0.194653479674, 0.358523049798, 249.497
0.986162432597, 0.687035271741, 0.996874198235, 0.240614822627, 0.801041653845, 0.0411011282324, 0.319133547307, 0.00990525408982, 0.887644659583, 0.81593449836, 0.242189643774, 0.389931232827, 0.733989265971, 0.74836016708, 0.194653479674, 0.391870518762, 249.497
0.582453292094, 0.53875756886, 0.630008506307, 0.240614822627, 0.921712512247, 0.428638406925, 0.354019098627, 0.382211859874, 0.76071902702, 0.81593449836, 0.256499706518, 0.292562643216, 0.733989265971, 0.824577366397, 0.0307390235903, 0.431792160446, 249.497
0.936282317751, 0.795283161145, 0.856733819427, 0.240614822627, 0.768941045649, 0.149456571366, 0.319133547307, 0.00170089060081, 0.521193277501, 0.81593449836, 0.0915502325944, 0.389931232827, 0.789054261524, 0.74836016708, 0.194653479674, 0.391870518762, 249.497
0.797568643704, 0.687035271741, 0.994255492893, 0.240614822627, 0.768941045649, 0.149456571366, 0.319133547307, 0.00990525408982, 0.521193277501, 0.81593449836, 0.242189643774, 0.389931232827, 0.789054261524, 0.758901366052, 0.194653479674, 0.391870518762, 249.497
