0.688901805566, 0.978393608985, 0.701151565808, 0.0914901313366, 0.616375409397, 0.458102115209, 0.693396974207, 0.181772454408, 0.632193705704, 0.74367555391, 0.138312166051, 0.414275890792, 0.538031101459, 0.880891036635, 0.149790812725, 0.116558205022, 249.73
0.688901805566, 0.978393608985, 0.701151565808, 0.0914901313366, 0.616375409397, 0.458102115209, 0.693396974207, 0.181772454408, 0.632193705704, 0.74367555391, 0.138312166051, 0.414275890792, 0.538031101459, 0.880891036635, 0.149790812725, 0.116558205022, 249.73
0.896908053772, 0.906632650258, 0.710098355736, 0.240614822627, 0.45154840195, 0.268472038626, 0.0532131940027, 0.857201976848, 0.521193277501, 0.128949002778, 0.95779595787, 0.292562643216, 0.683776621066, 0.503011712157, 0.183617578798, 0.0724120471495, 253.01
0.582453292094, 0.906632650258, 0.740328023157, 0.0489439610432, 0.768941045649, 0.220524060029, 0.887998199696, 0.526847932229, 0.653852610297, 0.81593449836, 0.188174803893, 0.389746902512, 0.733989265971, 0.74836016708, 0.092733083621, 0.315346929225, 253.01
0.896908053772, 0.687035271741, 0.710098355736, 0.240614822627, 0.45154840195, 0.268472038626, 0.0532131940027, 0.857201976848, 0.521193277501, 0.239903606314, 0.95779595787, 0.292562643216, 0.683776621066, 0.503011712157, 0.26368311597, 0.0724120471495, 253.01
0.896908053772, 0.906632650258, 0.710098355736, 0.240614822627, 0.45154840195, 0.268472038626, 0.0532131940027, 0.857201976848, 0.521193277501, 0.128949002778, 0.95779595787, 0.292562643216, 0.683776621066, 0.503011712157, 0.183617578798, 0.0724120471495, 253.01
0.582453292094, 0.906632650258, 0.740328023157, 0.0489439610432, 0.768941045649, 0.220524060029, 0.887998199696, 0.526847932229, 0.653852610297, 0.81593449836, 0.188174803893, 0.389746902512, 0.733989265971, 0.74836016708, 0.092733083621, 0.315346929225, 253.01
0.896908053772, 0.687035271741, 0.710098355736, 0.240614822627, 0.45154840195, 0.268472038626, 0.0532131940027, 0.857201976848, 0.521193277501, 0.239903606314, 0.95779595787, 0.292562643216, 0.683776621066, 0.503011712157, 0.26368311597, 0.0724120471495, 253.01
0.858413508775, 0.943014028533, 0.0558497821419, 0.948445453274, 0.223603131064, 0.0276418986835, 0.677074581399, 0.510846399598, 0.726585951339, 0.330793316368, 0.791377628829, 0.357593248468, 0.513257876923, 0.953152598174, 0.396293370676, 0.214957464174, 254.11
0.858413508775, 0.943014028533, 0.0558497821419, 0.948445453274, 0.223603131064, 0.0276418986835, 0.677074581399, 0.510846399598, 0.726585951339, 0.330793316368, 0.791377628829, 0.357593248468, 0.513257876923, 0.953152598174, 0.396293370676, 0.214957464174, 254.11
0.848439915608, 0.859471634952, 0.173529645483, 0.403717776759, 0.374682117745, 0.485389367306, 0.150911143102, 0.448902716878, 0.954722585356, 0.322573563218, 0.80453507118, 0.280669756677, 0.591163272403, 0.857193721748, 0.256545829775, 0.239058036474, 257.463
0.978825665674, 0.713662093437, 0.469521898187, 0.58851371203, 0.858973455543, 0.460220466189, 0.109866020511, 0.970013991582, 0.87647061232, 0.0351306693319, 0.416088873497, 0.895960694127, 0.703738031762, 0.555219434685, 0.107632052812, 0.327536453195, 257.463
0.923662269438, 0.621871551525, 0.114729652421, 0.363921783888, 0.99721469977, 0.0445189580316, 0.460026728343, 0.741655572638, 0.629593824086, 0.118936926498, 0.315855971424, 0.770473988089, 0.776802817612, 0.664997133259, 0.0643194820164, 0.118720850087, 257.463
0.803239131063, 0.745194010023, 0.173529645483, 0.955986308817, 0.770649688492, 0.223398955835, 0.317751255807, 0.266965275836, 0.660569656003, 0.0347830756622, 0.531634660762, 0.208015954968, 0.514325966967, 0.786259244294, 0.412231308552, 0.102084666137, 257.463
0.923662269438, 0.621871551525, 0.114729652421, 0.967965686723, 0.948080958304, 0.0445189580316, 0.460026728343, 0.741655572638, 0.629593824086, 0.118936926498, 0.315855971424, 0.770473988089, 0.776802817612, 0.664997133259, 0.0643194820164, 0.118720850087, 257.463
0.848439915608, 0.859471634952, 0.173529645483, 0.403717776759, 0.374682117745, 0.485389367306, 0.150911143102, 0.448902716878, 0.954722585356, 0.322573563218, 0.80453507118, 0.280669756677, 0.591163272403, 0.857193721748, 0.256545829775, 0.239058036474, 257.463
0.978825665674, 0.713662093437, 0.469521898187, 0.58851371203, 0.858973455543, 0.460220466189, 0.109866020511, 0.970013991582, 0.87647061232, 0.0351306693319, 0.416088873497, 0.895960694127, 0.703738031762, 0.555219434685, 0.107632052812, 0.327536453195, 257.463
0.923662269438, 0.621871551525, 0.114729652421, 0.363921783888, 0.99721469977, 0.0445189580316, 0.460026728343, 0.741655572638, 0.629593824086, 0.118936926498, 0.315855971424, 0.770473988089, 0.776802817612, 0.664997133259, 0.0643194820164, 0.118720850087, 257.463
0.803239131063, 0.745194010023, 0.173529645483, 0.955986308817, 0.770649688492, 0.223398955835, 0.317751255807, 0.266965275836, 0.660569656003, 0.0347830756622, 0.531634660762, 0.208015954968, 0.514325966967, 0.786259244294, 0.412231308552, 0.102084666137, 257.463
0.923662269438, 0.621871551525, 0.114729652421, 0.967965686723, 0.948080958304, 0.0445189580316, 0.460026728343, 0.741655572638, 0.629593824086, 0.118936926498, 0.315855971424, 0.770473988089, 0.776802817612, 0.664997133259, 0.0643194820164, 0.118720850087, 257.463
0.588098417965, 0.380240151186, 0.909570152431, 0.60431426471, 0.209670793232, 0.253422222091, 0.992690938332, 0.563600586749, 0.76071902702, 0.956498678138, 0.0226789247048, 0.157950581085, 0.984727779475, 0.503747510646, 0.295638356669, 0.431792160446, 259.8399
0.588098417965, 0.380240151186, 0.909570152431, 0.60431426471, 0.209670793232, 0.253422222091, 0.992690938332, 0.563600586749, 0.76071902702, 0.956498678138, 0.0226789247048, 0.157950581085, 0.984727779475, 0.503747510646, 0.295638356669, 0.431792160446, 259.8399
0.745962671512, 0.0317594736292, 0.927059772771, 0.0377416675286, 0.427777839246, 0.286977472078, 0.299350143935, 0.778442301733, 0.573322032436, 0.206871947316, 0.383861398443, 0.582039389323, 0.782498963568, 0.523549176328, 0.431925224512, 0.377046716387, 263.887
0.745962671512, 0.0317594736292, 0.927059772771, 0.0377416675286, 0.427777839246, 0.286977472078, 0.299350143935, 0.778442301733, 0.573322032436, 0.206871947316, 0.383861398443, 0.582039389323, 0.782498963568, 0.811745321374, 0.431925224512, 0.377046716387, 263.887
0.745962671512, 0.0317594736292, 0.927059772771, 0.0377416675286, 0.427777839246, 0.286977472078, 0.299350143935, 0.778442301733, 0.573322032436, 0.206871947316, 0.383861398443, 0.582039389323, 0.782498963568, 0.523549176328, 0.431925224512, 0.377046716387, 263.887
0.745962671512, 0.0317594736292, 0.927059772771, 0.0377416675286, 0.427777839246, 0.286977472078, 0.299350143935, 0.778442301733, 0.573322032436, 0.206871947316, 0.383861398443, 0.582039389323, 0.782498963568, 0.811745321374, 0.431925224512, 0.377046716387, 263.887
0.904021277745, 0.309763803026, 0.929720480274, 0.667071150126, 0.924254798942, 0.206330301333, 0.320576607346, 0.249396216313, 0.735227020536, 0.265937119354, 0.76111825357, 0.0850931447207, 0.519610076339, 0.882247381353, 0.243273510875, 0.466973633357, 268.397
0.904021277745, 0.309763803026, 0.929720480274, 0.667071150126, 0.924254798942, 0.206330301333, 0.320576607346, 0.249396216313, 0.735227020536, 0.265937119354, 0.76111825357, 0.0850931447207, 0.519610076339, 0.882247381353, 0.243273510875, 0.466973633357, 268.397
0.743128083602, 0.370664229637, 0.654473172691, 0.0987267767151, 0.918907108062, 0.323357318315, 0.61132224956, 0.88739208965, 0.514051244193, 0.388896291485, 0.041079167902, 0.888916131526, 0.94088084637, 0.642377131582, 0.454867675844, 0.115626592592, 269.9169
0.569719054882, 0.370664229637, 0.654473172691, 0.0987267767151, 0.918907108062, 0.455402809064, 0.61132224956, 0.921264002786, 0.514051244193, 0.388896291485, 0.041079167902, 0.924362380787, 0.94088084637, 0.506871931588, 0.454867675844, 0.115626592592, 269.9169
0.743128083602, 0.370664229637, 0.654473172691, 0.0987267767151, 0.918907108062, 0.323357318315, 0.61132224956, 0.88739208965, 0.514051244193, 0.388896291485, 0.041079167902, 0.888916131526, 0.94088084637, 0.642377131582, 0.454867675844, 0.115626592592, 269.9169
0.569719054882, 0.370664229637, 0.654473172691, 0.0987267767151, 0.918907108062, 0.455402809064, 0.61132224956, 0.921264002786, 0.514051244193, 0.388896291485, 0.041079167902, 0.924362380787, 0.94088084637, 0.506871931588, 0.454867675844, 0.115626592592, 269.9169
0.557584623443, 0.456276527325, 0.115580016148, 0.727339152584, 0.6514607382, 0.270749282884, 0.644749237109, 0.633981350031, 0.732428646168, 0.900995904574, 0.0811591494705, 0.167421503628, 0.99161635498, 0.837220955074, 0.338394370596, 0.332926594898, 275.373
0.664393856367, 0.329148286524, 0.0728574078962, 0.644135333534, 0.656127505869, 0.133622558342, 0.785429340754, 0.958920157262, 0.572068592785, 0.859486686074, 0.0918594573634, 0.241116703664, 0.874603713514, 0.889791893264, 0.013122808429, 0.297338338949, 275.373
0.960557668016, 0.367712373383, 0.107620201059, 0.39815320133, 0.721262612014, 0.484578320261, 0.867962957374, 0.272606520404, 0.521966780871, 0.388817021802, 0.010046743804, 0.774158889099, 0.93485909351, 0.636814823391, 0.115140686112, 0.40284319732, 275.373
0.557584623443, 0.456276527325, 0.115580016148, 0.727339152584, 0.6514607382, 0.270749282884, 0.544095167824, 0.633981350031, 0.732428646168, 0.900995904574, 0.0811591494705, 0.167421503628, 0.867065050984, 0.837220955074, 0.338394370596, 0.332926594898, 275.373
0.829512996923, 0.0316156889151, 0.241770652394, 0.351926341163, 0.803459041751, 0.328850351861, 0.75233133284, 0.360931949422, 0.950896784793, 0.351140496204, 0.981935262063, 0.20285452622, 0.892670196206, 0.844373188277, 0.438020645938, 0.450351233818, 275.373
0.754693819995, 0.225215551536, 0.244925503359, 0.580907479407, 0.794759384856, 0.358340389494, 0.0851392538734, 0.708581253598, 0.684319850951, 0.195218446214, 0.932910733085, 0.338050187514, 0.988865376304, 0.5091457385, 0.0523198076529, 0.0236180488929, 275.373
0.664393856367, 0.308437030288, 0.176491545894, 0.644135333534, 0.656127505869, 0.133622558342, 0.785429340754, 0.958920157262, 0.572068592785, 0.859486686074, 0.0918594573634, 0.241116703664, 0.874603713514, 0.889791893264, 0.013122808429, 0.297338338949, 275.373
0.557584623443, 0.456276527325, 0.115580016148, 0.727339152584, 0.6514607382, 0.270749282884, 0.644749237109, 0.633981350031, 0.732428646168, 0.900995904574, 0.0811591494705, 0.167421503628, 0.99161635498, 0.837220955074, 0.338394370596, 0.332926594898, 275.373
0.664393856367, 0.329148286524, 0.0728574078962, 0.644135333534, 0.656127505869, 0.133622558342, 0.785429340754, 0.958920157262, 0.572068592785, 0.859486686074, 0.0918594573634, 0.241116703664, 0.874603713514, 0.889791893264, 0.013122808429, 0.297338338949, 275.373
0.960557668016, 0.367712373383, 0.107620201059, 0.39815320133, 0.721262612014, 0.484578320261, 0.867962957374, 0.272606520404, 0.521966780871, 0.388817021802, 0.010046743804, 0.774158889099, 0.93485909351, 0.636814823391, 0.115140686112, 0.40284319732, 275.373
0.557584623443, 0.456276527325, 0.115580016148, 0.727339152584, 0.6514607382, 0.270749282884, 0.544095167824, 0.633981350031, 0.732428646168, 0.900995904574, 0.0811591494705, 0.167421503628, 0.867065050984, 0.837220955074, 0.338394370596, 0.332926594898, 275.373
0.829512996923, 0.0316156889151, 0.241770652394, 0.351926341163, 0.803459041751, 0.328850351861, 0.75233133284, 0.360931949422, 0.950896784793, 0.351140496204, 0.981935262063, 0.20285452622, 0.892670196206, 0.844373188277, 0.438020645938, 0.450351233818, 275.373
0.754693819995, 0.225215551536, 0.244925503359, 0.580907479407, 0.794759384856, 0.358340389494, 0.0851392538734, 0.708581253598, 0.684319850951, 0.195218446214, 0.932910733085, 0.338050187514, 0.988865376304, 0.5091457385, 0.0523198076529, 0.0236180488929, 275.373
0.664393856367, 0.308437030288, 0.176491545894, 0.644135333534, 0.656127505869, 0.133622558342, 0.785429340754, 0.958920157262, 0.572068592785, 0.859486686074, 0.0918594573634, 0.241116703664, 0.874603713514, 0.889791893264, 0.013122808429, 0.297338338949, 275.373
0.673828313035, 0.635927667304, 0.879857411454, 0.112561820322, 0.224267281874, 0.97708617238, 0.346887258885, 0.490152265671, 0.837099433935, 0.843087936142, 0.28564304228, 0.452784770301, 0.663620940679, 0.751196839406, 0.394974864775, 0.0861008958194, 279.153
0.673828313035, 0.635927667304, 0.879857411454, 0.0497156260794, 0.224267281874, 0.668978733916, 0.346887258885, 0.812347974967, 0.836991824367, 0.860563711095, 0.28564304228, 0.452784770301, 0.663620940679, 0.751196839406, 0.394974864775, 0.0425638371155, 279.153
0.673828313035, 0.635927667304, 0.879857411454, 0.112561820322, 0.224267281874, 0.97708617238, 0.346887258885, 0.490152265671, 0.837099433935, 0.843087936142, 0.28564304228, 0.452784770301, 0.663620940679, 0.751196839406, 0.394974864775, 0.0861008958194, 279.153
0.673828313035, 0.635927667304, 0.879857411454, 0.0497156260794, 0.224267281874, 0.668978733916, 0.346887258885, 0.812347974967, 0.836991824367, 0.860563711095, 0.28564304228, 0.452784770301, 0.663620940679, 0.751196839406, 0.394974864775, 0.0425638371155, 279.153
0.978825665674, 0.713662093437, 0.469521898187, 0.363921783888, 0.99721469977, 0.692110469149, 0.109866020511, 0.970013991582, 0.87647061232, 0.0722984803799, 0.416088873497, 0.895960694127, 0.703738031762, 0.555219434685, 0.107632052812, 0.327536453195, 287.107
0.978825665674, 0.713662093437, 0.469521898187, 0.363921783888, 0.99721469977, 0.692110469149, 0.109866020511, 0.970013991582, 0.87647061232, 0.0722984803799, 0.416088873497, 0.895960694127, 0.703738031762, 0.555219434685, 0.107632052812, 0.327536453195, 287.107
0.57034575879, 0.227072815839, 0.700056133533, 0.628378690138, 0.704289116298, 0.960960706403, 0.90037881881, 0.10114083695, 0.662504928324, 0.0359981999021, 0.914839263383, 0.468641563927, 0.965778241052, 0.569562759387, 0.00570216587236, 0.0594399478763, 299.77
0.8882692786, 0.333472736881, 0.675073919259, 0.0103499242805, 0.533279044391, 0.83089622292, 0.72398745568, 0.75790062731, 0.918715206471, 0.858603207529, 0.111289186731, 0.144694193972, 0.977240187712, 0.930207886586, 0.409381062881, 0.0642608440663, 299.77
0.8882692786, 0.333472736881, 0.675073919259, 0.0103499242805, 0.533279044391, 0.83089622292, 0.90037881881, 0.75790062731, 0.918715206471, 0.858603207529, 0.111289186731, 0.144694193972, 0.977240187712, 0.930207886586, 0.409381062881, 0.0594399478763, 299.77
0.57034575879, 0.227072815839, 0.700056133533, 0.628378690138, 0.704289116298, 0.960960706403, 0.90037881881, 0.10114083695, 0.662504928324, 0.0359981999021, 0.914839263383, 0.468641563927, 0.965778241052, 0.569562759387, 0.00570216587236, 0.0594399478763, 299.77
0.8882692786, 0.333472736881, 0.675073919259, 0.0103499242805, 0.533279044391, 0.83089622292, 0.72398745568, 0.75790062731, 0.918715206471, 0.858603207529, 0.111289186731, 0.144694193972, 0.977240187712, 0.930207886586, 0.409381062881, 0.0642608440663, 299.77
0.8882692786, 0.333472736881, 0.675073919259, 0.0103499242805, 0.533279044391, 0.83089622292, 0.90037881881, 0.75790062731, 0.918715206471, 0.858603207529, 0.111289186731, 0.144694193972, 0.977240187712, 0.930207886586, 0.409381062881, 0.0594399478763, 299.77
0.829512996923, 0.115700396573, 0.244925503359, 0.202873475451, 0.55449529162, 0.891049313603, 0.0851392538734, 0.708581253598, 0.950896784793, 0.351140496204, 0.981935262063, 0.20285452622, 0.892670196206, 0.75387481995, 0.438020645938, 0.450351233818, 304.997
0.754693819995, 0.308437030288, 0.241770652394, 0.580907479407, 0.794759384856, 0.739927410389, 0.75233133284, 0.360931949422, 0.684319850951, 0.195218446214, 0.932910733085, 0.377884375286, 0.996323553596, 0.5091457385, 0.0523198076529, 0.0236180488929, 304.997
0.829512996923, 0.115700396573, 0.244925503359, 0.202873475451, 0.55449529162, 0.891049313603, 0.0851392538734, 0.708581253598, 0.950896784793, 0.351140496204, 0.981935262063, 0.20285452622, 0.892670196206, 0.75387481995, 0.438020645938, 0.450351233818, 304.997
0.754693819995, 0.308437030288, 0.241770652394, 0.580907479407, 0.794759384856, 0.739927410389, 0.75233133284, 0.360931949422, 0.684319850951, 0.195218446214, 0.932910733085, 0.377884375286, 0.996323553596, 0.5091457385, 0.0523198076529, 0.0236180488929, 304.997
0.942990717969, 0.0493241337498, 0.979033368864, 0.298859334891, 0.605151423767, 0.718893216562, 0.658974720874, 0.891351754811, 0.672445453654, 0.110309679828, 0.208786825946, 0.736531976353, 0.663617308479, 0.907018700977, 0.343901951576, 0.0273001173032, 310.607
0.932308723753, 0.115264912666, 0.821004077564, 0.503911879006, 0.544442666417, 0.640447644777, 0.590229569256, 0.359837033186, 0.625663795943, 0.447217284934, 0.186876839884, 0.689268152453, 0.697633052732, 0.719592936483, 0.0831975788266, 0.491518016555, 310.607
0.942990717969, 0.12478550093, 0.968339294488, 0.298859334891, 0.605151423767, 0.718893216562, 0.658974720874, 0.944088172256, 0.672445453654, 0.110309679828, 0.0691269918971, 0.736531976353, 0.663617308479, 0.907018700977, 0.0938662755995, 0.0273001173032, 310.607
0.942990717969, 0.0493241337498, 0.979033368864, 0.298859334891, 0.605151423767, 0.718893216562, 0.658974720874, 0.891351754811, 0.672445453654, 0.110309679828, 0.208786825946, 0.736531976353, 0.663617308479, 0.907018700977, 0.343901951576, 0.0273001173032, 310.607
0.932308723753, 0.115264912666, 0.821004077564, 0.503911879006, 0.544442666417, 0.640447644777, 0.590229569256, 0.359837033186, 0.625663795943, 0.447217284934, 0.186876839884, 0.689268152453, 0.697633052732, 0.719592936483, 0.0831975788266, 0.491518016555, 310.607
0.942990717969, 0.12478550093, 0.968339294488, 0.298859334891, 0.605151423767, 0.718893216562, 0.658974720874, 0.944088172256, 0.672445453654, 0.110309679828, 0.0691269918971, 0.736531976353, 0.663617308479, 0.907018700977, 0.0938662755995, 0.0273001173032, 310.607
0.658751755478, 0.351852332678, 0.936726142535, 0.195885001888, 0.324135358591, 0.227008982086, 0.651149013925, 0.736686636606, 0.858558314176, 0.755840595605, 0.496904407546, 0.141638005563, 0.667763492561, 0.126746183536, 0.847861281495, 0.350369002628, 383.053
0.658751755478, 0.351852332678, 0.936726142535, 0.195885001888, 0.324135358591, 0.227008982086, 0.651149013925, 0.736686636606, 0.858558314176, 0.755840595605, 0.496904407546, 0.141638005563, 0.667763492561, 0.126746183536, 0.847861281495, 0.350369002628, 383.053
0.568179967946, 0.677488369772, 0.224942859675, 0.500944462455, 0.493290330695, 0.972294948635, 0.901691971949, 0.717363201395, 0.886894650484, 0.787547784738, 0.140458058054, 0.45377434959, 0.707795676665, 0.30136591098, 0.538225408325, 0.240160976764, 408.617
0.863830636433, 0.538208374716, 0.800061489926, 0.160827352195, 0.490566548553, 0.75861558077, 0.594520772393, 0.526960137416, 0.613451551092, 0.2840621313, 0.263430627083, 0.524257236208, 0.940517564008, 0.377966203807, 0.644345319315, 0.138267965392, 408.617
0.568179967946, 0.677488369772, 0.224942859675, 0.329957290269, 0.493290330695, 0.972294948635, 0.901691971949, 0.717363201395, 0.886894650484, 0.787547784738, 0.140458058054, 0.463653170997, 0.707795676665, 0.30136591098, 0.538225408325, 0.240160976764, 408.617
0.568179967946, 0.677488369772, 0.224942859675, 0.500944462455, 0.493290330695, 0.972294948635, 0.901691971949, 0.717363201395, 0.886894650484, 0.787547784738, 0.140458058054, 0.45377434959, 0.707795676665, 0.30136591098, 0.538225408325, 0.240160976764, 408.617
0.863830636433, 0.538208374716, 0.800061489926, 0.160827352195, 0.490566548553, 0.75861558077, 0.594520772393, 0.526960137416, 0.613451551092, 0.2840621313, 0.263430627083, 0.524257236208, 0.940517564008, 0.377966203807, 0.644345319315, 0.138267965392, 408.617
0.568179967946, 0.677488369772, 0.224942859675, 0.329957290269, 0.493290330695, 0.972294948635, 0.901691971949, 0.717363201395, 0.886894650484, 0.787547784738, 0.140458058054, 0.463653170997, 0.707795676665, 0.30136591098, 0.538225408325, 0.240160976764, 408.617
0.502714792196, 0.639966859304, 0.0504179513865, 0.320701280957, 0.447537009731, 0.415368999142, 0.101118402163, 0.864814629209, 0.855601705429, 0.872359294954, 0.0158667085139, 0.258326922544, 0.742368384765, 0.369269911555, 0.721266269562, 0.111932422595, 425.063
0.777900038744, 0.738574855199, 0.743626937372, 0.258850312608, 0.054470677358, 0.0819658583874, 0.399405422266, 0.574013364347, 0.613640127767, 0.0551221090195, 0.313239971607, 0.822702698031, 0.984023600795, 0.0437003161737, 0.756863602894, 0.420942192993, 425.063
0.860190288476, 0.722000934337, 0.670959075465, 0.922738489319, 0.162220114133, 0.0987557636291, 0.452717004067, 0.789575205413, 0.725268067525, 0.142941643863, 0.660118392689, 0.108979331853, 0.992205947376, 0.325749142156, 0.696440437802, 0.292933330415, 425.063
0.777900038744, 0.940292468423, 0.743626937372, 0.258850312608, 0.054470677358, 0.0819658583874, 0.399405422266, 0.851084292173, 0.613640127767, 0.0551221090195, 0.313239971607, 0.822702698031, 0.984023600795, 0.0437003161737, 0.756863602894, 0.420942192993, 425.063
0.860190288476, 0.722000934337, 0.670959075465, 0.922738489319, 0.162220114133, 0.0987557636291, 0.452717004067, 0.789575205413, 0.725268067525, 0.142941643863, 0.660118392689, 0.108979331853, 0.992205947376, 0.490316495159, 0.696440437802, 0.292933330415, 425.063
0.502714792196, 0.639966859304, 0.0504179513865, 0.320701280957, 0.447537009731, 0.415368999142, 0.101118402163, 0.864814629209, 0.855601705429, 0.872359294954, 0.0158667085139, 0.258326922544, 0.742368384765, 0.369269911555, 0.721266269562, 0.111932422595, 425.063
0.777900038744, 0.738574855199, 0.743626937372, 0.258850312608, 0.054470677358, 0.0819658583874, 0.399405422266, 0.574013364347, 0.613640127767, 0.0551221090195, 0.313239971607, 0.822702698031, 0.984023600795, 0.0437003161737, 0.756863602894, 0.420942192993, 425.063
0.860190288476, 0.722000934337, 0.670959075465, 0.922738489319, 0.162220114133, 0.0987557636291, 0.452717004067, 0.789575205413, 0.725268067525, 0.142941643863, 0.660118392689, 0.108979331853, 0.992205947376, 0.325749142156, 0.696440437802, 0.292933330415, 425.063
0.777900038744, 0.940292468423, 0.743626937372, 0.258850312608, 0.054470677358, 0.0819658583874, 0.399405422266, 0.851084292173, 0.613640127767, 0.0551221090195, 0.313239971607, 0.822702698031, 0.984023600795, 0.0437003161737, 0.756863602894, 0.420942192993, 425.063
0.860190288476, 0.722000934337, 0.670959075465, 0.922738489319, 0.162220114133, 0.0987557636291, 0.452717004067, 0.789575205413, 0.725268067525, 0.142941643863, 0.660118392689, 0.108979331853, 0.992205947376, 0.490316495159, 0.696440437802, 0.292933330415, 425.063
0.996349992048, 0.283193911583, 0.350632902433, 0.605251265589, 0.816054049689, 0.26955956634, 0.885380446566, 0.684954780916, 0.998829355074, 0.0712540326665, 0.284126510526, 0.866302278636, 0.97221714644, 0.086055506184, 0.820620178083, 0.333358387111, 429.257
0.989247360459, 0.58135713983, 0.577254969334, 0.339044845252, 0.640766244954, 0.116084939201, 0.718817322235, 0.884403024056, 0.507416914006, 0.0181929516394, 0.752703270708, 0.382835889683, 0.620385066005, 0.0418154770857, 0.660012910541, 0.477451962643, 429.257
0.996349992048, 0.283193911583, 0.350632902433, 0.605251265589, 0.562528602011, 0.26955956634, 0.505140144806, 0.684954780916, 0.996418948228, 0.0712540326665, 0.284126510526, 0.866302278636, 0.97221714644, 0.086055506184, 0.820620178083, 0.333358387111, 429.257
0.989247360459, 0.58135713983, 0.577254969334, 0.339044845252, 0.82858487757, 0.116084939201, 0.718817322235, 0.884403024056, 0.507416914006, 0.0181929516394, 0.752703270708, 0.0945821690956, 0.620385066005, 0.0418154770857, 0.660012910541, 0.477451962643, 429.257
0.996349992048, 0.283193911583, 0.350632902433, 0.605251265589, 0.816054049689, 0.26955956634, 0.885380446566, 0.684954780916, 0.998829355074, 0.0712540326665, 0.284126510526, 0.866302278636, 0.97221714644, 0.086055506184, 0.820620178083, 0.333358387111, 429.257
0.989247360459, 0.58135713983, 0.577254969334, 0.339044845252, 0.640766244954, 0.116084939201, 0.718817322235, 0.884403024056, 0.507416914006, 0.0181929516394, 0.752703270708, 0.382835889683, 0.620385066005, 0.0418154770857, 0.660012910541, 0.477451962643, 429.257
0.996349992048, 0.283193911583, 0.350632902433, 0.605251265589, 0.562528602011, 0.26955956634, 0.505140144806, 0.684954780916, 0.996418948228, 0.0712540326665, 0.284126510526, 0.866302278636, 0.97221714644, 0.086055506184, 0.820620178083, 0.333358387111, 429.257
0.989247360459, 0.58135713983, 0.577254969334, 0.339044845252, 0.82858487757, 0.116084939201, 0.718817322235, 0.884403024056, 0.507416914006, 0.0181929516394, 0.752703270708, 0.0945821690956, 0.620385066005, 0.0418154770857, 0.660012910541, 0.477451962643, 429.257
0.863830636433, 0.137859547454, 0.499569317085, 0.160827352195, 0.490566548553, 0.75861558077, 0.594520772393, 0.526960137416, 0.613451551092, 0.2840621313, 0.263430627083, 0.524257236208, 0.96295357649, 0.377966203807, 0.644345319315, 0.138267965392, 432.757
0.863830636433, 0.137859547454, 0.499569317085, 0.160827352195, 0.490566548553, 0.75861558077, 0.594520772393, 0.526960137416, 0.613451551092, 0.2840621313, 0.263430627083, 0.524257236208, 0.96295357649, 0.377966203807, 0.644345319315, 0.138267965392, 432.757
0.564097336627, 0.310795683174, 0.229175570124, 0.212442287609, 0.27514377114, 0.0301047419614, 0.265771865927, 0.32548618409, 0.706207166501, 0.408668811721, 0.581614644788, 0.12168624287, 0.999894791035, 0.342349946715, 0.545440854879, 0.484390143348, 437.92
0.564097336627, 0.310795683174, 0.229175570124, 0.212442287609, 0.27514377114, 0.0301047419614, 0.265771865927, 0.32548618409, 0.706207166501, 0.408668811721, 0.581614644788, 0.12168624287, 0.999894791035, 0.342349946715, 0.545440854879, 0.484390143348, 437.92
0.714609144882, 0.22845776684, 0.00895786561442, 0.918819397506, 0.876785607789, 0.330815561524, 0.715264060624, 0.461573092588, 0.550753505657, 0.484886373293, 0.616592781375, 0.156335408312, 0.726211673818, 0.0256154028173, 0.692857331749, 0.0989224968813, 449.383
0.611599360875, 0.385404144075, 0.570734217206, 0.0183154327392, 0.753496164315, 0.151449707365, 0.532550615874, 0.0432643543224, 0.952310507348, 0.622061323103, 0.140202722141, 0.484827918905, 0.550871414969, 0.149979935357, 0.870462576293, 0.30188690592, 449.383
