0.743128083602, 0.685069858039, 0.936541386627, 0.994018433349, 0.918907108062, 0.355871871521, 0.376651048272, 0.00914622342917, 0.531039629372, 0.0877037774813, 0.0360359583176, 0.582808598395, 0.999314620837, 0.927739571644, 0.0432652067241, 0.367386219079, 247.483
0.953080499944, 0.616020047244, 0.952917831022, 0.569305318004, 0.956426877669, 0.210945138525, 0.0222350159597, 0.0862632768451, 0.514051244193, 0.0612478830344, 0.416088873497, 0.984423527977, 0.820356399514, 0.555219434685, 0.438047692933, 0.340161626668, 247.483
0.743128083602, 0.685069858039, 0.654473172691, 2.09152228868e-05, 0.918907108062, 0.355871871521, 0.376651048272, 0.0966025113759, 0.506574405793, 0.153334279612, 0.0259071158146, 0.563516068461, 0.520869398138, 0.927739571644, 0.371243635136, 0.180543393129, 247.483
0.869508217965, 0.546802324223, 0.788127973343, 0.00165493924537, 0.826958586335, 0.355871871521, 0.851201588659, 0.107253090485, 0.746803392184, 0.153334279612, 0.00122442537757, 0.734807494897, 0.94088084637, 0.927739571644, 0.107632052812, 0.144828926947, 247.483
0.842181690146, 0.851811787255, 0.654473172691, 0.126758384096, 0.949384713995, 0.355871871521, 0.0643251497775, 0.107253090485, 0.553345834183, 0.153334279612, 0.041079167902, 0.988628172893, 0.94088084637, 0.927739571644, 0.454867675844, 0.180543393129, 247.483
0.81043302666, 0.685069858039, 0.654473172691, 0.126758384096, 0.18407077117, 0.355871871521, 0.376651048272, 0.107253090485, 0.531039629372, 0.153334279612, 0.041079167902, 0.888916131526, 0.996873272988, 0.999677473457, 0.454867675844, 0.180543393129, 247.483
0.902232553261, 0.685069858039, 0.654473172691, 0.126758384096, 0.438344373292, 0.355871871521, 0.146912998802, 0.107253090485, 0.8820188049, 0.153334279612, 0.0321602819221, 0.924362380787, 0.94088084637, 0.927739571644, 0.371243635136, 0.132435609896, 247.483
0.962049812544, 0.768838729527, 0.953337659709, 0.911432953504, 0.826958586335, 0.0420388891685, 0.691454524437, 0.185545072197, 0.989139515338, 0.206871947316, 0.0466724275826, 0.988628172893, 0.989749385568, 0.552817080614, 0.154133987496, 0.152648365303, 247.483
0.672288012653, 0.685069858039, 0.688961365145, 0.872749706441, 0.826958586335, 0.387095314973, 0.0607197613383, 0.22406881358, 0.514051244193, 0.206871947316, 0.102482870621, 0.989217965663, 0.960394145561, 0.660801756022, 0.107632052812, 0.152648365303, 247.483
0.801235638728, 0.616020047244, 0.654473172691, 0.0765310951888, 0.918907108062, 0.355871871521, 0.376651048272, 0.107253090485, 0.531039629372, 0.153334279612, 0.0360359583176, 0.988628172893, 0.999314620837, 0.927739571644, 0.0373899052615, 0.367386219079, 247.483
0.801235638728, 0.685069858039, 0.654473172691, 0.077636853152, 0.918907108062, 0.355871871521, 0.376651048272, 0.22406881358, 0.531039629372, 0.153334279612, 0.0360359583176, 0.563516068461, 0.520869398138, 0.927739571644, 0.104207693267, 0.180543393129, 247.483
0.743128083602, 0.616020047244, 0.688961365145, 0.940352456175, 0.826958586335, 0.279003615582, 0.520944197839, 0.107253090485, 0.746803392184, 0.206871947316, 0.0526633057627, 0.586608551594, 0.854679900746, 0.576269958417, 0.371243635136, 0.152648365303, 247.483
0.869508217965, 0.871467095678, 0.654473172691, 0.126758384096, 0.949384713995, 0.355871871521, 0.139660276528, 0.107253090485, 0.794698374226, 0.153334279612, 0.00122442537757, 0.988628172893, 0.957999570376, 0.927739571644, 0.47478431594, 0.111716216903, 247.483
0.743128083602, 0.851811787255, 0.628496877634, 0.126758384096, 0.974719898409, 0.355871871521, 0.851201588659, 0.0513209453006, 0.513938335195, 0.153334279612, 0.041079167902, 0.888916131526, 0.94088084637, 0.927739571644, 0.0117554088032, 0.180543393129, 247.483
0.743128083602, 0.685069858039, 0.654473172691, 0.117637690785, 0.918907108062, 0.355871871521, 0.164101640972, 0.107253090485, 0.746803392184, 0.153334279612, 0.0093889995926, 0.988628172893, 0.999314620837, 0.999677473457, 0.454867675844, 0.00511616916168, 247.483
0.934021314097, 0.768838729527, 0.992011606633, 0.126758384096, 0.410071622154, 0.178110730137, 0.691454524437, 0.185545072197, 0.989139515338, 0.206871947316, 0.0492635141001, 0.924362380787, 0.989749385568, 0.506871931588, 0.338394370596, 0.152648365303, 247.483
0.988646652506, 0.91269876509, 0.952917831022, 0.569305318004, 0.858973455543, 0.210945138525, 0.0222350159597, 0.384126840154, 0.514051244193, 0.0612478830344, 0.0820732992605, 0.984423527977, 0.820356399514, 0.555219434685, 0.493643979222, 0.340161626668, 247.483
0.743128083602, 0.685069858039, 0.654473172691, 0.126758384096, 0.918907108062, 0.355871871521, 0.520944197839, 0.0787763849872, 0.560323714995, 0.153334279612, 0.0259071158146, 0.563516068461, 0.536286097325, 0.927739571644, 0.371243635136, 0.180543393129, 247.483
0.934021314097, 0.616020047244, 0.688961365145, 0.861260146173, 0.949384713995, 0.263799269267, 0.107641086186, 0.22406881358, 0.794698374226, 0.260591133417, 0.102482870621, 0.586608551594, 0.960394145561, 0.506871931588, 0.107632052812, 0.0405710897543, 247.483
0.869508217965, 0.546802324223, 0.654473172691, 0.00165493924537, 0.826958586335, 0.355871871521, 0.48026246632, 0.0141475238256, 0.746803392184, 0.153334279612, 0.00122442537757, 0.988628172893, 0.94088084637, 0.927739571644, 0.47478431594, 0.180543393129, 247.483
0.904082598315, 0.615608068111, 0.788127973343, 0.126758384096, 0.966738540258, 0.355871871521, 0.11175970782, 0.107253090485, 0.513938335195, 0.153334279612, 0.041079167902, 0.988628172893, 0.94088084637, 0.927739571644, 0.454867675844, 0.144828926947, 247.483
0.81043302666, 0.685069858039, 0.654473172691, 0.126758384096, 0.18407077117, 0.326719943845, 0.376651048272, 0.107253090485, 0.531039629372, 0.153334279612, 0.041079167902, 0.888916131526, 0.969555477515, 0.999888199058, 0.454867675844, 0.180543393129, 247.483
0.934021314097, 0.768838729527, 0.953337659709, 0.911432953504, 0.883173069763, 0.263799269267, 0.691454524437, 0.185545072197, 0.926354952842, 0.206871947316, 0.0492635141001, 0.924362380787, 0.989749385568, 0.552817080614, 0.454867675844, 0.152511868766, 247.483
0.801235638728, 0.616020047244, 0.532028280489, 0.861549432551, 0.864956156811, 0.0835444469812, 0.0607197613383, 0.22406881358, 0.514051244193, 0.206871947316, 0.102482870621, 0.989217965663, 0.960394145561, 0.660801756022, 0.107632052812, 0.367386219079, 247.483
0.801235638728, 0.685069858039, 0.654473172691, 0.077636853152, 0.918907108062, 0.355871871521, 0.199304299661, 0.107253090485, 0.87647061232, 0.153334279612, 0.0360359583176, 0.563516068461, 0.520869398138, 0.927739571644, 0.371243635136, 0.086017797554, 247.483
0.542270721972, 0.94289935679, 0.997515286777, 0.569305318004, 0.858973455543, 0.460220466189, 0.565911629612, 0.217554640643, 0.851345587312, 0.246261803028, 0.416088873497, 0.799199837203, 0.7950673013, 0.555219434685, 0.338394370596, 0.272619274141, 247.483
0.81043302666, 0.685069858039, 0.654473172691, 0.126758384096, 0.684429530685, 0.355871871521, 0.376651048272, 0.107253090485, 0.531039629372, 0.480619554219, 0.0646487834139, 0.888916131526, 0.969555477515, 0.927739571644, 0.454867675844, 0.180543393129, 247.483
0.743128083602, 0.685069858039, 0.864986532582, 0.126758384096, 0.918907108062, 0.355871871521, 0.376651048272, 0.107253090485, 0.840572741905, 0.153334279612, 0.0360359583176, 0.997123525245, 0.94088084637, 0.999677473457, 0.371243635136, 0.132435609896, 247.483
0.934021314097, 0.768838729527, 0.98968142216, 0.126758384096, 0.858973455543, 0.178110730137, 0.691454524437, 0.185545072197, 0.989139515338, 0.206871947316, 0.0492635141001, 0.924362380787, 0.989749385568, 0.506871931588, 0.338394370596, 0.152648365303, 247.483
0.934021314097, 0.755223369259, 0.997515286777, 0.253418169717, 0.410071622154, 0.460220466189, 0.851201588659, 0.217554640643, 0.803363061491, 0.085079008302, 0.416088873497, 0.587643890506, 0.721109879762, 0.555219434685, 0.381997179697, 0.144713823124, 247.483
0.953080499944, 0.897094900024, 0.952917831022, 0.569305318004, 0.956426877669, 0.210945138525, 0.0222350159597, 0.384126840154, 0.514051244193, 0.0612478830344, 0.416088873497, 0.984423527977, 0.820356399514, 0.555219434685, 0.414440431416, 0.340161626668, 247.483
0.743128083602, 0.685069858039, 0.936541386627, 0.311252413133, 0.918907108062, 0.355871871521, 0.376651048272, 0.107253090485, 0.531039629372, 0.0877037774813, 0.0360359583176, 0.582808598395, 0.999314620837, 0.927739571644, 0.0432652067241, 0.367386219079, 247.483
0.83914060501, 0.593196663677, 0.654473172691, 2.09152228868e-05, 0.18407077117, 0.355871871521, 0.832517911972, 0.107253090485, 0.746803392184, 0.153334279612, 0.0360359583176, 0.988628172893, 0.999314620837, 0.935190660333, 0.0159326003902, 0.180543393129, 247.483
0.743128083602, 0.685069858039, 0.654473172691, 0.0241627100507, 0.918907108062, 0.355871871521, 0.376651048272, 0.0966025113759, 0.531039629372, 0.153334279612, 0.0259071158146, 0.998066637888, 0.520869398138, 0.927739571644, 0.371243635136, 0.180543393129, 247.483
0.934021314097, 0.616020047244, 0.688961365145, 0.861260146173, 0.949384713995, 0.263799269267, 0.767373665062, 0.22406881358, 0.794698374226, 0.437870868423, 0.102482870621, 0.988628172893, 0.721649539892, 0.506871931588, 0.107632052812, 0.0107935413869, 247.483
0.869508217965, 0.546802324223, 0.638774918397, 0.00165493924537, 0.826958586335, 0.355871871521, 0.851201588659, 0.107253090485, 0.746803392184, 0.153334279612, 0.00122442537757, 0.586608551594, 0.94088084637, 0.927739571644, 0.449377378906, 0.144828926947, 247.483
0.842181690146, 0.851811787255, 0.654473172691, 0.126758384096, 0.949384713995, 0.355871871521, 0.0548354487836, 0.107253090485, 0.553345834183, 0.153334279612, 0.041079167902, 0.988628172893, 0.94088084637, 0.927739571644, 0.454867675844, 0.180543393129, 247.483
0.81043302666, 0.685069858039, 0.654473172691, 0.126758384096, 0.18407077117, 0.355871871521, 0.376651048272, 0.107253090485, 0.531039629372, 0.0871300213124, 0.041079167902, 0.888916131526, 0.987352424182, 0.999677473457, 0.454867675844, 0.180543393129, 247.483
0.902232553261, 0.685069858039, 0.953337659709, 0.126758384096, 0.438344373292, 0.0835444469812, 0.146912998802, 0.107253090485, 0.8820188049, 0.153334279612, 0.0360359583176, 0.988628172893, 0.94088084637, 0.927739571644, 0.371243635136, 0.132435609896, 247.483
0.743128083602, 0.685069858039, 0.688961365145, 0.0765310951888, 0.826958586335, 0.263799269267, 0.0607197613383, 0.22406881358, 0.514051244193, 0.206871947316, 0.102482870621, 0.991682652585, 0.960394145561, 0.660801756022, 0.107632052812, 0.448752783603, 247.483
0.801235638728, 0.616020047244, 0.654473172691, 0.872749706441, 0.918907108062, 0.355871871521, 0.376651048272, 0.107253090485, 0.531039629372, 0.153334279612, 0.0360359583176, 0.642816825378, 0.999314620837, 0.927739571644, 0.0373899052615, 0.367386219079, 247.483
0.801235638728, 0.685069858039, 0.654473172691, 0.077636853152, 0.918907108062, 0.355871871521, 0.376651048272, 0.461673453495, 0.531039629372, 0.153334279612, 0.0360359583176, 0.563516068461, 0.520869398138, 0.927739571644, 0.104207693267, 0.180543393129, 247.483
0.869508217965, 0.871467095678, 0.654473172691, 0.126758384096, 0.949384713995, 0.355871871521, 0.294240367577, 0.107253090485, 0.794698374226, 0.153334279612, 0.00122442537757, 0.988628172893, 0.94088084637, 0.936101578541, 0.47478431594, 0.0153193276551, 247.483
0.743128083602, 0.685069858039, 0.654473172691, 0.0417557996033, 0.918907108062, 0.355871871521, 0.164101640972, 0.107253090485, 0.746803392184, 0.153334279612, 0.0093889995926, 0.988628172893, 0.999314620837, 0.999677473457, 0.454867675844, 0.152648365303, 247.483
0.934021314097, 0.976946314378, 0.992011606633, 0.126758384096, 0.410071622154, 0.178110730137, 0.691454524437, 0.185545072197, 0.871774845354, 0.206871947316, 0.0492635141001, 0.924362380787, 0.989749385568, 0.506871931588, 0.338394370596, 0.180543393129, 247.483
0.87949676838, 0.616020047244, 0.688961365145, 0.861549432551, 0.826958586335, 0.263799269267, 0.0607197613383, 0.22406881358, 0.86977203886, 0.206871947316, 0.0820732992605, 0.852129550012, 0.960394145561, 0.94465057937, 0.107632052812, 0.018795855662, 247.483
0.953080499944, 0.649587591974, 0.952917831022, 0.569305318004, 0.858973455543, 0.210945138525, 0.0222350159597, 0.384126840154, 0.514051244193, 0.0612478830344, 0.0953358181737, 0.984423527977, 0.820356399514, 0.555219434685, 0.493643979222, 0.340161626668, 247.483
0.743128083602, 0.685069858039, 0.936541386627, 0.0765310951888, 0.918907108062, 0.355871871521, 0.376651048272, 0.107253090485, 0.531039629372, 0.0249107495985, 0.0360359583176, 0.60237988417, 0.999314620837, 0.927739571644, 0.0432652067241, 0.367386219079, 247.483
0.743128083602, 0.685069858039, 0.654473172691, 0.126758384096, 0.918907108062, 0.355871871521, 0.520944197839, 0.107253090485, 0.560323714995, 0.153334279612, 0.0259071158146, 0.563516068461, 0.520869398138, 0.927739571644, 0.371243635136, 0.180543393129, 247.483
0.934021314097, 0.616020047244, 0.654473172691, 0.861260146173, 0.826958586335, 0.263799269267, 0.107641086186, 0.22406881358, 0.794698374226, 0.260591133417, 0.102482870621, 0.921441930275, 0.960394145561, 0.506871931588, 0.107632052812, 0.0405710897543, 247.483
0.743128083602, 0.615608068111, 0.788127973343, 0.126758384096, 0.966738540258, 0.355871871521, 0.11175970782, 0.107253090485, 0.513938335195, 0.153334279612, 0.041079167902, 0.637518594687, 0.94088084637, 0.938739886169, 0.454867675844, 0.0703053412348, 247.483
0.81043302666, 0.685069858039, 0.654473172691, 0.126758384096, 0.18407077117, 0.326719943845, 0.376651048272, 0.107253090485, 0.531039629372, 0.153334279612, 0.041079167902, 0.888916131526, 0.979718108892, 0.999677473457, 0.454867675844, 0.0618864968626, 247.483
0.902232553261, 0.685069858039, 0.654473172691, 0.126758384096, 0.953195452064, 0.355871871521, 0.376651048272, 0.107253090485, 0.8820188049, 0.153334279612, 0.0360359583176, 0.988628172893, 0.94088084637, 0.927739571644, 0.371243635136, 0.132435609896, 247.483
0.934021314097, 0.768838729527, 0.953337659709, 0.670075115453, 0.826958586335, 0.263799269267, 0.691454524437, 0.185545072197, 0.926354952842, 0.206871947316, 0.0492635141001, 0.924362380787, 0.808141466065, 0.552817080614, 0.454867675844, 0.152511868766, 247.483
0.801235638728, 0.616020047244, 0.688961365145, 0.861549432551, 0.864956156811, 0.353133917999, 0.0607197613383, 0.107253090485, 0.514051244193, 0.153334279612, 0.0360359583176, 0.989217965663, 0.960394145561, 0.660801756022, 0.107632052812, 0.460471807216, 247.483
0.743128083602, 0.685069858039, 0.654473172691, 0.0765310951888, 0.918907108062, 0.355871871521, 0.376651048272, 0.22406881358, 0.531039629372, 0.206871947316, 0.102482870621, 0.988628172893, 0.999314620837, 0.927739571644, 0.0432652067241, 0.367386219079, 247.483
0.743128083602, 0.973707785907, 0.654473172691, 2.09152228868e-05, 0.18407077117, 0.196514641845, 0.713773967249, 0.107253090485, 0.746803392184, 0.153334279612, 0.0360359583176, 0.988628172893, 0.941942080691, 0.975755921637, 0.0166882786126, 0.180543393129, 247.483
0.801235638728, 0.685069858039, 0.654473172691, 0.077636853152, 0.918907108062, 0.355871871521, 0.376651048272, 0.107253090485, 0.87647061232, 0.153334279612, 0.0360359583176, 0.563516068461, 0.520869398138, 0.927739571644, 0.371243635136, 0.086017797554, 247.483
0.743128083602, 0.94289935679, 0.997515286777, 0.569305318004, 0.858973455543, 0.460220466189, 0.126789624537, 0.217554640643, 0.794698374226, 0.246261803028, 0.416088873497, 0.799199837203, 0.94088084637, 0.555219434685, 0.338394370596, 0.272619274141, 247.483
0.869508217965, 0.871467095678, 0.654473172691, 0.126758384096, 0.826958586335, 0.383713545236, 0.851201588659, 0.107253090485, 0.531039629372, 0.153334279612, 0.00122442537757, 0.988628172893, 0.7950673013, 0.927739571644, 0.47478431594, 0.111716216903, 247.483
0.81043302666, 0.685069858039, 0.654473172691, 0.126758384096, 0.918907108062, 0.355871871521, 0.376651048272, 0.107253090485, 0.531039629372, 0.480619554219, 0.0646487834139, 0.888916131526, 0.969555477515, 0.999677473457, 0.371243635136, 0.180543393129, 247.483
0.934021314097, 0.768838729527, 0.957509816423, 0.126758384096, 0.858973455543, 0.178110730137, 0.691454524437, 0.185545072197, 0.989139515338, 0.206871947316, 0.0492635141001, 0.924362380787, 0.989749385568, 0.506871931588, 0.338394370596, 0.152648365303, 247.483
0.564288695446, 0.805660090689, 0.688961365145, 0.922227516735, 0.826958586335, 0.236141306245, 0.0607197613383, 0.384126840154, 0.86977203886, 0.183940481462, 0.31372389044, 0.852129550012, 0.960394145561, 0.788803373258, 0.107632052812, 0.152648365303, 247.483
0.953080499944, 0.616020047244, 0.952917831022, 0.569305318004, 0.956426877669, 0.210945138525, 0.0222350159597, 0.0862632768451, 0.514051244193, 0.0612478830344, 0.416088873497, 0.984423527977, 0.820356399514, 0.555219434685, 0.438047692933, 0.340161626668, 247.483
0.743128083602, 0.685069858039, 0.936541386627, 0.994018433349, 0.918907108062, 0.355871871521, 0.376651048272, 0.00914622342917, 0.531039629372, 0.0877037774813, 0.0360359583176, 0.582808598395, 0.999314620837, 0.927739571644, 0.0432652067241, 0.367386219079, 247.483
0.743128083602, 0.685069858039, 0.654473172691, 2.09152228868e-05, 0.918907108062, 0.355871871521, 0.376651048272, 0.0966025113759, 0.506574405793, 0.153334279612, 0.0259071158146, 0.563516068461, 0.520869398138, 0.927739571644, 0.371243635136, 0.180543393129, 247.483
0.869508217965, 0.546802324223, 0.788127973343, 0.00165493924537, 0.826958586335, 0.355871871521, 0.851201588659, 0.107253090485, 0.746803392184, 0.153334279612, 0.00122442537757, 0.734807494897, 0.94088084637, 0.927739571644, 0.107632052812, 0.144828926947, 247.483
0.842181690146, 0.851811787255, 0.654473172691, 0.126758384096, 0.949384713995, 0.355871871521, 0.0643251497775, 0.107253090485, 0.553345834183, 0.153334279612, 0.041079167902, 0.988628172893, 0.94088084637, 0.927739571644, 0.454867675844, 0.180543393129, 247.483
0.81043302666, 0.685069858039, 0.654473172691, 0.126758384096, 0.18407077117, 0.355871871521, 0.376651048272, 0.107253090485, 0.531039629372, 0.153334279612, 0.041079167902, 0.888916131526, 0.996873272988, 0.999677473457, 0.454867675844, 0.180543393129, 247.483
0.902232553261, 0.685069858039, 0.654473172691, 0.126758384096, 0.438344373292, 0.355871871521, 0.146912998802, 0.107253090485, 0.8820188049, 0.153334279612, 0.0321602819221, 0.924362380787, 0.94088084637, 0.927739571644, 0.371243635136, 0.132435609896, 247.483
0.962049812544, 0.768838729527, 0.953337659709, 0.911432953504, 0.826958586335, 0.0420388891685, 0.691454524437, 0.185545072197, 0.989139515338, 0.206871947316, 0.0466724275826, 0.988628172893, 0.989749385568, 0.552817080614, 0.154133987496, 0.152648365303, 247.483
0.672288012653, 0.685069858039, 0.688961365145, 0.872749706441, 0.826958586335, 0.387095314973, 0.0607197613383, 0.22406881358, 0.514051244193, 0.206871947316, 0.102482870621, 0.989217965663, 0.960394145561, 0.660801756022, 0.107632052812, 0.152648365303, 247.483
0.801235638728, 0.616020047244, 0.654473172691, 0.0765310951888, 0.918907108062, 0.355871871521, 0.376651048272, 0.107253090485, 0.531039629372, 0.153334279612, 0.0360359583176, 0.988628172893, 0.999314620837, 0.927739571644, 0.0373899052615, 0.367386219079, 247.483
0.801235638728, 0.685069858039, 0.654473172691, 0.077636853152, 0.918907108062, 0.355871871521, 0.376651048272, 0.22406881358, 0.531039629372, 0.153334279612, 0.0360359583176, 0.563516068461, 0.520869398138, 0.927739571644, 0.104207693267, 0.180543393129, 247.483
0.743128083602, 0.616020047244, 0.688961365145, 0.940352456175, 0.826958586335, 0.279003615582, 0.520944197839, 0.107253090485, 0.746803392184, 0.206871947316, 0.0526633057627, 0.586608551594, 0.854679900746, 0.576269958417, 0.371243635136, 0.152648365303, 247.483
0.869508217965, 0.871467095678, 0.654473172691, 0.126758384096, 0.949384713995, 0.355871871521, 0.139660276528, 0.107253090485, 0.794698374226, 0.153334279612, 0.00122442537757, 0.988628172893, 0.957999570376, 0.927739571644, 0.47478431594, 0.111716216903, 247.483
0.743128083602, 0.851811787255, 0.628496877634, 0.126758384096, 0.974719898409, 0.355871871521, 0.851201588659, 0.0513209453006, 0.513938335195, 0.153334279612, 0.041079167902, 0.888916131526, 0.94088084637, 0.927739571644, 0.0117554088032, 0.180543393129, 247.483
0.743128083602, 0.685069858039, 0.654473172691, 0.117637690785, 0.918907108062, 0.355871871521, 0.164101640972, 0.107253090485, 0.746803392184, 0.153334279612, 0.0093889995926, 0.988628172893, 0.999314620837, 0.999677473457, 0.454867675844, 0.00511616916168, 247.483
0.934021314097, 0.768838729527, 0.992011606633, 0.126758384096, 0.410071622154, 0.178110730137, 0.691454524437, 0.185545072197, 0.989139515338, 0.206871947316, 0.0492635141001, 0.924362380787, 0.989749385568, 0.506871931588, 0.338394370596, 0.152648365303, 247.483
0.988646652506, 0.91269876509, 0.952917831022, 0.569305318004, 0.858973455543, 0.210945138525, 0.0222350159597, 0.384126840154, 0.514051244193, 0.0612478830344, 0.0820732992605, 0.984423527977, 0.820356399514, 0.555219434685, 0.493643979222, 0.340161626668, 247.483
0.743128083602, 0.685069858039, 0.654473172691, 0.126758384096, 0.918907108062, 0.355871871521, 0.520944197839, 0.0787763849872, 0.560323714995, 0.153334279612, 0.0259071158146, 0.563516068461, 0.536286097325, 0.927739571644, 0.371243635136, 0.180543393129, 247.483
0.934021314097, 0.616020047244, 0.688961365145, 0.861260146173, 0.949384713995, 0.263799269267, 0.107641086186, 0.22406881358, 0.794698374226, 0.260591133417, 0.102482870621, 0.586608551594, 0.960394145561, 0.506871931588, 0.107632052812, 0.0405710897543, 247.483
0.869508217965, 0.546802324223, 0.654473172691, 0.00165493924537, 0.826958586335, 0.355871871521, 0.48026246632, 0.0141475238256, 0.746803392184, 0.153334279612, 0.00122442537757, 0.988628172893, 0.94088084637, 0.927739571644, 0.47478431594, 0.180543393129, 247.483
0.904082598315, 0.615608068111, 0.788127973343, 0.126758384096, 0.966738540258, 0.355871871521, 0.11175970782, 0.107253090485, 0.513938335195, 0.153334279612, 0.041079167902, 0.988628172893, 0.94088084637, 0.927739571644, 0.454867675844, 0.144828926947, 247.483
0.81043302666, 0.685069858039, 0.654473172691, 0.126758384096, 0.18407077117, 0.326719943845, 0.376651048272, 0.107253090485, 0.531039629372, 0.153334279612, 0.041079167902, 0.888916131526, 0.969555477515, 0.999888199058, 0.454867675844, 0.180543393129, 247.483
0.934021314097, 0.768838729527, 0.953337659709, 0.911432953504, 0.883173069763, 0.263799269267, 0.691454524437, 0.185545072197, 0.926354952842, 0.206871947316, 0.0492635141001, 0.924362380787, 0.989749385568, 0.552817080614, 0.454867675844, 0.152511868766, 247.483
0.801235638728, 0.616020047244, 0.532028280489, 0.861549432551, 0.864956156811, 0.0835444469812, 0.0607197613383, 0.22406881358, 0.514051244193, 0.206871947316, 0.102482870621, 0.989217965663, 0.960394145561, 0.660801756022, 0.107632052812, 0.367386219079, 247.483
0.801235638728, 0.685069858039, 0.654473172691, 0.077636853152, 0.918907108062, 0.355871871521, 0.199304299661, 0.107253090485, 0.87647061232, 0.153334279612, 0.0360359583176, 0.563516068461, 0.520869398138, 0.927739571644, 0.371243635136, 0.086017797554, 247.483
0.542270721972, 0.94289935679, 0.997515286777, 0.569305318004, 0.858973455543, 0.460220466189, 0.565911629612, 0.217554640643, 0.851345587312, 0.246261803028, 0.416088873497, 0.799199837203, 0.7950673013, 0.555219434685, 0.338394370596, 0.272619274141, 247.483
0.81043302666, 0.685069858039, 0.654473172691, 0.126758384096, 0.684429530685, 0.355871871521, 0.376651048272, 0.107253090485, 0.531039629372, 0.480619554219, 0.0646487834139, 0.888916131526, 0.969555477515, 0.927739571644, 0.454867675844, 0.180543393129, 247.483
0.743128083602, 0.685069858039, 0.864986532582, 0.126758384096, 0.918907108062, 0.355871871521, 0.376651048272, 0.107253090485, 0.840572741905, 0.153334279612, 0.0360359583176, 0.997123525245, 0.94088084637, 0.999677473457, 0.371243635136, 0.132435609896, 247.483
0.934021314097, 0.768838729527, 0.98968142216, 0.126758384096, 0.858973455543, 0.178110730137, 0.691454524437, 0.185545072197, 0.989139515338, 0.206871947316, 0.0492635141001, 0.924362380787, 0.989749385568, 0.506871931588, 0.338394370596, 0.152648365303, 247.483
0.934021314097, 0.755223369259, 0.997515286777, 0.253418169717, 0.410071622154, 0.460220466189, 0.851201588659, 0.217554640643, 0.803363061491, 0.085079008302, 0.416088873497, 0.587643890506, 0.721109879762, 0.555219434685, 0.381997179697, 0.144713823124, 247.483
0.953080499944, 0.897094900024, 0.952917831022, 0.569305318004, 0.956426877669, 0.210945138525, 0.0222350159597, 0.384126840154, 0.514051244193, 0.0612478830344, 0.416088873497, 0.984423527977, 0.820356399514, 0.555219434685, 0.414440431416, 0.340161626668, 247.483
0.743128083602, 0.685069858039, 0.936541386627, 0.311252413133, 0.918907108062, 0.355871871521, 0.376651048272, 0.107253090485, 0.531039629372, 0.0877037774813, 0.0360359583176, 0.582808598395, 0.999314620837, 0.927739571644, 0.0432652067241, 0.367386219079, 247.483
0.83914060501, 0.593196663677, 0.654473172691, 2.09152228868e-05, 0.18407077117, 0.355871871521, 0.832517911972, 0.107253090485, 0.746803392184, 0.153334279612, 0.0360359583176, 0.988628172893, 0.999314620837, 0.935190660333, 0.0159326003902, 0.180543393129, 247.483
0.743128083602, 0.685069858039, 0.654473172691, 0.0241627100507, 0.918907108062, 0.355871871521, 0.376651048272, 0.0966025113759, 0.531039629372, 0.153334279612, 0.0259071158146, 0.998066637888, 0.520869398138, 0.927739571644, 0.371243635136, 0.180543393129, 247.483
0.934021314097, 0.616020047244, 0.688961365145, 0.861260146173, 0.949384713995, 0.263799269267, 0.767373665062, 0.22406881358, 0.794698374226, 0.437870868423, 0.102482870621, 0.988628172893, 0.721649539892, 0.506871931588, 0.107632052812, 0.0107935413869, 247.483
0.869508217965, 0.546802324223, 0.638774918397, 0.00165493924537, 0.826958586335, 0.355871871521, 0.851201588659, 0.107253090485, 0.746803392184, 0.153334279612, 0.00122442537757, 0.586608551594, 0.94088084637, 0.927739571644, 0.449377378906, 0.144828926947, 247.483
0.842181690146, 0.851811787255, 0.654473172691, 0.126758384096, 0.949384713995, 0.355871871521, 0.0548354487836, 0.107253090485, 0.553345834183, 0.153334279612, 0.041079167902, 0.988628172893, 0.94088084637, 0.927739571644, 0.454867675844, 0.180543393129, 247.483
