0.688901805566, 0.978393608985, 0.701151565808, 0.061289000211, 0.616375409397, 0.458102115209, 0.693396974207, 0.181772454408, 0.632193705704, 0.74367555391, 0.138312166051, 0.414275890792, 0.538031101459, 0.880891036635, 0.149790812725, 0.116558205022, 249.73
0.688901805566, 0.991957283976, 0.701151565808, 0.0620147344568, 0.616375409397, 0.0790024408459, 0.693396974207, 0.181772454408, 0.657591864413, 0.74367555391, 0.138312166051, 0.414275890792, 0.538031101459, 0.998293148711, 0.149790812725, 0.116558205022, 249.73
0.688901805566, 0.978393608985, 0.701151565808, 0.061289000211, 0.616375409397, 0.458102115209, 0.693396974207, 0.181772454408, 0.632193705704, 0.74367555391, 0.138312166051, 0.414275890792, 0.538031101459, 0.880891036635, 0.149790812725, 0.116558205022, 249.73
0.688901805566, 0.991957283976, 0.701151565808, 0.0620147344568, 0.616375409397, 0.0790024408459, 0.693396974207, 0.181772454408, 0.657591864413, 0.74367555391, 0.138312166051, 0.414275890792, 0.538031101459, 0.998293148711, 0.149790812725, 0.116558205022, 249.73
0.896908053772, 0.906632650258, 0.777078316317, 0.0489439610432, 0.45154840195, 0.268472038626, 0.0532131940027, 0.857201976848, 0.653852610297, 0.128949002778, 0.95779595787, 0.292562643216, 0.683776621066, 0.503011712157, 0.183617578798, 0.0724120471495, 253.01
0.582453292094, 0.906632650258, 0.846678863769, 0.240614822627, 0.768941045649, 0.220524060029, 0.887998199696, 0.526847932229, 0.521193277501, 0.81593449836, 0.188174803893, 0.389746902512, 0.733989265971, 0.74836016708, 0.092733083621, 0.315346929225, 253.01
0.896908053772, 0.687035271741, 0.710098355736, 0.240614822627, 0.45154840195, 0.268472038626, 0.0532131940027, 0.857201976848, 0.521193277501, 0.239903606314, 0.95779595787, 0.292562643216, 0.683776621066, 0.827553500757, 0.26368311597, 0.0724120471495, 253.01
0.582453292094, 0.906632650258, 0.740328023157, 0.0489439610432, 0.768941045649, 0.220524060029, 0.887998199696, 0.526847932229, 0.653852610297, 0.81593449836, 0.188174803893, 0.14402608702, 0.733989265971, 0.74836016708, 0.092733083621, 0.0724120471495, 253.01
0.569719054882, 0.74026607222, 0.654473172691, 0.0987267767151, 0.918907108062, 0.323357318315, 0.531136358095, 0.921264002786, 0.514051244193, 0.388896291485, 0.041079167902, 0.924362380787, 0.992853651076, 0.506871931588, 0.454867675844, 0.115626592592, 253.01
0.896908053772, 0.906632650258, 0.777078316317, 0.0489439610432, 0.45154840195, 0.268472038626, 0.0532131940027, 0.857201976848, 0.653852610297, 0.128949002778, 0.95779595787, 0.292562643216, 0.683776621066, 0.503011712157, 0.183617578798, 0.0724120471495, 253.01
0.582453292094, 0.906632650258, 0.846678863769, 0.240614822627, 0.768941045649, 0.220524060029, 0.887998199696, 0.526847932229, 0.521193277501, 0.81593449836, 0.188174803893, 0.389746902512, 0.733989265971, 0.74836016708, 0.092733083621, 0.315346929225, 253.01
0.896908053772, 0.687035271741, 0.710098355736, 0.240614822627, 0.45154840195, 0.268472038626, 0.0532131940027, 0.857201976848, 0.521193277501, 0.239903606314, 0.95779595787, 0.292562643216, 0.683776621066, 0.827553500757, 0.26368311597, 0.0724120471495, 253.01
0.582453292094, 0.906632650258, 0.740328023157, 0.0489439610432, 0.768941045649, 0.220524060029, 0.887998199696, 0.526847932229, 0.653852610297, 0.81593449836, 0.188174803893, 0.14402608702, 0.733989265971, 0.74836016708, 0.092733083621, 0.0724120471495, 253.01
0.569719054882, 0.74026607222, 0.654473172691, 0.0987267767151, 0.918907108062, 0.323357318315, 0.531136358095, 0.921264002786, 0.514051244193, 0.388896291485, 0.041079167902, 0.924362380787, 0.992853651076, 0.506871931588, 0.454867675844, 0.115626592592, 253.01
0.858413508775, 0.943014028533, 0.0558497821419, 0.746630639479, 0.223603131064, 0.0276418986835, 0.677074581399, 0.510846399598, 0.726585951339, 0.330793316368, 0.791377628829, 0.357593248468, 0.513257876923, 0.953152598174, 0.205692234335, 0.214957464174, 254.11
0.858413508775, 0.943014028533, 0.0558497821419, 0.948445453274, 0.223603131064, 0.117541355042, 0.677074581399, 0.510846399598, 0.726585951339, 0.330793316368, 0.791377628829, 0.357593248468, 0.513257876923, 0.953152598174, 0.396293370676, 0.214957464174, 254.11
0.858413508775, 0.943014028533, 0.0558497821419, 0.746630639479, 0.223603131064, 0.0276418986835, 0.677074581399, 0.510846399598, 0.726585951339, 0.330793316368, 0.791377628829, 0.357593248468, 0.513257876923, 0.953152598174, 0.205692234335, 0.214957464174, 254.11
0.858413508775, 0.943014028533, 0.0558497821419, 0.948445453274, 0.223603131064, 0.117541355042, 0.677074581399, 0.510846399598, 0.726585951339, 0.330793316368, 0.791377628829, 0.357593248468, 0.513257876923, 0.953152598174, 0.396293370676, 0.214957464174, 254.11
0.848439915608, 0.713662093437, 0.173529645483, 0.403717776759, 0.374682117745, 0.485389367306, 0.150911143102, 0.448902716878, 0.954722585356, 0.322573563218, 0.992505140361, 0.280669756677, 0.591163272403, 0.857193721748, 0.256545829775, 0.239058036474, 257.463
0.978825665674, 0.907986484192, 0.469521898187, 0.584499414854, 0.858973455543, 0.460220466189, 0.109866020511, 0.970013991582, 0.87647061232, 0.0351306693319, 0.416088873497, 0.895960694127, 0.703738031762, 0.555219434685, 0.107632052812, 0.1658898232, 257.463
0.803239131063, 0.745194010023, 0.173529645483, 0.996552637758, 0.770649688492, 0.223398955835, 0.317751255807, 0.266965275836, 0.660569656003, 0.116777311551, 0.531634660762, 0.208015954968, 0.776802817612, 0.786259244294, 0.412231308552, 0.102084666137, 257.463
0.978825665674, 0.54937256232, 0.469521898187, 0.58851371203, 0.858973455543, 0.460220466189, 0.109866020511, 0.970013991582, 0.87647061232, 0.0351306693319, 0.416088873497, 0.895960694127, 0.703738031762, 0.701353809203, 0.107632052812, 0.327536453195, 257.463
0.923662269438, 0.745194010023, 0.173529645483, 0.955986308817, 0.770649688492, 0.223398955835, 0.317751255807, 0.266965275836, 0.660569656003, 0.118936926498, 0.679924324961, 0.208015954968, 0.535464430884, 0.786259244294, 0.412231308552, 0.102084666137, 257.463
0.848439915608, 0.713662093437, 0.173529645483, 0.403717776759, 0.374682117745, 0.485389367306, 0.150911143102, 0.448902716878, 0.954722585356, 0.322573563218, 0.992505140361, 0.280669756677, 0.591163272403, 0.857193721748, 0.256545829775, 0.239058036474, 257.463
0.978825665674, 0.907986484192, 0.469521898187, 0.584499414854, 0.858973455543, 0.460220466189, 0.109866020511, 0.970013991582, 0.87647061232, 0.0351306693319, 0.416088873497, 0.895960694127, 0.703738031762, 0.555219434685, 0.107632052812, 0.1658898232, 257.463
0.803239131063, 0.745194010023, 0.173529645483, 0.996552637758, 0.770649688492, 0.223398955835, 0.317751255807, 0.266965275836, 0.660569656003, 0.116777311551, 0.531634660762, 0.208015954968, 0.776802817612, 0.786259244294, 0.412231308552, 0.102084666137, 257.463
0.978825665674, 0.54937256232, 0.469521898187, 0.58851371203, 0.858973455543, 0.460220466189, 0.109866020511, 0.970013991582, 0.87647061232, 0.0351306693319, 0.416088873497, 0.895960694127, 0.703738031762, 0.701353809203, 0.107632052812, 0.327536453195, 257.463
0.923662269438, 0.745194010023, 0.173529645483, 0.955986308817, 0.770649688492, 0.223398955835, 0.317751255807, 0.266965275836, 0.660569656003, 0.118936926498, 0.679924324961, 0.208015954968, 0.535464430884, 0.786259244294, 0.412231308552, 0.102084666137, 257.463
0.588098417965, 0.380240151186, 0.327745326317, 0.60431426471, 0.209670793232, 0.253422222091, 0.992690938332, 0.563600586749, 0.76071902702, 0.956498678138, 0.0226789247048, 0.157950581085, 0.989343059984, 0.503747510646, 0.295638356669, 0.431792160446, 259.8399
0.588098417965, 0.380240151186, 0.327745326317, 0.60431426471, 0.209670793232, 0.253422222091, 0.992690938332, 0.563600586749, 0.76071902702, 0.956498678138, 0.0226789247048, 0.157950581085, 0.989343059984, 0.503747510646, 0.295638356669, 0.431792160446, 259.8399
0.745962671512, 0.0317594736292, 0.997574906172, 0.0377416675286, 0.427777839246, 0.286977472078, 0.299350143935, 0.778442301733, 0.573322032436, 0.206871947316, 0.383861398443, 0.582039389323, 0.782498963568, 0.811745321374, 0.431925224512, 0.377046716387, 263.887
0.745962671512, 0.0317594736292, 0.927059772771, 0.0377416675286, 0.427777839246, 0.421664631767, 0.299350143935, 0.987572595515, 0.573322032436, 0.206871947316, 0.383861398443, 0.582039389323, 0.782498963568, 0.523549176328, 0.431925224512, 0.377046716387, 263.887
0.745962671512, 0.0317594736292, 0.927059772771, 0.0377416675286, 0.427777839246, 0.286977472078, 0.299350143935, 0.778442301733, 0.573322032436, 0.206871947316, 0.383861398443, 0.582039389323, 0.782498963568, 0.811745321374, 0.431925224512, 0.377046716387, 263.887
0.745962671512, 0.0317594736292, 0.997574906172, 0.0377416675286, 0.427777839246, 0.286977472078, 0.299350143935, 0.778442301733, 0.573322032436, 0.206871947316, 0.383861398443, 0.582039389323, 0.782498963568, 0.811745321374, 0.431925224512, 0.377046716387, 263.887
0.745962671512, 0.0317594736292, 0.927059772771, 0.0377416675286, 0.427777839246, 0.421664631767, 0.299350143935, 0.987572595515, 0.573322032436, 0.206871947316, 0.383861398443, 0.582039389323, 0.782498963568, 0.523549176328, 0.431925224512, 0.377046716387, 263.887
0.745962671512, 0.0317594736292, 0.927059772771, 0.0377416675286, 0.427777839246, 0.286977472078, 0.299350143935, 0.778442301733, 0.573322032436, 0.206871947316, 0.383861398443, 0.582039389323, 0.782498963568, 0.811745321374, 0.431925224512, 0.377046716387, 263.887
0.904021277745, 0.309763803026, 0.929720480274, 0.667071150126, 0.924254798942, 0.206330301333, 0.320576607346, 0.249396216313, 0.648657033055, 0.265937119354, 0.76111825357, 0.0850931447207, 0.519610076339, 0.882247381353, 0.212717676204, 0.466973633357, 268.397
0.984333630687, 0.309763803026, 0.929720480274, 0.667071150126, 0.924254798942, 0.206330301333, 0.320576607346, 0.249396216313, 0.735227020536, 0.265937119354, 0.76111825357, 0.0850931447207, 0.519610076339, 0.882247381353, 0.243273510875, 0.466973633357, 268.397
0.904021277745, 0.309763803026, 0.929720480274, 0.667071150126, 0.924254798942, 0.206330301333, 0.320576607346, 0.249396216313, 0.648657033055, 0.265937119354, 0.76111825357, 0.0850931447207, 0.519610076339, 0.882247381353, 0.212717676204, 0.466973633357, 268.397
0.984333630687, 0.309763803026, 0.929720480274, 0.667071150126, 0.924254798942, 0.206330301333, 0.320576607346, 0.249396216313, 0.735227020536, 0.265937119354, 0.76111825357, 0.0850931447207, 0.519610076339, 0.882247381353, 0.243273510875, 0.466973633357, 268.397
0.743128083602, 0.370664229637, 0.654473172691, 0.0987267767151, 0.918907108062, 0.455402809064, 0.61132224956, 0.88739208965, 0.514051244193, 0.388896291485, 0.041079167902, 0.888916131526, 0.94088084637, 0.642377131582, 0.454867675844, 0.115626592592, 269.9169
0.743128083602, 0.370664229637, 0.654473172691, 0.0987267767151, 0.918907108062, 0.323357318315, 0.61132224956, 0.932220304523, 0.68999985005, 0.388896291485, 0.041079167902, 0.888916131526, 0.94088084637, 0.642377131582, 0.454867675844, 0.115626592592, 269.9169
0.569719054882, 0.370664229637, 0.654473172691, 0.0987267767151, 0.918907108062, 0.455402809064, 0.61132224956, 0.921264002786, 0.514051244193, 0.153334279612, 0.041079167902, 0.924362380787, 0.94088084637, 0.506871931588, 0.454867675844, 0.115626592592, 269.9169
0.743128083602, 0.370664229637, 0.654473172691, 0.0987267767151, 0.918907108062, 0.455402809064, 0.61132224956, 0.88739208965, 0.514051244193, 0.388896291485, 0.041079167902, 0.888916131526, 0.94088084637, 0.642377131582, 0.454867675844, 0.115626592592, 269.9169
0.743128083602, 0.370664229637, 0.654473172691, 0.0987267767151, 0.918907108062, 0.323357318315, 0.61132224956, 0.932220304523, 0.68999985005, 0.388896291485, 0.041079167902, 0.888916131526, 0.94088084637, 0.642377131582, 0.454867675844, 0.115626592592, 269.9169
0.569719054882, 0.370664229637, 0.654473172691, 0.0987267767151, 0.918907108062, 0.455402809064, 0.61132224956, 0.921264002786, 0.514051244193, 0.153334279612, 0.041079167902, 0.924362380787, 0.94088084637, 0.506871931588, 0.454867675844, 0.115626592592, 269.9169
0.557584623443, 0.456276527325, 0.115580016148, 0.727339152584, 0.6514607382, 0.270749282884, 0.644749237109, 0.633981350031, 0.572068592785, 0.900995904574, 0.0811591494705, 0.167421503628, 0.99161635498, 0.837220955074, 0.338394370596, 0.332926594898, 275.373
0.664393856367, 0.140023670626, 0.0728574078962, 0.221004575515, 0.656127505869, 0.133622558342, 0.785429340754, 0.958920157262, 0.732428646168, 0.859486686074, 0.0918594573634, 0.241116703664, 0.874603713514, 0.889791893264, 0.000575822278772, 0.297338338949, 275.373
0.960557668016, 0.367712373383, 0.107620201059, 0.39815320133, 0.721262612014, 0.484578320261, 0.965466164659, 0.272606520404, 0.521966780871, 0.388817021802, 0.0811591494705, 0.774158889099, 0.93485909351, 0.636814823391, 0.115140686112, 0.40284319732, 275.373
0.557584623443, 0.456276527325, 0.115580016148, 0.727339152584, 0.6514607382, 0.270749282884, 0.544095167824, 0.195901511452, 0.732428646168, 0.900995904574, 0.010046743804, 0.167421503628, 0.867065050984, 0.837220955074, 0.338394370596, 0.332926594898, 275.373
0.829512996923, 0.0316156889151, 0.241770652394, 0.351926341163, 0.803459041751, 0.328850351861, 0.75233133284, 0.708581253598, 0.950896784793, 0.292297445089, 0.981935262063, 0.20285452622, 0.892670196206, 0.844373188277, 0.0523198076529, 0.450351233818, 275.373
0.754693819995, 0.0706640455354, 0.244925503359, 0.580907479407, 0.794759384856, 0.358340389494, 0.0851392538734, 0.360931949422, 0.684319850951, 0.351140496204, 0.932910733085, 0.338050187514, 0.988865376304, 0.5091457385, 0.438020645938, 0.0236180488929, 275.373
0.557584623443, 0.308437030288, 0.176491545894, 0.644135333534, 0.656127505869, 0.133622558342, 0.644749237109, 0.978503279691, 0.572068592785, 0.859486686074, 0.0918594573634, 0.241116703664, 0.874603713514, 0.889791893264, 0.013122808429, 0.297338338949, 275.373
0.664393856367, 0.456276527325, 0.115580016148, 0.727339152584, 0.851481851343, 0.270749282884, 0.785429340754, 0.648823301598, 0.732428646168, 0.900995904574, 0.0811591494705, 0.393390186025, 0.99161635498, 0.837220955074, 0.338394370596, 0.332926594898, 275.373
0.664393856367, 0.329148286524, 0.0728574078962, 0.644135333534, 0.656127505869, 0.133622558342, 0.785429340754, 0.958920157262, 0.572068592785, 0.859486686074, 0.0918594573634, 0.241116703664, 0.874603713514, 0.889791893264, 0.013122808429, 0.218835623666, 275.373
0.557584623443, 0.456276527325, 0.277927929561, 0.727339152584, 0.6514607382, 0.270749282884, 0.544095167824, 0.633981350031, 0.732428646168, 0.900995904574, 0.0811591494705, 0.167421503628, 0.867065050984, 0.943545851686, 0.438020645938, 0.450351233818, 275.373
0.754693819995, 0.225215551536, 0.200732468196, 0.579409999845, 0.794759384856, 0.358340389494, 0.0851392538734, 0.708581253598, 0.684319850951, 0.195218446214, 0.932910733085, 0.338050187514, 0.988865376304, 0.5091457385, 0.0523198076529, 0.0236180488929, 275.373
0.664393856367, 0.308437030288, 0.176491545894, 0.644135333534, 0.656127505869, 0.133622558342, 0.785429340754, 0.958920157262, 0.572068592785, 0.859486686074, 0.0918594573634, 0.143739710625, 0.874603713514, 0.889791893264, 0.013122808429, 0.297338338949, 275.373
0.557584623443, 0.456276527325, 0.115580016148, 0.727339152584, 0.6514607382, 0.270749282884, 0.644749237109, 0.633981350031, 0.572068592785, 0.900995904574, 0.0811591494705, 0.167421503628, 0.99161635498, 0.837220955074, 0.338394370596, 0.332926594898, 275.373
0.664393856367, 0.140023670626, 0.0728574078962, 0.221004575515, 0.656127505869, 0.133622558342, 0.785429340754, 0.958920157262, 0.732428646168, 0.859486686074, 0.0918594573634, 0.241116703664, 0.874603713514, 0.889791893264, 0.000575822278772, 0.297338338949, 275.373
0.960557668016, 0.367712373383, 0.107620201059, 0.39815320133, 0.721262612014, 0.484578320261, 0.965466164659, 0.272606520404, 0.521966780871, 0.388817021802, 0.0811591494705, 0.774158889099, 0.93485909351, 0.636814823391, 0.115140686112, 0.40284319732, 275.373
0.557584623443, 0.456276527325, 0.115580016148, 0.727339152584, 0.6514607382, 0.270749282884, 0.544095167824, 0.195901511452, 0.732428646168, 0.900995904574, 0.010046743804, 0.167421503628, 0.867065050984, 0.837220955074, 0.338394370596, 0.332926594898, 275.373
0.829512996923, 0.0316156889151, 0.241770652394, 0.351926341163, 0.803459041751, 0.328850351861, 0.75233133284, 0.708581253598, 0.950896784793, 0.292297445089, 0.981935262063, 0.20285452622, 0.892670196206, 0.844373188277, 0.0523198076529, 0.450351233818, 275.373
0.754693819995, 0.0706640455354, 0.244925503359, 0.580907479407, 0.794759384856, 0.358340389494, 0.0851392538734, 0.360931949422, 0.684319850951, 0.351140496204, 0.932910733085, 0.338050187514, 0.988865376304, 0.5091457385, 0.438020645938, 0.0236180488929, 275.373
0.557584623443, 0.308437030288, 0.176491545894, 0.644135333534, 0.656127505869, 0.133622558342, 0.644749237109, 0.978503279691, 0.572068592785, 0.859486686074, 0.0918594573634, 0.241116703664, 0.874603713514, 0.889791893264, 0.013122808429, 0.297338338949, 275.373
0.664393856367, 0.456276527325, 0.115580016148, 0.727339152584, 0.851481851343, 0.270749282884, 0.785429340754, 0.648823301598, 0.732428646168, 0.900995904574, 0.0811591494705, 0.393390186025, 0.99161635498, 0.837220955074, 0.338394370596, 0.332926594898, 275.373
0.664393856367, 0.329148286524, 0.0728574078962, 0.644135333534, 0.656127505869, 0.133622558342, 0.785429340754, 0.958920157262, 0.572068592785, 0.859486686074, 0.0918594573634, 0.241116703664, 0.874603713514, 0.889791893264, 0.013122808429, 0.218835623666, 275.373
0.557584623443, 0.456276527325, 0.277927929561, 0.727339152584, 0.6514607382, 0.270749282884, 0.544095167824, 0.633981350031, 0.732428646168, 0.900995904574, 0.0811591494705, 0.167421503628, 0.867065050984, 0.943545851686, 0.438020645938, 0.450351233818, 275.373
0.754693819995, 0.225215551536, 0.200732468196, 0.579409999845, 0.794759384856, 0.358340389494, 0.0851392538734, 0.708581253598, 0.684319850951, 0.195218446214, 0.932910733085, 0.338050187514, 0.988865376304, 0.5091457385, 0.0523198076529, 0.0236180488929, 275.373
0.664393856367, 0.308437030288, 0.176491545894, 0.644135333534, 0.656127505869, 0.133622558342, 0.785429340754, 0.958920157262, 0.572068592785, 0.859486686074, 0.0918594573634, 0.143739710625, 0.874603713514, 0.889791893264, 0.013122808429, 0.297338338949, 275.373
0.673828313035, 0.765207956144, 0.991331211336, 0.112561820322, 0.224267281874, 0.97708617238, 0.55304132624, 0.490152265671, 0.836991824367, 0.843087936142, 0.28564304228, 0.452784770301, 0.663620940679, 0.751196839406, 0.394974864775, 0.0425638371155, 279.153
0.673828313035, 0.635927667304, 0.879857411454, 0.0497156260794, 0.371886910171, 0.668978733916, 0.346887258885, 0.812347974967, 0.789793291488, 0.860563711095, 0.28564304228, 0.452784770301, 0.663620940679, 0.751196839406, 0.394974864775, 0.413062621865, 279.153
0.673828313035, 0.635927667304, 0.879857411454, 0.0497156260794, 0.21770545472, 0.97708617238, 0.346887258885, 0.490152265671, 0.837099433935, 0.843087936142, 0.28564304228, 0.452784770301, 0.663620940679, 0.751196839406, 0.394974864775, 0.0861008958194, 279.153
0.673828313035, 0.635927667304, 0.879857411454, 0.112561820322, 0.224267281874, 0.668978733916, 0.346887258885, 0.812347974967, 0.836991824367, 0.860563711095, 0.28564304228, 0.452784770301, 0.633568048566, 0.751196839406, 0.394974864775, 0.0425638371155, 279.153
0.673828313035, 0.765207956144, 0.991331211336, 0.112561820322, 0.224267281874, 0.97708617238, 0.55304132624, 0.490152265671, 0.836991824367, 0.843087936142, 0.28564304228, 0.452784770301, 0.663620940679, 0.751196839406, 0.394974864775, 0.0425638371155, 279.153
0.673828313035, 0.635927667304, 0.879857411454, 0.0497156260794, 0.371886910171, 0.668978733916, 0.346887258885, 0.812347974967, 0.789793291488, 0.860563711095, 0.28564304228, 0.452784770301, 0.663620940679, 0.751196839406, 0.394974864775, 0.413062621865, 279.153
0.673828313035, 0.635927667304, 0.879857411454, 0.0497156260794, 0.21770545472, 0.97708617238, 0.346887258885, 0.490152265671, 0.837099433935, 0.843087936142, 0.28564304228, 0.452784770301, 0.663620940679, 0.751196839406, 0.394974864775, 0.0861008958194, 279.153
0.673828313035, 0.635927667304, 0.879857411454, 0.112561820322, 0.224267281874, 0.668978733916, 0.346887258885, 0.812347974967, 0.836991824367, 0.860563711095, 0.28564304228, 0.452784770301, 0.633568048566, 0.751196839406, 0.394974864775, 0.0425638371155, 279.153
0.978825665674, 0.713662093437, 0.469521898187, 0.363921783888, 0.99721469977, 0.692110469149, 0.294337554973, 0.970013991582, 0.87647061232, 0.0722984803799, 0.416088873497, 0.895960694127, 0.703738031762, 0.555219434685, 0.107632052812, 0.327536453195, 287.107
0.636086367558, 0.713662093437, 0.469521898187, 0.363921783888, 0.99721469977, 0.692110469149, 0.109866020511, 0.970013991582, 0.87647061232, 0.0722984803799, 0.416088873497, 0.895960694127, 0.780529564319, 0.789957509503, 0.107632052812, 0.327536453195, 287.107
0.978825665674, 0.713662093437, 0.469521898187, 0.363921783888, 0.99721469977, 0.692110469149, 0.294337554973, 0.970013991582, 0.87647061232, 0.0722984803799, 0.416088873497, 0.895960694127, 0.703738031762, 0.555219434685, 0.107632052812, 0.327536453195, 287.107
0.636086367558, 0.713662093437, 0.469521898187, 0.363921783888, 0.99721469977, 0.692110469149, 0.109866020511, 0.970013991582, 0.87647061232, 0.0722984803799, 0.416088873497, 0.895960694127, 0.780529564319, 0.789957509503, 0.107632052812, 0.327536453195, 287.107
0.588098417965, 0.380240151186, 0.909570152431, 0.60431426471, 0.209670793232, 0.952734745915, 0.992690938332, 0.563600586749, 0.76071902702, 0.956498678138, 0.0226789247048, 0.164835891748, 0.984727779475, 0.503747510646, 0.295638356669, 0.431792160446, 299.77
0.57034575879, 0.0723180482095, 0.700056133533, 0.628378690138, 0.533279044391, 0.960960706403, 0.763307556302, 0.10114083695, 0.662504928324, 0.0359981999021, 0.914839263383, 0.468641563927, 0.974375665391, 0.569562759387, 0.00570216587236, 0.0594399478763, 299.77
0.8882692786, 0.333472736881, 0.675073919259, 0.0103499242805, 0.704289116298, 0.83089622292, 0.72398745568, 0.75790062731, 0.918715206471, 0.858603207529, 0.111289186731, 0.144694193972, 0.752087937001, 0.930207886586, 0.409381062881, 0.0642608440663, 299.77
0.8882692786, 0.333472736881, 0.851212982867, 0.0103499242805, 0.533279044391, 0.83089622292, 0.90037881881, 0.75790062731, 0.918715206471, 0.858603207529, 0.111289186731, 0.144694193972, 0.977240187712, 0.930207886586, 0.409381062881, 0.0594399478763, 299.77
0.57034575879, 0.227072815839, 0.851956016223, 0.628378690138, 0.704289116298, 0.960960706403, 0.90037881881, 0.10114083695, 0.662504928324, 0.0359981999021, 0.914839263383, 0.468641563927, 0.965778241052, 0.569562759387, 0.00570216587236, 0.0594399478763, 299.77
0.814610009707, 0.333472736881, 0.675073919259, 0.00170420303985, 0.533279044391, 0.83089622292, 0.72398745568, 0.75790062731, 0.918715206471, 0.858603207529, 0.111289186731, 0.144694193972, 0.977240187712, 0.930207886586, 0.409381062881, 0.0642608440663, 299.77
0.8882692786, 0.333472736881, 0.675073919259, 0.0103499242805, 0.533279044391, 0.83089622292, 0.90037881881, 0.75790062731, 0.978548149136, 0.858603207529, 0.111289186731, 0.144694193972, 0.66601444037, 0.930207886586, 0.409381062881, 0.0594399478763, 299.77
0.588098417965, 0.380240151186, 0.909570152431, 0.60431426471, 0.209670793232, 0.952734745915, 0.992690938332, 0.563600586749, 0.76071902702, 0.956498678138, 0.0226789247048, 0.164835891748, 0.984727779475, 0.503747510646, 0.295638356669, 0.431792160446, 299.77
0.57034575879, 0.0723180482095, 0.700056133533, 0.628378690138, 0.533279044391, 0.960960706403, 0.763307556302, 0.10114083695, 0.662504928324, 0.0359981999021, 0.914839263383, 0.468641563927, 0.974375665391, 0.569562759387, 0.00570216587236, 0.0594399478763, 299.77
0.8882692786, 0.333472736881, 0.675073919259, 0.0103499242805, 0.704289116298, 0.83089622292, 0.72398745568, 0.75790062731, 0.918715206471, 0.858603207529, 0.111289186731, 0.144694193972, 0.752087937001, 0.930207886586, 0.409381062881, 0.0642608440663, 299.77
0.8882692786, 0.333472736881, 0.851212982867, 0.0103499242805, 0.533279044391, 0.83089622292, 0.90037881881, 0.75790062731, 0.918715206471, 0.858603207529, 0.111289186731, 0.144694193972, 0.977240187712, 0.930207886586, 0.409381062881, 0.0594399478763, 299.77
0.57034575879, 0.227072815839, 0.851956016223, 0.628378690138, 0.704289116298, 0.960960706403, 0.90037881881, 0.10114083695, 0.662504928324, 0.0359981999021, 0.914839263383, 0.468641563927, 0.965778241052, 0.569562759387, 0.00570216587236, 0.0594399478763, 299.77
0.814610009707, 0.333472736881, 0.675073919259, 0.00170420303985, 0.533279044391, 0.83089622292, 0.72398745568, 0.75790062731, 0.918715206471, 0.858603207529, 0.111289186731, 0.144694193972, 0.977240187712, 0.930207886586, 0.409381062881, 0.0642608440663, 299.77
0.8882692786, 0.333472736881, 0.675073919259, 0.0103499242805, 0.533279044391, 0.83089622292, 0.90037881881, 0.75790062731, 0.978548149136, 0.858603207529, 0.111289186731, 0.144694193972, 0.66601444037, 0.930207886586, 0.409381062881, 0.0594399478763, 299.77
0.829512996923, 0.115700396573, 0.244925503359, 0.202873475451, 0.55449529162, 0.891049313603, 0.0851392538734, 0.722308007005, 0.684319850951, 0.351140496204, 0.981935262063, 0.20285452622, 0.892670196206, 0.75387481995, 0.010251595166, 0.450351233818, 304.997
0.829512996923, 0.115700396573, 0.244925503359, 0.202873475451, 0.774074601959, 0.891049313603, 0.501614511125, 0.708581253598, 0.686227097713, 0.195218446214, 0.981935262063, 0.20285452622, 0.988958807479, 0.75387481995, 0.438020645938, 0.450351233818, 304.997
0.754693819995, 0.308437030288, 0.241770652394, 0.580907479407, 0.794759384856, 0.739927410389, 0.75233133284, 0.360931949422, 0.950896784793, 0.195218446214, 0.932910733085, 0.377884375286, 0.996323553596, 0.5091457385, 0.438020645938, 0.00725996038486, 304.997
0.829512996923, 0.115700396573, 0.244925503359, 0.202873475451, 0.774074601959, 0.891049313603, 0.501614511125, 0.708581253598, 0.686227097713, 0.195218446214, 0.981935262063, 0.20285452622, 0.988958807479, 0.75387481995, 0.438020645938, 0.450351233818, 304.997
