0.582453292094, 0.687035271741, 0.846678863769, 0.240614822627, 0.768941045649, 0.149456571366, 0.319133547307, 0.0148210940116, 0.521193277501, 0.81593449836, 0.188174803893, 0.478794788094, 0.733989265971, 0.74836016708, 0.092733083621, 0.0705862477615, 249.497
0.582453292094, 0.687035271741, 0.846678863769, 0.240614822627, 0.768941045649, 0.149456571366, 0.319133547307, 0.0148210940116, 0.521193277501, 0.81593449836, 0.188174803893, 0.389746902512, 0.733989265971, 0.74836016708, 0.0228872542561, 0.0705862477615, 249.497
0.923662269438, 0.745194010023, 0.688464633314, 0.955986308817, 0.770649688492, 0.30781622841, 0.317751255807, 0.266965275836, 0.660569656003, 0.128949002778, 0.679924324961, 0.208015954968, 0.591163272403, 0.786259244294, 0.194653479674, 0.095329884871, 249.497
0.582453292094, 0.687035271741, 0.846678863769, 0.240614822627, 0.768941045649, 0.149456571366, 0.319133547307, 0.0148210940116, 0.521193277501, 0.81593449836, 0.188174803893, 0.478794788094, 0.733989265971, 0.74836016708, 0.092733083621, 0.0705862477615, 249.497
0.582453292094, 0.687035271741, 0.846678863769, 0.240614822627, 0.768941045649, 0.149456571366, 0.319133547307, 0.0148210940116, 0.521193277501, 0.81593449836, 0.188174803893, 0.389746902512, 0.733989265971, 0.74836016708, 0.0228872542561, 0.0705862477615, 249.497
0.923662269438, 0.745194010023, 0.688464633314, 0.955986308817, 0.770649688492, 0.30781622841, 0.317751255807, 0.266965275836, 0.660569656003, 0.128949002778, 0.679924324961, 0.208015954968, 0.591163272403, 0.786259244294, 0.194653479674, 0.095329884871, 249.497
0.688901805566, 0.856058405713, 0.701151565808, 0.0620147344568, 0.616375409397, 0.0790024408459, 0.693396974207, 0.181772454408, 0.657591864413, 0.74367555391, 0.138312166051, 0.414275890792, 0.538031101459, 0.998293148711, 0.149790812725, 0.116558205022, 249.73
0.688901805566, 0.856058405713, 0.701151565808, 0.0620147344568, 0.616375409397, 0.0790024408459, 0.693396974207, 0.181772454408, 0.657591864413, 0.74367555391, 0.138312166051, 0.414275890792, 0.538031101459, 0.998293148711, 0.149790812725, 0.116558205022, 249.73
0.978825665674, 0.745194010023, 0.933703261071, 0.584499414854, 0.858973455543, 0.460220466189, 0.109866020511, 0.970013991582, 0.87647061232, 0.085079008302, 0.416088873497, 0.895960694127, 0.703738031762, 0.555219434685, 0.107632052812, 0.272619274141, 252.63
0.569719054882, 0.768838729527, 0.952917831022, 0.569305318004, 0.918907108062, 0.455402809064, 0.61132224956, 0.921264002786, 0.514051244193, 0.206871947316, 0.30023076371, 0.924362380787, 0.94088084637, 0.506871931588, 0.338394370596, 0.152648365303, 252.63
0.978825665674, 0.745194010023, 0.933703261071, 0.584499414854, 0.858973455543, 0.460220466189, 0.109866020511, 0.970013991582, 0.87647061232, 0.085079008302, 0.416088873497, 0.895960694127, 0.703738031762, 0.555219434685, 0.107632052812, 0.272619274141, 252.63
0.569719054882, 0.768838729527, 0.952917831022, 0.569305318004, 0.918907108062, 0.455402809064, 0.61132224956, 0.921264002786, 0.514051244193, 0.206871947316, 0.30023076371, 0.924362380787, 0.94088084637, 0.506871931588, 0.338394370596, 0.152648365303, 252.63
0.582453292094, 0.924490077658, 0.846678863769, 0.240614822627, 0.768941045649, 0.0914019231163, 0.975329028769, 0.526847932229, 0.521193277501, 0.81593449836, 0.188174803893, 0.389746902512, 0.789054261524, 0.74836016708, 0.092733083621, 0.315346929225, 253.01
0.582453292094, 0.687035271741, 0.678951100358, 0.240614822627, 0.768941045649, 0.149456571366, 0.319133547307, 0.605819464363, 0.521193277501, 0.81593449836, 0.188174803893, 0.389746902512, 0.733989265971, 0.74836016708, 0.0836386096079, 0.315346929225, 253.01
0.896908053772, 0.906632650258, 0.846678863769, 0.240614822627, 0.735372952512, 0.268472038626, 0.0496612960344, 0.857201976848, 0.521193277501, 0.142297281825, 0.791679842913, 0.235848241569, 0.954456241101, 0.827553500757, 0.26368311597, 0.0533271517404, 253.01
0.582453292094, 0.985760771537, 0.834878200832, 0.0489439610432, 0.45154840195, 0.268472038626, 0.0532131940027, 0.526847932229, 0.653852610297, 0.128949002778, 0.95779595787, 0.292562643216, 0.696815763753, 0.503011712157, 0.183617578798, 0.0472984666745, 253.01
0.743128083602, 0.851457901874, 0.654473172691, 0.0987267767151, 0.918907108062, 0.455402809064, 0.518402248555, 0.88739208965, 0.514051244193, 0.388896291485, 0.160362973053, 0.924362380787, 0.94088084637, 0.766836973575, 0.454867675844, 0.115626592592, 253.01
0.582453292094, 0.924490077658, 0.846678863769, 0.240614822627, 0.768941045649, 0.0914019231163, 0.887998199696, 0.699175113368, 0.521193277501, 0.81593449836, 0.188174803893, 0.389746902512, 0.789054261524, 0.92312373213, 0.454867675844, 0.315346929225, 253.01
0.896908053772, 0.74026607222, 0.654473172691, 0.0489439610432, 0.918907108062, 0.220524060029, 0.531136358095, 0.921264002786, 0.514051244193, 0.388896291485, 0.0205896188443, 0.980796172178, 0.992853651076, 0.506871931588, 0.092733083621, 0.115626592592, 253.01
0.582453292094, 0.687035271741, 0.678951100358, 0.240614822627, 0.768941045649, 0.149456571366, 0.319133547307, 0.526847932229, 0.521193277501, 0.81593449836, 0.188174803893, 0.389746902512, 0.954456241101, 0.74836016708, 0.092733083621, 0.315346929225, 253.01
0.896908053772, 0.906632650258, 0.846678863769, 0.240614822627, 0.735372952512, 0.268472038626, 0.0532131940027, 0.857201976848, 0.521193277501, 0.142297281825, 0.791679842913, 0.235848241569, 0.733989265971, 0.827553500757, 0.465558992055, 0.0705862477615, 253.01
0.896908053772, 0.906632650258, 0.834878200832, 0.246426828782, 0.45154840195, 0.268472038626, 0.0532131940027, 0.857201976848, 0.653852610297, 0.128949002778, 0.95779595787, 0.292562643216, 0.696815763753, 0.503011712157, 0.183617578798, 0.0724120471495, 253.01
0.743128083602, 0.851457901874, 0.654473172691, 0.0987267767151, 0.854488575741, 0.455402809064, 0.61132224956, 0.88739208965, 0.514051244193, 0.329550829859, 0.160362973053, 0.924362380787, 0.94088084637, 0.624599617642, 0.454867675844, 0.115626592592, 253.01
0.743128083602, 0.774928136668, 0.654473172691, 0.0987267767151, 0.926907430924, 0.323357318315, 0.61132224956, 0.932220304523, 0.68999985005, 0.471898750822, 0.041079167902, 0.888916131526, 0.94088084637, 0.642377131582, 0.0894082132626, 0.418957438481, 253.01
0.743128083602, 0.685069858039, 0.654473172691, 0.0987267767151, 0.918907108062, 0.323357318315, 0.61132224956, 0.932220304523, 0.531039629372, 0.153334279612, 0.041079167902, 0.888916131526, 0.94088084637, 0.642377131582, 0.454867675844, 0.180543393129, 253.01
0.582453292094, 0.924490077658, 0.846678863769, 0.240614822627, 0.768941045649, 0.0914019231163, 0.975329028769, 0.526847932229, 0.521193277501, 0.81593449836, 0.188174803893, 0.389746902512, 0.789054261524, 0.74836016708, 0.092733083621, 0.315346929225, 253.01
0.582453292094, 0.687035271741, 0.678951100358, 0.240614822627, 0.768941045649, 0.149456571366, 0.319133547307, 0.605819464363, 0.521193277501, 0.81593449836, 0.188174803893, 0.389746902512, 0.733989265971, 0.74836016708, 0.0836386096079, 0.315346929225, 253.01
0.896908053772, 0.906632650258, 0.846678863769, 0.240614822627, 0.735372952512, 0.268472038626, 0.0496612960344, 0.857201976848, 0.521193277501, 0.142297281825, 0.791679842913, 0.235848241569, 0.954456241101, 0.827553500757, 0.26368311597, 0.0533271517404, 253.01
0.582453292094, 0.985760771537, 0.834878200832, 0.0489439610432, 0.45154840195, 0.268472038626, 0.0532131940027, 0.526847932229, 0.653852610297, 0.128949002778, 0.95779595787, 0.292562643216, 0.696815763753, 0.503011712157, 0.183617578798, 0.0472984666745, 253.01
0.743128083602, 0.851457901874, 0.654473172691, 0.0987267767151, 0.918907108062, 0.455402809064, 0.518402248555, 0.88739208965, 0.514051244193, 0.388896291485, 0.160362973053, 0.924362380787, 0.94088084637, 0.766836973575, 0.454867675844, 0.115626592592, 253.01
0.582453292094, 0.924490077658, 0.846678863769, 0.240614822627, 0.768941045649, 0.0914019231163, 0.887998199696, 0.699175113368, 0.521193277501, 0.81593449836, 0.188174803893, 0.389746902512, 0.789054261524, 0.92312373213, 0.454867675844, 0.315346929225, 253.01
0.896908053772, 0.74026607222, 0.654473172691, 0.0489439610432, 0.918907108062, 0.220524060029, 0.531136358095, 0.921264002786, 0.514051244193, 0.388896291485, 0.0205896188443, 0.980796172178, 0.992853651076, 0.506871931588, 0.092733083621, 0.115626592592, 253.01
0.582453292094, 0.687035271741, 0.678951100358, 0.240614822627, 0.768941045649, 0.149456571366, 0.319133547307, 0.526847932229, 0.521193277501, 0.81593449836, 0.188174803893, 0.389746902512, 0.954456241101, 0.74836016708, 0.092733083621, 0.315346929225, 253.01
0.896908053772, 0.906632650258, 0.846678863769, 0.240614822627, 0.735372952512, 0.268472038626, 0.0532131940027, 0.857201976848, 0.521193277501, 0.142297281825, 0.791679842913, 0.235848241569, 0.733989265971, 0.827553500757, 0.465558992055, 0.0705862477615, 253.01
0.896908053772, 0.906632650258, 0.834878200832, 0.246426828782, 0.45154840195, 0.268472038626, 0.0532131940027, 0.857201976848, 0.653852610297, 0.128949002778, 0.95779595787, 0.292562643216, 0.696815763753, 0.503011712157, 0.183617578798, 0.0724120471495, 253.01
0.743128083602, 0.851457901874, 0.654473172691, 0.0987267767151, 0.854488575741, 0.455402809064, 0.61132224956, 0.88739208965, 0.514051244193, 0.329550829859, 0.160362973053, 0.924362380787, 0.94088084637, 0.624599617642, 0.454867675844, 0.115626592592, 253.01
0.743128083602, 0.774928136668, 0.654473172691, 0.0987267767151, 0.926907430924, 0.323357318315, 0.61132224956, 0.932220304523, 0.68999985005, 0.471898750822, 0.041079167902, 0.888916131526, 0.94088084637, 0.642377131582, 0.0894082132626, 0.418957438481, 253.01
0.743128083602, 0.685069858039, 0.654473172691, 0.0987267767151, 0.918907108062, 0.323357318315, 0.61132224956, 0.932220304523, 0.531039629372, 0.153334279612, 0.041079167902, 0.888916131526, 0.94088084637, 0.642377131582, 0.454867675844, 0.180543393129, 253.01
0.688901805566, 0.991957283976, 0.0454240850355, 0.0620147344568, 0.232471444942, 0.0217579452827, 0.693396974207, 0.181772454408, 0.657591864413, 0.963043209695, 0.138312166051, 0.414275890792, 0.538031101459, 0.998293148711, 0.149790812725, 0.116558205022, 254.11
0.848439915608, 0.943014028533, 0.0467514664198, 0.746630639479, 0.633365050799, 0.0276418986835, 0.677074581399, 0.510846399598, 0.954722585356, 0.330793316368, 0.882221174506, 0.357593248468, 0.513257876923, 0.953653301563, 0.205692234335, 0.214957464174, 254.11
0.848439915608, 0.943014028533, 0.0558497821419, 0.746630639479, 0.633365050799, 0.0276418986835, 0.888683543337, 0.510846399598, 0.954722585356, 0.330793316368, 0.791377628829, 0.357593248468, 0.513257876923, 0.953653301563, 0.205692234335, 0.214957464174, 254.11
0.803239131063, 0.53974227456, 0.173529645483, 0.996552637758, 0.858973455543, 0.223398955835, 0.771969683986, 0.418652459324, 0.660569656003, 0.116777311551, 0.531634660762, 0.208015954968, 0.776802817612, 0.786259244294, 0.412231308552, 0.102084666137, 254.11
0.588098417965, 0.648757753532, 0.327745326317, 0.60431426471, 0.209670793232, 0.441954045603, 0.992690938332, 0.708581253598, 0.76071902702, 0.956498678138, 0.0226789247048, 0.0882247713307, 0.989343059984, 0.503747510646, 0.295638356669, 0.246988565358, 254.11
0.688901805566, 0.991957283976, 0.0454240850355, 0.0620147344568, 0.232471444942, 0.0217579452827, 0.693396974207, 0.181772454408, 0.657591864413, 0.963043209695, 0.138312166051, 0.414275890792, 0.538031101459, 0.998293148711, 0.149790812725, 0.116558205022, 254.11
0.848439915608, 0.943014028533, 0.0467514664198, 0.746630639479, 0.633365050799, 0.0276418986835, 0.677074581399, 0.510846399598, 0.954722585356, 0.330793316368, 0.882221174506, 0.357593248468, 0.513257876923, 0.953653301563, 0.205692234335, 0.214957464174, 254.11
0.848439915608, 0.943014028533, 0.0558497821419, 0.746630639479, 0.633365050799, 0.0276418986835, 0.888683543337, 0.510846399598, 0.954722585356, 0.330793316368, 0.791377628829, 0.357593248468, 0.513257876923, 0.953653301563, 0.205692234335, 0.214957464174, 254.11
0.803239131063, 0.53974227456, 0.173529645483, 0.996552637758, 0.858973455543, 0.223398955835, 0.771969683986, 0.418652459324, 0.660569656003, 0.116777311551, 0.531634660762, 0.208015954968, 0.776802817612, 0.786259244294, 0.412231308552, 0.102084666137, 254.11
0.588098417965, 0.648757753532, 0.327745326317, 0.60431426471, 0.209670793232, 0.441954045603, 0.992690938332, 0.708581253598, 0.76071902702, 0.956498678138, 0.0226789247048, 0.0882247713307, 0.989343059984, 0.503747510646, 0.295638356669, 0.246988565358, 254.11
0.990624794541, 0.919585232143, 0.0437755158431, 0.0489439610432, 0.770649688492, 0.268472038626, 0.0532131940027, 0.857201976848, 0.653852610297, 0.118936926498, 0.945634810854, 0.292562643216, 0.696815763753, 0.704589106622, 0.183617578798, 0.0724120471495, 257.463
0.923662269438, 0.907986484192, 0.173529645483, 0.955986308817, 0.770649688492, 0.167884269035, 0.317751255807, 0.266965275836, 0.660569656003, 0.118936926498, 0.679924324961, 0.117347142938, 0.757580997682, 0.786259244294, 0.279029623293, 0.102084666137, 257.463
0.979960806031, 0.54937256232, 0.173529645483, 0.58851371203, 0.770649688492, 0.117541355042, 0.109866020511, 0.970013991582, 0.87647061232, 0.0351306693319, 0.416088873497, 0.895960694127, 0.703738031762, 0.701353809203, 0.107632052812, 0.214957464174, 257.463
0.896908053772, 0.919585232143, 0.0437755158431, 0.0489439610432, 0.45154840195, 0.268472038626, 0.0532131940027, 0.857201976848, 0.899810737988, 0.118936926498, 0.95779595787, 0.292562643216, 0.696815763753, 0.704589106622, 0.183617578798, 0.0724120471495, 257.463
0.978825665674, 0.907986484192, 0.186761328967, 0.584499414854, 0.920384445594, 0.417094414636, 0.109866020511, 0.970013991582, 0.733410482692, 0.0127134566466, 0.416088873497, 0.895960694127, 0.703738031762, 0.555219434685, 0.0276353683712, 0.1658898232, 257.463
0.803239131063, 0.762299687397, 0.173529645483, 0.996552637758, 0.770649688492, 0.223398955835, 0.317751255807, 0.266965275836, 0.87647061232, 0.116777311551, 0.531634660762, 0.451578228162, 0.776802817612, 0.938708237507, 0.412231308552, 0.102084666137, 257.463
0.923662269438, 0.907986484192, 0.173529645483, 0.955986308817, 0.770649688492, 0.30781622841, 0.317751255807, 0.266965275836, 0.660569656003, 0.118936926498, 0.679924324961, 0.117347142938, 0.757580997682, 0.786259244294, 0.412231308552, 0.0425279106159, 257.463
0.990624794541, 0.919585232143, 0.0437755158431, 0.0489439610432, 0.770649688492, 0.268472038626, 0.0532131940027, 0.857201976848, 0.653852610297, 0.118936926498, 0.945634810854, 0.292562643216, 0.696815763753, 0.704589106622, 0.183617578798, 0.0724120471495, 257.463
0.923662269438, 0.907986484192, 0.173529645483, 0.955986308817, 0.770649688492, 0.167884269035, 0.317751255807, 0.266965275836, 0.660569656003, 0.118936926498, 0.679924324961, 0.117347142938, 0.757580997682, 0.786259244294, 0.279029623293, 0.102084666137, 257.463
0.979960806031, 0.54937256232, 0.173529645483, 0.58851371203, 0.770649688492, 0.117541355042, 0.109866020511, 0.970013991582, 0.87647061232, 0.0351306693319, 0.416088873497, 0.895960694127, 0.703738031762, 0.701353809203, 0.107632052812, 0.214957464174, 257.463
0.896908053772, 0.919585232143, 0.0437755158431, 0.0489439610432, 0.45154840195, 0.268472038626, 0.0532131940027, 0.857201976848, 0.899810737988, 0.118936926498, 0.95779595787, 0.292562643216, 0.696815763753, 0.704589106622, 0.183617578798, 0.0724120471495, 257.463
0.978825665674, 0.907986484192, 0.186761328967, 0.584499414854, 0.920384445594, 0.417094414636, 0.109866020511, 0.970013991582, 0.733410482692, 0.0127134566466, 0.416088873497, 0.895960694127, 0.703738031762, 0.555219434685, 0.0276353683712, 0.1658898232, 257.463
0.803239131063, 0.762299687397, 0.173529645483, 0.996552637758, 0.770649688492, 0.223398955835, 0.317751255807, 0.266965275836, 0.87647061232, 0.116777311551, 0.531634660762, 0.451578228162, 0.776802817612, 0.938708237507, 0.412231308552, 0.102084666137, 257.463
0.923662269438, 0.907986484192, 0.173529645483, 0.955986308817, 0.770649688492, 0.30781622841, 0.317751255807, 0.266965275836, 0.660569656003, 0.118936926498, 0.679924324961, 0.117347142938, 0.757580997682, 0.786259244294, 0.412231308552, 0.0425279106159, 257.463
0.829512996923, 0.0316156889151, 0.241770652394, 0.580907479407, 0.41646112409, 0.253422222091, 0.992690938332, 0.563600586749, 0.950896784793, 0.292297445089, 0.981935262063, 0.20285452622, 0.892670196206, 0.844373188277, 0.0439540284043, 0.450351233818, 259.8399
0.829512996923, 0.0316156889151, 0.241770652394, 0.580907479407, 0.41646112409, 0.261826246461, 0.75233133284, 0.708581253598, 0.950896784793, 0.292297445089, 0.981935262063, 0.134300165684, 0.892670196206, 0.844373188277, 0.0523198076529, 0.450351233818, 259.8399
0.588098417965, 0.456276527325, 0.327745326317, 0.727339152584, 0.122771767143, 0.270749282884, 0.544095167824, 0.195901511452, 0.971774492722, 0.964299471511, 0.444364207708, 0.167421503628, 0.867065050984, 0.837220955074, 0.169388619717, 0.332926594898, 259.8399
0.557584623443, 0.380240151186, 0.557468911914, 0.60431426471, 0.209670793232, 0.253422222091, 0.992690938332, 0.563600586749, 0.76071902702, 0.956498678138, 0.0226789247048, 0.157950581085, 0.989343059984, 0.503747510646, 0.295638356669, 0.246988565358, 259.8399
0.829512996923, 0.0316156889151, 0.241770652394, 0.580907479407, 0.41646112409, 0.110758099302, 0.992690938332, 0.708581253598, 0.950896784793, 0.292297445089, 0.981935262063, 0.20285452622, 0.892670196206, 0.844373188277, 0.0439540284043, 0.450351233818, 259.8399
0.588098417965, 0.380240151186, 0.327745326317, 0.60431426471, 0.209670793232, 0.136672810688, 0.992690938332, 0.563600586749, 0.76071902702, 0.956498678138, 0.0226789247048, 0.0815316209246, 0.989343059984, 0.503747510646, 0.295638356669, 0.116866437198, 259.8399
0.829512996923, 0.0316156889151, 0.241770652394, 0.580907479407, 0.41646112409, 0.253422222091, 0.992690938332, 0.563600586749, 0.950896784793, 0.292297445089, 0.981935262063, 0.20285452622, 0.892670196206, 0.844373188277, 0.0439540284043, 0.450351233818, 259.8399
0.829512996923, 0.0316156889151, 0.241770652394, 0.580907479407, 0.41646112409, 0.261826246461, 0.75233133284, 0.708581253598, 0.950896784793, 0.292297445089, 0.981935262063, 0.134300165684, 0.892670196206, 0.844373188277, 0.0523198076529, 0.450351233818, 259.8399
0.588098417965, 0.456276527325, 0.327745326317, 0.727339152584, 0.122771767143, 0.270749282884, 0.544095167824, 0.195901511452, 0.971774492722, 0.964299471511, 0.444364207708, 0.167421503628, 0.867065050984, 0.837220955074, 0.169388619717, 0.332926594898, 259.8399
0.557584623443, 0.380240151186, 0.557468911914, 0.60431426471, 0.209670793232, 0.253422222091, 0.992690938332, 0.563600586749, 0.76071902702, 0.956498678138, 0.0226789247048, 0.157950581085, 0.989343059984, 0.503747510646, 0.295638356669, 0.246988565358, 259.8399
0.829512996923, 0.0316156889151, 0.241770652394, 0.580907479407, 0.41646112409, 0.110758099302, 0.992690938332, 0.708581253598, 0.950896784793, 0.292297445089, 0.981935262063, 0.20285452622, 0.892670196206, 0.844373188277, 0.0439540284043, 0.450351233818, 259.8399
0.588098417965, 0.380240151186, 0.327745326317, 0.60431426471, 0.209670793232, 0.136672810688, 0.992690938332, 0.563600586749, 0.76071902702, 0.956498678138, 0.0226789247048, 0.0815316209246, 0.989343059984, 0.503747510646, 0.295638356669, 0.116866437198, 259.8399
0.588098417965, 0.380240151186, 0.663294412657, 0.126758384096, 0.209670793232, 0.136672810688, 0.992690938332, 0.563600586749, 0.76071902702, 0.956498678138, 0.0226789247048, 0.0815316209246, 0.989343059984, 0.503747510646, 0.295638356669, 0.116866437198, 263.887
0.588098417965, 0.380240151186, 0.327745326317, 0.247233352581, 0.209670793232, 0.286977472078, 0.992690938332, 0.959813997152, 0.76071902702, 0.956498678138, 0.0226789247048, 0.0815316209246, 0.989343059984, 0.503747510646, 0.295638356669, 0.431792160446, 263.887
0.745962671512, 0.0317594736292, 0.997574906172, 0.0377416675286, 0.118040069439, 0.253422222091, 0.299350143935, 0.778442301733, 0.573322032436, 0.206871947316, 0.484726956146, 0.582039389323, 0.805275094898, 0.811745321374, 0.431925224512, 0.377046716387, 263.887
0.745962671512, 0.00928061144112, 0.998792941135, 0.0377416675286, 0.427777839246, 0.286977472078, 0.299350143935, 0.158457760072, 0.573322032436, 0.336760362623, 0.383861398443, 0.582039389323, 0.782498963568, 0.811745321374, 0.373984908845, 0.377046716387, 263.887
0.745962671512, 0.0317594736292, 0.952917831022, 0.0377416675286, 0.427777839246, 0.286977472078, 0.0426798785091, 0.778442301733, 0.573322032436, 0.206871947316, 0.383861398443, 0.582039389323, 0.782498963568, 0.811745321374, 0.0371099812727, 0.377046716387, 263.887
0.745962671512, 0.0317594736292, 0.933450621669, 0.0103322095416, 0.427777839246, 0.286977472078, 0.0111347340914, 0.778442301733, 0.573322032436, 0.206871947316, 0.383861398443, 0.582039389323, 0.521645238559, 0.811745321374, 0.431925224512, 0.377046716387, 263.887
0.743128083602, 0.370664229637, 0.654473172691, 0.0377416675286, 0.226194576275, 0.455402809064, 0.61132224956, 0.987572595515, 0.514051244193, 0.388896291485, 0.041079167902, 0.994008197779, 0.94088084637, 0.642377131582, 0.454867675844, 0.115626592592, 263.887
0.588098417965, 0.380240151186, 0.327745326317, 0.247233352581, 0.209670793232, 0.253422222091, 0.992690938332, 0.959813997152, 0.76071902702, 0.956498678138, 0.0226789247048, 0.0815316209246, 0.989343059984, 0.503747510646, 0.295638356669, 0.431792160446, 263.887
0.745962671512, 0.0317594736292, 0.997574906172, 0.0377416675286, 0.427777839246, 0.286977472078, 0.299350143935, 0.778442301733, 0.573322032436, 0.206871947316, 0.383861398443, 0.582039389323, 0.782498963568, 0.811745321374, 0.373984908845, 0.377046716387, 263.887
0.745962671512, 0.0317594736292, 0.952917831022, 0.0377416675286, 0.427777839246, 0.160954362009, 0.0426798785091, 0.778442301733, 0.573322032436, 0.206871947316, 0.383861398443, 0.582039389323, 0.782498963568, 0.811745321374, 0.0371099812727, 0.377046716387, 263.887
0.743128083602, 0.370664229637, 0.654473172691, 0.0377416675286, 0.226194576275, 0.455402809064, 0.120735342024, 0.987572595515, 0.514051244193, 0.388896291485, 0.041079167902, 0.888916131526, 0.94088084637, 0.642377131582, 0.454867675844, 0.115626592592, 263.887
0.745962671512, 0.281033758978, 0.927059772771, 0.0440188547232, 0.499125795108, 0.421664631767, 0.780768169479, 0.92421865425, 0.573322032436, 0.206871947316, 0.383861398443, 0.545386802592, 0.782498963568, 0.523549176328, 0.00568649007538, 0.377046716387, 263.887
0.588098417965, 0.380240151186, 0.663294412657, 0.126758384096, 0.209670793232, 0.136672810688, 0.992690938332, 0.563600586749, 0.76071902702, 0.956498678138, 0.0226789247048, 0.0815316209246, 0.989343059984, 0.503747510646, 0.295638356669, 0.116866437198, 263.887
0.588098417965, 0.380240151186, 0.327745326317, 0.247233352581, 0.209670793232, 0.286977472078, 0.992690938332, 0.959813997152, 0.76071902702, 0.956498678138, 0.0226789247048, 0.0815316209246, 0.989343059984, 0.503747510646, 0.295638356669, 0.431792160446, 263.887
0.745962671512, 0.0317594736292, 0.997574906172, 0.0377416675286, 0.118040069439, 0.253422222091, 0.299350143935, 0.778442301733, 0.573322032436, 0.206871947316, 0.484726956146, 0.582039389323, 0.805275094898, 0.811745321374, 0.431925224512, 0.377046716387, 263.887
0.745962671512, 0.00928061144112, 0.998792941135, 0.0377416675286, 0.427777839246, 0.286977472078, 0.299350143935, 0.158457760072, 0.573322032436, 0.336760362623, 0.383861398443, 0.582039389323, 0.782498963568, 0.811745321374, 0.373984908845, 0.377046716387, 263.887
0.745962671512, 0.0317594736292, 0.952917831022, 0.0377416675286, 0.427777839246, 0.286977472078, 0.0426798785091, 0.778442301733, 0.573322032436, 0.206871947316, 0.383861398443, 0.582039389323, 0.782498963568, 0.811745321374, 0.0371099812727, 0.377046716387, 263.887
0.745962671512, 0.0317594736292, 0.933450621669, 0.0103322095416, 0.427777839246, 0.286977472078, 0.0111347340914, 0.778442301733, 0.573322032436, 0.206871947316, 0.383861398443, 0.582039389323, 0.521645238559, 0.811745321374, 0.431925224512, 0.377046716387, 263.887
0.743128083602, 0.370664229637, 0.654473172691, 0.0377416675286, 0.226194576275, 0.455402809064, 0.61132224956, 0.987572595515, 0.514051244193, 0.388896291485, 0.041079167902, 0.994008197779, 0.94088084637, 0.642377131582, 0.454867675844, 0.115626592592, 263.887
0.588098417965, 0.380240151186, 0.327745326317, 0.247233352581, 0.209670793232, 0.253422222091, 0.992690938332, 0.959813997152, 0.76071902702, 0.956498678138, 0.0226789247048, 0.0815316209246, 0.989343059984, 0.503747510646, 0.295638356669, 0.431792160446, 263.887
0.745962671512, 0.0317594736292, 0.997574906172, 0.0377416675286, 0.427777839246, 0.286977472078, 0.299350143935, 0.778442301733, 0.573322032436, 0.206871947316, 0.383861398443, 0.582039389323, 0.782498963568, 0.811745321374, 0.373984908845, 0.377046716387, 263.887
0.745962671512, 0.0317594736292, 0.952917831022, 0.0377416675286, 0.427777839246, 0.160954362009, 0.0426798785091, 0.778442301733, 0.573322032436, 0.206871947316, 0.383861398443, 0.582039389323, 0.782498963568, 0.811745321374, 0.0371099812727, 0.377046716387, 263.887
0.743128083602, 0.370664229637, 0.654473172691, 0.0377416675286, 0.226194576275, 0.455402809064, 0.120735342024, 0.987572595515, 0.514051244193, 0.388896291485, 0.041079167902, 0.888916131526, 0.94088084637, 0.642377131582, 0.454867675844, 0.115626592592, 263.887
0.745962671512, 0.281033758978, 0.927059772771, 0.0440188547232, 0.499125795108, 0.421664631767, 0.780768169479, 0.92421865425, 0.573322032436, 0.206871947316, 0.383861398443, 0.545386802592, 0.782498963568, 0.523549176328, 0.00568649007538, 0.377046716387, 263.887
0.992186246584, 0.309763803026, 0.929720480274, 0.711538648483, 0.924254798942, 0.111365444373, 0.320576607346, 0.249396216313, 0.648657033055, 0.265937119354, 0.76111825357, 0.0850931447207, 0.547788943063, 0.882247381353, 0.277592473864, 0.466973633357, 268.397
0.557584623443, 0.107288865768, 0.569681975787, 0.272623431194, 0.6514607382, 0.133622558342, 0.644749237109, 0.633981350031, 0.572068592785, 0.900995904574, 0.0811591494705, 0.167421503628, 0.895311166236, 0.796647208496, 0.0828281953783, 0.297338338949, 268.397
