0.743128083602, 0.851457901874, 0.915756944531, 0.0987267767151, 0.854488575741, 0.455402809064, 0.61132224956, 0.384829077239, 0.514051244193, 0.329550829859, 0.160362973053, 0.924362380787, 0.696815763753, 0.624599617642, 0.454867675844, 0.110332437951, 247.483
0.743128083602, 0.851457901874, 0.915756944531, 0.0987267767151, 0.854488575741, 0.455402809064, 0.61132224956, 0.384829077239, 0.514051244193, 0.329550829859, 0.160362973053, 0.924362380787, 0.696815763753, 0.624599617642, 0.454867675844, 0.110332437951, 247.483
0.582453292094, 0.687035271741, 0.976522099739, 0.240614822627, 0.768941045649, 0.149456571366, 0.319133547307, 0.00990525408982, 0.521193277501, 0.81593449836, 0.242189643774, 0.389746902512, 0.733989265971, 0.74836016708, 0.194653479674, 0.391870518762, 249.497
0.582453292094, 0.687035271741, 0.976522099739, 0.240614822627, 0.768941045649, 0.149456571366, 0.319133547307, 0.00820691465926, 0.521193277501, 0.81593449836, 0.242189643774, 0.389746902512, 0.733989265971, 0.74836016708, 0.194653479674, 0.391870518762, 249.497
0.582453292094, 0.851457901874, 0.654473172691, 0.0489439610432, 0.45154840195, 0.102789672757, 0.0532131940027, 0.0126317793284, 0.653852610297, 0.128949002778, 0.95779595787, 0.292562643216, 0.77502422209, 0.503011712157, 0.183617578798, 0.0472984666745, 249.497
0.582453292094, 0.687035271741, 0.976522099739, 0.240614822627, 0.768941045649, 0.149456571366, 0.319133547307, 0.00990525408982, 0.521193277501, 0.81593449836, 0.242189643774, 0.389746902512, 0.733989265971, 0.74836016708, 0.194653479674, 0.391870518762, 249.497
0.582453292094, 0.687035271741, 0.976522099739, 0.240614822627, 0.768941045649, 0.149456571366, 0.319133547307, 0.00820691465926, 0.521193277501, 0.81593449836, 0.242189643774, 0.389746902512, 0.733989265971, 0.74836016708, 0.194653479674, 0.391870518762, 249.497
0.582453292094, 0.851457901874, 0.654473172691, 0.0489439610432, 0.45154840195, 0.102789672757, 0.0532131940027, 0.0126317793284, 0.653852610297, 0.128949002778, 0.95779595787, 0.292562643216, 0.77502422209, 0.503011712157, 0.183617578798, 0.0472984666745, 249.497
0.988612648862, 0.745194010023, 0.952917831022, 0.584499414854, 0.858973455543, 0.460220466189, 0.109866020511, 0.77533388234, 0.87647061232, 0.085079008302, 0.416088873497, 0.895960694127, 0.703738031762, 0.555219434685, 0.107632052812, 0.272619274141, 252.63
0.978825665674, 0.745194010023, 0.933703261071, 0.584499414854, 0.858973455543, 0.460220466189, 0.109866020511, 0.970013991582, 0.87647061232, 0.085079008302, 0.416088873497, 0.895960694127, 0.703738031762, 0.555219434685, 0.19079868319, 0.100692268442, 252.63
0.569719054882, 0.768838729527, 0.952917831022, 0.569305318004, 0.918907108062, 0.455402809064, 0.61132224956, 0.921264002786, 0.514051244193, 0.206871947316, 0.30023076371, 0.924362380787, 0.960394145561, 0.506871931588, 0.338394370596, 0.152648365303, 252.63
0.569719054882, 0.745194010023, 0.952917831022, 0.537715763885, 0.858973455543, 0.460220466189, 0.61132224956, 0.970013991582, 0.87647061232, 0.085079008302, 0.30023076371, 0.895960694127, 0.703738031762, 0.555219434685, 0.107632052812, 0.272619274141, 252.63
0.848439915608, 0.943014028533, 0.656744400957, 0.746630639479, 0.633365050799, 0.0276418986835, 0.927927716202, 0.853511000563, 0.954722585356, 0.330793316368, 0.791377628829, 0.36759343389, 0.513257876923, 0.953653301563, 0.205692234335, 0.214957464174, 252.63
0.988612648862, 0.745194010023, 0.952917831022, 0.584499414854, 0.858973455543, 0.460220466189, 0.109866020511, 0.77533388234, 0.87647061232, 0.085079008302, 0.416088873497, 0.895960694127, 0.703738031762, 0.555219434685, 0.107632052812, 0.272619274141, 252.63
0.978825665674, 0.745194010023, 0.933703261071, 0.584499414854, 0.858973455543, 0.460220466189, 0.109866020511, 0.970013991582, 0.87647061232, 0.085079008302, 0.416088873497, 0.895960694127, 0.703738031762, 0.555219434685, 0.19079868319, 0.100692268442, 252.63
0.569719054882, 0.768838729527, 0.952917831022, 0.569305318004, 0.918907108062, 0.455402809064, 0.61132224956, 0.921264002786, 0.514051244193, 0.206871947316, 0.30023076371, 0.924362380787, 0.960394145561, 0.506871931588, 0.338394370596, 0.152648365303, 252.63
0.569719054882, 0.745194010023, 0.952917831022, 0.537715763885, 0.858973455543, 0.460220466189, 0.61132224956, 0.970013991582, 0.87647061232, 0.085079008302, 0.30023076371, 0.895960694127, 0.703738031762, 0.555219434685, 0.107632052812, 0.272619274141, 252.63
0.848439915608, 0.943014028533, 0.656744400957, 0.746630639479, 0.633365050799, 0.0276418986835, 0.927927716202, 0.853511000563, 0.954722585356, 0.330793316368, 0.791377628829, 0.36759343389, 0.513257876923, 0.953653301563, 0.205692234335, 0.214957464174, 252.63
0.978825665674, 0.745194010023, 0.933703261071, 0.302502547271, 0.855586569608, 0.460220466189, 0.109866020511, 0.970013991582, 0.87647061232, 0.085079008302, 0.30023076371, 0.895960694127, 0.958261993092, 0.555219434685, 0.107632052812, 0.272619274141, 253.01
0.569719054882, 0.768838729527, 0.952917831022, 0.137132998708, 0.960723378261, 0.455402809064, 0.61132224956, 0.921264002786, 0.514051244193, 0.206871947316, 0.416088873497, 0.924362380787, 0.971663103384, 0.506871931588, 0.338394370596, 0.152648365303, 253.01
0.896908053772, 0.924490077658, 0.846678863769, 0.240614822627, 0.768941045649, 0.0914019231163, 0.975329028769, 0.526847932229, 0.521193277501, 0.81593449836, 0.188174803893, 0.235848241569, 0.789054261524, 0.74836016708, 0.26368311597, 0.315346929225, 253.01
0.582453292094, 0.906632650258, 0.846678863769, 0.240614822627, 0.735372952512, 0.268472038626, 0.0496612960344, 0.857201976848, 0.521193277501, 0.142297281825, 0.791679842913, 0.389746902512, 0.954456241101, 0.827553500757, 0.303668271342, 0.0533271517404, 253.01
0.743128083602, 0.851457901874, 0.654473172691, 0.0987267767151, 0.918907108062, 0.455402809064, 0.0532131940027, 0.88739208965, 0.514051244193, 0.388896291485, 0.160362973053, 0.924362380787, 0.789054261524, 0.766836973575, 0.454867675844, 0.0418076099444, 253.01
0.582453292094, 0.924490077658, 0.846678863769, 0.221317859491, 0.768941045649, 0.0914019231163, 0.887998199696, 0.699175113368, 0.521193277501, 0.81593449836, 0.188174803893, 0.389746902512, 0.94088084637, 0.92312373213, 0.454867675844, 0.315346929225, 253.01
0.914860915228, 0.687035271741, 0.678951100358, 0.219567526819, 0.768941045649, 0.220524060029, 0.339478411512, 0.872319703633, 0.521193277501, 0.81593449836, 0.188174803893, 0.389746902512, 0.954456241101, 0.506871931588, 0.092733083621, 0.315346929225, 253.01
0.743128083602, 0.795283161145, 0.654473172691, 0.246426828782, 0.854488575741, 0.455402809064, 0.61132224956, 0.88739208965, 0.514051244193, 0.329550829859, 0.160362973053, 0.924362380787, 0.94088084637, 0.624599617642, 0.454867675844, 0.115626592592, 253.01
0.743128083602, 0.678680773966, 0.654473172691, 0.0987267767151, 0.926907430924, 0.323357318315, 0.61132224956, 0.932220304523, 0.68999985005, 0.471898750822, 0.041079167902, 0.888916131526, 0.94088084637, 0.642377131582, 0.0894082132626, 0.418957438481, 253.01
0.743128083602, 0.685069858039, 0.654473172691, 0.0908098074658, 0.918907108062, 0.323357318315, 0.61132224956, 0.932220304523, 0.531039629372, 0.469713475812, 0.041079167902, 0.888916131526, 0.789054261524, 0.642377131582, 0.135533201598, 0.180543393129, 253.01
0.582453292094, 0.687035271741, 0.846678863769, 0.240614822627, 0.768941045649, 0.149456571366, 0.319133547307, 0.605819464363, 0.521193277501, 0.81593449836, 0.188174803893, 0.292562643216, 0.733989265971, 0.74836016708, 0.0836386096079, 0.0215738137124, 253.01
0.582453292094, 0.924490077658, 0.846678863769, 0.306664180255, 0.814894995018, 0.0914019231163, 0.887998199696, 0.699175113368, 0.514051244193, 0.81593449836, 0.188174803893, 0.389746902512, 0.789054261524, 0.92312373213, 0.454867675844, 0.315346929225, 253.01
0.896908053772, 0.906632650258, 0.654473172691, 0.240614822627, 0.735372952512, 0.268472038626, 0.0532131940027, 0.857201976848, 0.521193277501, 0.142297281825, 0.791679842913, 0.235848241569, 0.733989265971, 0.827553500757, 0.465558992055, 0.0705862477615, 253.01
0.743128083602, 0.685069858039, 0.654473172691, 0.0987267767151, 0.918907108062, 0.323357318315, 0.61132224956, 0.932220304523, 0.531039629372, 0.153334279612, 0.041079167902, 0.888916131526, 0.94088084637, 0.642377131582, 0.454867675844, 0.180543393129, 253.01
0.740256389444, 0.53875756886, 0.663294412657, 0.126758384096, 0.209670793232, 0.136672810688, 0.992690938332, 0.563600586749, 0.76071902702, 0.973519130767, 0.0226789247048, 0.0815316209246, 0.989343059984, 0.503747510646, 0.295638356669, 0.431792160446, 253.01
0.582453292094, 0.924490077658, 0.846678863769, 0.240614822627, 0.768941045649, 0.0914019231163, 0.975329028769, 0.526847932229, 0.521193277501, 0.81593449836, 0.188174803893, 0.389746902512, 0.789054261524, 0.74836016708, 0.092733083621, 0.315346929225, 253.01
0.582453292094, 0.906632650258, 0.834878200832, 0.0489439610432, 0.520357752357, 0.268472038626, 0.0532131940027, 0.526847932229, 0.653852610297, 0.128949002778, 0.964711671087, 0.292562643216, 0.696815763753, 0.503011712157, 0.183617578798, 0.0472984666745, 253.01
0.743128083602, 0.851457901874, 0.654473172691, 0.0987267767151, 0.918907108062, 0.455402809064, 0.512899992927, 0.88739208965, 0.514051244193, 0.388896291485, 0.160362973053, 0.924362380787, 0.789054261524, 0.766836973575, 0.454867675844, 0.0418076099444, 253.01
0.582453292094, 0.924490077658, 0.846678863769, 0.221317859491, 0.768941045649, 0.0914019231163, 0.887998199696, 0.699175113368, 0.521193277501, 0.81593449836, 0.188174803893, 0.389746902512, 0.94088084637, 0.92312373213, 0.454867675844, 0.315346929225, 253.01
0.896908053772, 0.906632650258, 0.846678863769, 0.240614822627, 0.735372952512, 0.268472038626, 0.0418447977298, 0.857201976848, 0.653852610297, 0.142297281825, 0.95779595787, 0.235848241569, 0.733989265971, 0.827553500757, 0.465558992055, 0.0705862477615, 253.01
0.896908053772, 0.795283161145, 0.834878200832, 0.246426828782, 0.567283585763, 0.268472038626, 0.0532131940027, 0.857201976848, 0.521586313738, 0.128949002778, 0.791679842913, 0.292562643216, 0.696815763753, 0.503011712157, 0.183617578798, 0.000213773058115, 253.01
0.743128083602, 0.774928136668, 0.654473172691, 0.0987267767151, 0.926907430924, 0.323357318315, 0.61132224956, 0.932220304523, 0.514051244193, 0.471898750822, 0.041079167902, 0.888916131526, 0.94088084637, 0.730155650876, 0.0632710098692, 0.418957438481, 253.01
0.743128083602, 0.685069858039, 0.654473172691, 0.0987267767151, 0.918907108062, 0.323357318315, 0.319133547307, 0.932220304523, 0.531039629372, 0.153334279612, 0.041079167902, 0.888916131526, 0.789054261524, 0.642377131582, 0.372218219771, 0.180543393129, 253.01
0.582453292094, 0.687035271741, 0.846678863769, 0.240614822627, 0.678938415004, 0.149456571366, 0.61132224956, 0.605819464363, 0.521193277501, 0.81593449836, 0.188174803893, 0.235848241569, 0.733989265971, 0.74836016708, 0.0836386096079, 0.0215738137124, 253.01
0.743128083602, 0.887620765487, 0.834878200832, 0.0987267767151, 0.918907108062, 0.455402809064, 0.518402248555, 0.88739208965, 0.514051244193, 0.388896291485, 0.160362973053, 0.924362380787, 0.94088084637, 0.766836973575, 0.454867675844, 0.115626592592, 253.01
0.582453292094, 0.924490077658, 0.846678863769, 0.240614822627, 0.814894995018, 0.0914019231163, 0.902039578175, 0.699175113368, 0.521193277501, 0.81593449836, 0.188174803893, 0.389746902512, 0.789054261524, 0.92312373213, 0.454867675844, 0.315346929225, 253.01
0.896908053772, 0.906632650258, 0.915756944531, 0.240614822627, 0.735372952512, 0.278783061266, 0.0532131940027, 0.857201976848, 0.521193277501, 0.142297281825, 0.791679842913, 0.235848241569, 0.733989265971, 0.827553500757, 0.465558992055, 0.0705862477615, 253.01
0.743128083602, 0.851457901874, 0.654473172691, 0.0987267767151, 0.926907430924, 0.455402809064, 0.61132224956, 0.88739208965, 0.514051244193, 0.329550829859, 0.160362973053, 0.924362380787, 0.696815763753, 0.624599617642, 0.454867675844, 0.115626592592, 253.01
0.743128083602, 0.774928136668, 0.654473172691, 0.0987267767151, 0.854488575741, 0.323357318315, 0.61132224956, 0.932220304523, 0.68999985005, 0.471898750822, 0.041079167902, 0.888916131526, 0.94088084637, 0.642377131582, 0.0894082132626, 0.418957438481, 253.01
0.978825665674, 0.745194010023, 0.933703261071, 0.302502547271, 0.855586569608, 0.460220466189, 0.109866020511, 0.970013991582, 0.87647061232, 0.085079008302, 0.30023076371, 0.895960694127, 0.958261993092, 0.555219434685, 0.107632052812, 0.272619274141, 253.01
0.569719054882, 0.768838729527, 0.952917831022, 0.137132998708, 0.960723378261, 0.455402809064, 0.61132224956, 0.921264002786, 0.514051244193, 0.206871947316, 0.416088873497, 0.924362380787, 0.971663103384, 0.506871931588, 0.338394370596, 0.152648365303, 253.01
0.896908053772, 0.924490077658, 0.846678863769, 0.240614822627, 0.768941045649, 0.0914019231163, 0.975329028769, 0.526847932229, 0.521193277501, 0.81593449836, 0.188174803893, 0.235848241569, 0.789054261524, 0.74836016708, 0.26368311597, 0.315346929225, 253.01
0.582453292094, 0.906632650258, 0.846678863769, 0.240614822627, 0.735372952512, 0.268472038626, 0.0496612960344, 0.857201976848, 0.521193277501, 0.142297281825, 0.791679842913, 0.389746902512, 0.954456241101, 0.827553500757, 0.303668271342, 0.0533271517404, 253.01
0.743128083602, 0.851457901874, 0.654473172691, 0.0987267767151, 0.918907108062, 0.455402809064, 0.0532131940027, 0.88739208965, 0.514051244193, 0.388896291485, 0.160362973053, 0.924362380787, 0.789054261524, 0.766836973575, 0.454867675844, 0.0418076099444, 253.01
0.582453292094, 0.924490077658, 0.846678863769, 0.221317859491, 0.768941045649, 0.0914019231163, 0.887998199696, 0.699175113368, 0.521193277501, 0.81593449836, 0.188174803893, 0.389746902512, 0.94088084637, 0.92312373213, 0.454867675844, 0.315346929225, 253.01
0.914860915228, 0.687035271741, 0.678951100358, 0.219567526819, 0.768941045649, 0.220524060029, 0.339478411512, 0.872319703633, 0.521193277501, 0.81593449836, 0.188174803893, 0.389746902512, 0.954456241101, 0.506871931588, 0.092733083621, 0.315346929225, 253.01
0.743128083602, 0.795283161145, 0.654473172691, 0.246426828782, 0.854488575741, 0.455402809064, 0.61132224956, 0.88739208965, 0.514051244193, 0.329550829859, 0.160362973053, 0.924362380787, 0.94088084637, 0.624599617642, 0.454867675844, 0.115626592592, 253.01
0.743128083602, 0.678680773966, 0.654473172691, 0.0987267767151, 0.926907430924, 0.323357318315, 0.61132224956, 0.932220304523, 0.68999985005, 0.471898750822, 0.041079167902, 0.888916131526, 0.94088084637, 0.642377131582, 0.0894082132626, 0.418957438481, 253.01
0.743128083602, 0.685069858039, 0.654473172691, 0.0908098074658, 0.918907108062, 0.323357318315, 0.61132224956, 0.932220304523, 0.531039629372, 0.469713475812, 0.041079167902, 0.888916131526, 0.789054261524, 0.642377131582, 0.135533201598, 0.180543393129, 253.01
0.582453292094, 0.687035271741, 0.846678863769, 0.240614822627, 0.768941045649, 0.149456571366, 0.319133547307, 0.605819464363, 0.521193277501, 0.81593449836, 0.188174803893, 0.292562643216, 0.733989265971, 0.74836016708, 0.0836386096079, 0.0215738137124, 253.01
0.582453292094, 0.924490077658, 0.846678863769, 0.306664180255, 0.814894995018, 0.0914019231163, 0.887998199696, 0.699175113368, 0.514051244193, 0.81593449836, 0.188174803893, 0.389746902512, 0.789054261524, 0.92312373213, 0.454867675844, 0.315346929225, 253.01
0.896908053772, 0.906632650258, 0.654473172691, 0.240614822627, 0.735372952512, 0.268472038626, 0.0532131940027, 0.857201976848, 0.521193277501, 0.142297281825, 0.791679842913, 0.235848241569, 0.733989265971, 0.827553500757, 0.465558992055, 0.0705862477615, 253.01
0.743128083602, 0.685069858039, 0.654473172691, 0.0987267767151, 0.918907108062, 0.323357318315, 0.61132224956, 0.932220304523, 0.531039629372, 0.153334279612, 0.041079167902, 0.888916131526, 0.94088084637, 0.642377131582, 0.454867675844, 0.180543393129, 253.01
0.740256389444, 0.53875756886, 0.663294412657, 0.126758384096, 0.209670793232, 0.136672810688, 0.992690938332, 0.563600586749, 0.76071902702, 0.973519130767, 0.0226789247048, 0.0815316209246, 0.989343059984, 0.503747510646, 0.295638356669, 0.431792160446, 253.01
0.582453292094, 0.924490077658, 0.846678863769, 0.240614822627, 0.768941045649, 0.0914019231163, 0.975329028769, 0.526847932229, 0.521193277501, 0.81593449836, 0.188174803893, 0.389746902512, 0.789054261524, 0.74836016708, 0.092733083621, 0.315346929225, 253.01
0.582453292094, 0.906632650258, 0.834878200832, 0.0489439610432, 0.520357752357, 0.268472038626, 0.0532131940027, 0.526847932229, 0.653852610297, 0.128949002778, 0.964711671087, 0.292562643216, 0.696815763753, 0.503011712157, 0.183617578798, 0.0472984666745, 253.01
0.743128083602, 0.851457901874, 0.654473172691, 0.0987267767151, 0.918907108062, 0.455402809064, 0.512899992927, 0.88739208965, 0.514051244193, 0.388896291485, 0.160362973053, 0.924362380787, 0.789054261524, 0.766836973575, 0.454867675844, 0.0418076099444, 253.01
0.582453292094, 0.924490077658, 0.846678863769, 0.221317859491, 0.768941045649, 0.0914019231163, 0.887998199696, 0.699175113368, 0.521193277501, 0.81593449836, 0.188174803893, 0.389746902512, 0.94088084637, 0.92312373213, 0.454867675844, 0.315346929225, 253.01
0.896908053772, 0.906632650258, 0.846678863769, 0.240614822627, 0.735372952512, 0.268472038626, 0.0418447977298, 0.857201976848, 0.653852610297, 0.142297281825, 0.95779595787, 0.235848241569, 0.733989265971, 0.827553500757, 0.465558992055, 0.0705862477615, 253.01
0.896908053772, 0.795283161145, 0.834878200832, 0.246426828782, 0.567283585763, 0.268472038626, 0.0532131940027, 0.857201976848, 0.521586313738, 0.128949002778, 0.791679842913, 0.292562643216, 0.696815763753, 0.503011712157, 0.183617578798, 0.000213773058115, 253.01
0.743128083602, 0.774928136668, 0.654473172691, 0.0987267767151, 0.926907430924, 0.323357318315, 0.61132224956, 0.932220304523, 0.514051244193, 0.471898750822, 0.041079167902, 0.888916131526, 0.94088084637, 0.730155650876, 0.0632710098692, 0.418957438481, 253.01
0.743128083602, 0.685069858039, 0.654473172691, 0.0987267767151, 0.918907108062, 0.323357318315, 0.319133547307, 0.932220304523, 0.531039629372, 0.153334279612, 0.041079167902, 0.888916131526, 0.789054261524, 0.642377131582, 0.372218219771, 0.180543393129, 253.01
0.582453292094, 0.687035271741, 0.846678863769, 0.240614822627, 0.678938415004, 0.149456571366, 0.61132224956, 0.605819464363, 0.521193277501, 0.81593449836, 0.188174803893, 0.235848241569, 0.733989265971, 0.74836016708, 0.0836386096079, 0.0215738137124, 253.01
0.743128083602, 0.887620765487, 0.834878200832, 0.0987267767151, 0.918907108062, 0.455402809064, 0.518402248555, 0.88739208965, 0.514051244193, 0.388896291485, 0.160362973053, 0.924362380787, 0.94088084637, 0.766836973575, 0.454867675844, 0.115626592592, 253.01
0.582453292094, 0.924490077658, 0.846678863769, 0.240614822627, 0.814894995018, 0.0914019231163, 0.902039578175, 0.699175113368, 0.521193277501, 0.81593449836, 0.188174803893, 0.389746902512, 0.789054261524, 0.92312373213, 0.454867675844, 0.315346929225, 253.01
0.896908053772, 0.906632650258, 0.915756944531, 0.240614822627, 0.735372952512, 0.278783061266, 0.0532131940027, 0.857201976848, 0.521193277501, 0.142297281825, 0.791679842913, 0.235848241569, 0.733989265971, 0.827553500757, 0.465558992055, 0.0705862477615, 253.01
0.743128083602, 0.851457901874, 0.654473172691, 0.0987267767151, 0.926907430924, 0.455402809064, 0.61132224956, 0.88739208965, 0.514051244193, 0.329550829859, 0.160362973053, 0.924362380787, 0.696815763753, 0.624599617642, 0.454867675844, 0.115626592592, 253.01
0.743128083602, 0.774928136668, 0.654473172691, 0.0987267767151, 0.854488575741, 0.323357318315, 0.61132224956, 0.932220304523, 0.68999985005, 0.471898750822, 0.041079167902, 0.888916131526, 0.94088084637, 0.642377131582, 0.0894082132626, 0.418957438481, 253.01
0.582453292094, 0.74026607222, 0.19046706245, 0.0489439610432, 0.918907108062, 0.385314022964, 0.71675630125, 0.921264002786, 0.514051244193, 0.284263546652, 0.0205896188443, 0.746759874284, 0.839614383443, 0.74836016708, 0.092733083621, 0.115626592592, 254.11
0.787256243624, 0.907986484192, 0.173529645483, 0.996552637758, 0.770649688492, 0.223398955835, 0.871289610766, 0.266965275836, 0.660569656003, 0.118936926498, 0.679924324961, 0.117347142938, 0.757580997682, 0.786259244294, 0.412231308552, 0.0425279106159, 254.11
0.743128083602, 0.685069858039, 0.380988529952, 0.0323637623044, 0.993099104397, 0.323357318315, 0.61132224956, 0.932220304523, 0.531039629372, 0.153334279612, 0.023431222543, 0.888916131526, 0.94088084637, 0.642377131582, 0.454867675844, 0.180543393129, 254.11
0.896908053772, 0.74026607222, 0.274038234707, 0.434560353083, 0.918907108062, 0.217649932208, 0.82496844971, 0.921264002786, 0.514051244193, 0.388896291485, 0.0205896188443, 0.983354178502, 0.992853651076, 0.506871931588, 0.092733083621, 0.0882510804608, 254.11
0.688901805566, 0.991957283976, 0.0454240850355, 0.0620147344568, 0.232471444942, 0.170579444946, 0.693396974207, 0.181772454408, 0.657591864413, 0.963043209695, 0.138312166051, 0.203826504922, 0.538031101459, 0.998293148711, 0.149790812725, 0.116558205022, 254.11
0.848439915608, 0.943014028533, 0.0467514664198, 0.746630639479, 0.841908906695, 0.0276418986835, 0.587393322156, 0.510846399598, 0.954722585356, 0.330793316368, 0.898640397125, 0.357593248468, 0.513257876923, 0.953653301563, 0.205692234335, 0.220546722469, 254.11
0.803239131063, 0.53974227456, 0.117250866656, 0.996552637758, 0.858973455543, 0.223398955835, 0.771969683986, 0.418652459324, 0.660569656003, 0.116777311551, 0.531634660762, 0.208015954968, 0.776802817612, 0.786259244294, 0.412231308552, 0.102084666137, 254.11
0.688901805566, 0.991957283976, 0.0454240850355, 0.0203833642548, 0.0380979211452, 0.0217579452827, 0.693396974207, 0.181772454408, 0.657591864413, 0.866676108014, 0.138312166051, 0.414275890792, 0.538031101459, 0.998293148711, 0.149790812725, 0.214957464174, 254.11
0.803239131063, 0.53974227456, 0.173529645483, 0.397420947931, 0.858973455543, 0.223398955835, 0.954858244207, 0.788060030014, 0.674364936581, 0.0915353199838, 0.531634660762, 0.208015954968, 0.776802817612, 0.786259244294, 0.412231308552, 0.102084666137, 254.11
0.978825665674, 0.907986484192, 0.433287017233, 0.584499414854, 0.920384445594, 0.417094414636, 0.59847293448, 0.970013991582, 0.733410482692, 0.0127134566466, 0.654410051655, 0.292562643216, 0.703738031762, 0.555219434685, 0.0276353683712, 0.1658898232, 254.11
0.896908053772, 0.74026607222, 0.465295348687, 0.0489439610432, 0.918907108062, 0.220524060029, 0.82496844971, 0.921264002786, 0.514051244193, 0.388896291485, 0.0205896188443, 0.983354178502, 0.992853651076, 0.506871931588, 0.092733083621, 0.115626592592, 254.11
0.848439915608, 0.991957283976, 0.0454240850355, 0.0620147344568, 0.232471444942, 0.0276418986835, 0.693396974207, 0.181772454408, 0.657591864413, 0.963043209695, 0.138312166051, 0.203826504922, 0.538031101459, 0.998293148711, 0.149790812725, 0.116558205022, 254.11
0.688901805566, 0.943014028533, 0.0467514664198, 0.746630639479, 0.706145872209, 0.0217579452827, 0.677074581399, 0.510846399598, 0.954722585356, 0.330793316368, 0.97404590298, 0.357593248468, 0.513257876923, 0.953653301563, 0.205692234335, 0.220546722469, 254.11
0.688901805566, 0.991957283976, 0.0454240850355, 0.0570435414067, 0.232471444942, 0.431603889062, 0.693396974207, 0.181772454408, 0.657591864413, 0.963043209695, 0.091513497708, 0.414275890792, 0.776802817612, 0.998293148711, 0.149790812725, 0.0591040228349, 254.11
0.848439915608, 0.943014028533, 0.0467514664198, 0.746630639479, 0.633365050799, 0.0276418986835, 0.677074581399, 0.510846399598, 0.974002968354, 0.330793316368, 0.882221174506, 0.357593248468, 0.513257876923, 0.953653301563, 0.205692234335, 0.214957464174, 254.11
0.848439915608, 0.943014028533, 0.0558497821419, 0.746630639479, 0.633365050799, 0.0276418986835, 0.927927716202, 0.510846399598, 0.954722585356, 0.330793316368, 0.791377628829, 0.357593248468, 0.711492468198, 0.953653301563, 0.266381026203, 0.214957464174, 254.11
0.803239131063, 0.53974227456, 0.433287017233, 0.60431426471, 0.858973455543, 0.223398955835, 0.954858244207, 0.418652459324, 0.688292772941, 0.116777311551, 0.531634660762, 0.208015954968, 0.776802817612, 0.786259244294, 0.412231308552, 0.102084666137, 254.11
0.978825665674, 0.907986484192, 0.173529645483, 0.584499414854, 0.95271177201, 0.417094414636, 0.59847293448, 0.970013991582, 0.527503865894, 0.0127134566466, 0.654410051655, 0.292562643216, 0.703738031762, 0.555219434685, 0.0276353683712, 0.1658898232, 254.11
0.787256243624, 0.907986484192, 0.173529645483, 0.996552637758, 0.770649688492, 0.223398955835, 0.871289610766, 0.266965275836, 0.660569656003, 0.118936926498, 0.679924324961, 0.117347142938, 0.757580997682, 0.786259244294, 0.412231308552, 0.0425279106159, 254.11
0.582453292094, 0.74026607222, 0.19046706245, 0.0489439610432, 0.918907108062, 0.385314022964, 0.71675630125, 0.921264002786, 0.514051244193, 0.284263546652, 0.0205896188443, 0.746759874284, 0.839614383443, 0.74836016708, 0.092733083621, 0.115626592592, 254.11
0.743128083602, 0.685069858039, 0.380988529952, 0.0323637623044, 0.993099104397, 0.323357318315, 0.61132224956, 0.932220304523, 0.531039629372, 0.153334279612, 0.023431222543, 0.888916131526, 0.94088084637, 0.642377131582, 0.454867675844, 0.180543393129, 254.11
0.896908053772, 0.74026607222, 0.274038234707, 0.434560353083, 0.918907108062, 0.217649932208, 0.82496844971, 0.921264002786, 0.514051244193, 0.388896291485, 0.0205896188443, 0.983354178502, 0.992853651076, 0.506871931588, 0.092733083621, 0.0882510804608, 254.11
0.688901805566, 0.991957283976, 0.0454240850355, 0.0620147344568, 0.232471444942, 0.170579444946, 0.693396974207, 0.181772454408, 0.657591864413, 0.963043209695, 0.138312166051, 0.203826504922, 0.538031101459, 0.998293148711, 0.149790812725, 0.116558205022, 254.11
0.848439915608, 0.943014028533, 0.0467514664198, 0.746630639479, 0.841908906695, 0.0276418986835, 0.587393322156, 0.510846399598, 0.954722585356, 0.330793316368, 0.898640397125, 0.357593248468, 0.513257876923, 0.953653301563, 0.205692234335, 0.220546722469, 254.11
