0.360343826655, 0.0359485303264, 0.265382006171, 0.573364088767, 0.18695381984, 0.439419330471, 0.197204444564, 0.649060668299, 0.300597279901, 0.238113543226, 0.0224004191235, 0.34780505522, 0.780772943362, 0.916835434692, 0.242052303242, 0.924444646108, 0.222689327873, 0.165782011096, 0.9212
0.267802698037, 0.0, 0.676195317286, 0.739574074555, 0.516685089589, 0.901909867797, 0.0, 0.608714127994, 0.169544733148, 0.167344163089, 0.435252294461, 0.326836801942, 0.55444816872, 1.0, 0.0838609344464, 0.174448800792, 0.173488299094, 0.809633946814, 0.9271
1.0, 1.0, 0.30386364388, 0.534598038993, 1.0, 1.0, 0.439396983604, 0.577891246868, 0.730011072029, 0.492362873746, 0.492585697221, 0.393199235288, 0.353564649638, 0.602682827439, 0.1390839917, 0.275275907819, 0.0326300866621, 0.534047353535, 3.2801
0.0276243199054, 0.196686581693, 0.43067481563, 0.856815329432, 0.94740577089, 0.635849050347, 0.0, 0.60913949619, 0.0299652874059, 0.321802488797, 0.0313290364594, 0.853863142548, 0.399822091642, 0.780160731073, 0.0, 0.0, 0.287302953238, 1.0, 0.627
0.254621941634, 0.914514108075, 0.525668681474, 0.984087920123, 0.993979550273, 0.855032795433, 0.270574827019, 0.973612640666, 0.495704099654, 0.975297809267, 0.247184636393, 0.423450779219, 0.111133509863, 0.703645567561, 0.277608791637, 0.380902480317, 0.584038541696, 0.207731851306, 0.5101
0.0, 0.425224770625, 0.497124054539, 0.21450065882, 0.909340033653, 0.21303406143, 0.486416570215, 0.658769857359, 0.0, 0.759152228545, 0.285478199041, 0.0, 0.364496051497, 0.843722030076, 0.000474609492206, 0.281964296421, 0.175800004317, 0.655205730179, 0.7576
0.527179852141, 0.0361833121834, 0.96059683844, 0.653969339671, 0.375969622226, 0.256565343547, 0.361201084789, 0.615556318927, 0.0926123168371, 0.13096322323, 0.934239496948, 0.404584006803, 0.365054089692, 0.878426827562, 0.0, 0.227217661904, 0.0913306121728, 0.85276110061, 10.7103
0.277839927234, 0.51641849566, 0.826937189306, 0.64397015353, 0.424491574644, 0.19082757725, 0.062879704618, 0.776327797683, 0.356051232321, 0.358232080416, 0.839935048285, 0.360294203878, 0.122641586108, 0.510479703675, 0.264290357015, 0.809018723768, 0.337869155281, 0.2504756765, 0.4932
0.614952615175, 0.067067704771, 0.719886832993, 0.84762839519, 0.0188789937877, 0.999698933018, 0.497355369216, 0.745417442808, 0.472686307858, 0.172702863367, 0.337927410777, 0.658447902616, 0.195604783064, 0.690849586541, 0.768250018401, 0.067780292154, 0.18805872823, 0.252953266118, 19.9961
0.0351207089197, 0.601432381647, 1.0, 0.562453285473, 0.606903848674, 0.501120356859, 0.622940041708, 0.814805925592, 0.124679078834, 0.060402721291, 0.75673185573, 0.0886990247453, 0.0325745603278, 0.697776445833, 0.132202595029, 0.0, 0.153547796939, 1.0, 0.5265
0.913768906512, 0.202244721697, 0.281103336051, 0.17811243263, 0.424706077912, 0.448414822309, 0.879604685046, 0.793688116352, 0.778328538493, 0.133277003417, 0.22636171051, 0.315586313687, 0.202795972973, 0.93329608679, 0.619136342033, 0.494945331471, 0.477291714264, 0.267307688291, 3.2516
0.29987327783, 0.57226808662, 0.379641152959, 0.0997823046018, 0.277436369945, 0.733264126404, 0.119330271219, 0.725331062358, 0.480005461305, 0.104383409108, 0.782242154594, 0.142645130715, 0.322200500741, 0.793067746655, 0.586832089198, 0.221055933285, 0.329988949042, 0.40426944811, 0.4932
0.344901343438, 0.126501569071, 0.634687453612, 0.716633255143, 0.511481158499, 0.494429696722, 0.274833955947, 0.797274620066, 0.400757778252, 0.220571258811, 1.0, 0.283204181277, 0.3253576822, 0.679588232593, 0.148704654106, 0.550977315778, 0.0, 0.228196898501, 0.4932
0.647908024222, 0.00348209862632, 0.00882152316302, 0.646639019033, 0.0, 1.0, 0.89872461072, 0.950769586163, 0.0673023351778, 0.421510470436, 0.535779048295, 0.358391349413, 0.218165406716, 0.754935594247, 0.532995682252, 0.0263875246449, 0.499496410279, 0.481736019215, 10.7266
0.489191934512, 0.398824999807, 0.619189414493, 1.0, 0.987295465366, 0.782754967869, 0.573465841528, 0.923373529905, 0.433023954617, 0.650174297723, 0.350309862075, 0.36129630633, 0.224352311139, 0.976617262309, 0.491913532826, 0.410460305821, 0.250795870019, 0.514548636268, 0.5265
0.0, 0.266962323196, 0.340876386583, 0.315468449407, 0.732130000243, 0.564854249497, 0.994300206908, 0.728207352372, 0.0785054404853, 0.155819622801, 0.275642310629, 0.79375124313, 0.00203949619337, 0.910956773918, 0.205954977026, 0.731402511988, 0.410684365072, 0.429288948585, 0.6399
0.674990504881, 0.618267909396, 0.0, 0.892960776421, 0.670887299258, 0.992086457948, 0.750913198969, 0.62856812224, 0.220657807982, 0.799436831224, 0.0, 0.275146741065, 0.28614610537, 0.770161561865, 0.616917368197, 0.309067639336, 0.448116210094, 0.371531941716, 5.8585
0.88900939517, 0.159509075106, 0.531908507149, 0.131029169274, 0.917491367885, 0.186878942853, 0.541370986693, 0.755803856375, 0.143028150568, 0.121880987586, 0.770855347048, 0.37028934066, 0.308162592366, 0.835183243191, 0.541429916221, 0.416111049453, 0.487453317988, 0.0980173695984, 10.7266
0.249452947317, 0.785741243602, 0.497824556152, 0.808425454822, 1.0, 0.976905413267, 0.581026656137, 0.562061419415, 0.431916749063, 0.318194031572, 0.59757408715, 0.480306555247, 0.0, 1.0, 0.0, 0.0, 1.0, 0.0255323052553, 0.528
0.224748528369, 0.216019709528, 0.285243106845, 0.197581164702, 0.892911056141, 0.155225402399, 0.0, 0.806874508557, 0.864079187557, 0.475548158047, 0.278997080496, 0.312163729014, 0.237173390638, 0.793401665634, 1.0, 0.00653012874067, 0.226320298047, 0.403445207293, 0.521
0.0629419244205, 0.345582436914, 0.119228068407, 0.305971513778, 0.469352106388, 1.0, 0.731920937046, 0.649668393062, 0.3355961363, 0.968335739495, 0.290236569505, 0.498143581002, 0.11857526224, 0.756528150254, 0.291529659115, 0.643035118925, 0.164474270157, 0.498374851247, 0.4676
0.411425110865, 0.750045114578, 0.646296005189, 0.806519438885, 0.277605942971, 0.0988334590123, 0.371807377745, 0.685381057611, 0.441379585894, 0.631296356323, 0.204848397121, 0.113611747263, 0.135769644431, 0.5519896321, 0.444306038148, 0.477543141256, 0.709064448321, 0.264745151836, 0.5101
0.137755175915, 0.252650057403, 0.441787263783, 0.273775455274, 0.108296235446, 0.0864871297984, 0.620778414356, 0.963161586739, 0.310682213479, 0.815100412584, 0.398215535632, 0.475986643644, 0.41022659772, 0.631750130203, 0.233412532418, 0.423412430089, 0.523846996283, 0.187604348245, 0.4749
0.433951571885, 0.554902609913, 0.0639518485039, 0.807308066367, 0.633009119452, 0.560253225914, 0.418954429146, 0.825296302099, 0.721482387073, 0.0, 0.0478700381507, 0.249356443798, 0.37139004603, 0.634876150963, 0.056427974098, 0.0668851794677, 0.153570397369, 0.904052025904, 0.7576
0.722429204031, 0.731258026964, 0.271444442304, 0.772115982829, 0.129092225452, 0.0536483520322, 0.479108369113, 0.501241471194, 0.231414040278, 0.952126954426, 0.399296219745, 0.0939793063101, 0.14539779665, 0.855185215053, 0.18557186358, 0.54785236499, 0.0972237100751, 0.311604367853, 5.8585
0.0284856185496, 0.720873961409, 0.371505269983, 0.718936799475, 0.0, 0.981813817697, 0.0, 0.559593380864, 0.434644921005, 0.719280839635, 0.102250688379, 0.429052159725, 0.0, 0.649098645304, 0.0, 0.392472140762, 0.682653496568, 0.0969725735142, 0.5204
0.0, 1.0, 0.770456318809, 0.524319122735, 0.492493746386, 1.0, 0.964125821815, 0.807965853418, 1.0, 0.491703851399, 0.490158177479, 0.32895520977, 0.28104186945, 0.632919886406, 0.157345623223, 0.434064701478, 0.297628221214, 1.0, 0.5265
0.616186079718, 0.113839250206, 0.433511903915, 0.960099255206, 0.622173808099, 0.094651399674, 0.984949910869, 0.723648857039, 0.508365798348, 0.0537961127369, 0.0232610661911, 0.114002914801, 0.427763566401, 0.981584907795, 0.477525904325, 0.166036618409, 0.0448621848168, 0.88639165306, 3.2801
0.0, 0.87328150312, 0.832959758613, 0.980223582513, 0.953614448349, 0.820329526782, 0.608553748004, 0.53157976934, 0.0, 0.653288088762, 0.0, 0.0390090903991, 0.443146399116, 0.637060625896, 0.295754602794, 0.0755073655568, 0.518768548211, 0.21037363941, 0.528
0.0, 0.601770200169, 0.252842193879, 0.139958956256, 0.0125339625764, 0.135986320015, 0.0, 0.615872396364, 0.914841708574, 0.023037127972, 0.188902239021, 0.237341619678, 0.206697105482, 0.774590644945, 0.0983747683991, 0.311834858394, 0.604837984926, 0.231428163215, 0.3537
0.47981053581, 0.507628972416, 0.0, 0.327799852265, 0.311764667703, 0.377904520388, 0.0, 0.60225097467, 0.839475685666, 0.478462452541, 0.0416011783779, 0.44968962325, 0.350323632409, 0.784923402565, 0.748792162206, 0.47156661996, 0.0831529193164, 0.0, 0.3537
0.453250936795, 0.23955724942, 0.311776124934, 0.620162653634, 0.19509879421, 0.507636668355, 0.233006466085, 0.804622525713, 0.0472186914976, 0.355585149709, 0.382298240756, 0.977235886279, 0.353106717592, 0.982830962996, 0.389532693688, 0.207003212751, 1.0, 0.0, 0.627
0.0, 0.0855060205715, 0.168556585753, 0.888349812397, 0.821077265916, 0.257679471005, 0.249612898975, 0.952228494089, 0.320687378379, 0.99828403176, 0.490385730385, 0.490856774341, 0.253519660732, 0.590341086092, 0.138609738314, 0.38612766513, 0.337659002253, 0.556930457575, 0.7576
0.735920561972, 0.475793239061, 0.169817626576, 0.443536466242, 0.439417446913, 0.855447509922, 0.127952320422, 0.868483225443, 0.447128232623, 0.100345231545, 0.75566396147, 0.241553382252, 0.108355030877, 0.785310960363, 0.0, 0.361418649791, 0.249760890228, 0.562232987717, 10.7103
0.201100534331, 0.966367384933, 0.891624972073, 0.0517019721065, 0.117025465166, 0.851974201407, 0.00470782772372, 0.794486996236, 0.606934136437, 0.0675337734504, 0.059320894192, 0.019669447505, 0.159008421707, 0.58870251477, 0.0235063231275, 0.134618232461, 0.354973598396, 0.90710769658, 0.5265
0.863117484062, 0.951337448919, 0.922906027259, 0.274922714427, 0.645074398476, 0.847945555005, 0.227746950756, 0.539634980675, 0.450132831199, 0.567192200408, 0.27504124294, 0.269525162765, 0.35073594471, 0.827486051475, 0.476743981979, 0.245788007136, 0.0786729880136, 0.883399314561, 5.8295
0.491012007643, 0.446702518931, 0.297483713848, 0.447109505919, 0.205109054866, 0.961537244865, 0.643972362385, 0.670577759473, 0.261834389785, 0.470112802797, 0.324636034925, 0.339310179992, 0.92041628432, 0.919050303016, 0.0951839413079, 1.0, 0.0, 0.424499514267, 0.9212
0.0, 0.867811840129, 0.552883468844, 0.949175010131, 0.899740559657, 0.378913168854, 0.441840007403, 0.717193398622, 0.92859846945, 0.0, 0.132286670876, 0.489712256764, 0.297986408958, 0.509634850756, 0.372890945837, 0.192333989322, 0.316027223526, 0.645245420033, 0.5265
0.187097175552, 0.754743096055, 0.775874427442, 0.30417114088, 0.675182988792, 0.64177894269, 0.0545146377728, 0.888387697443, 0.0, 0.327511648597, 0.699535387079, 0.0, 0.0, 0.889731178322, 0.963499711315, 0.0, 0.28222045048, 0.133457150563, 0.4932
0.554643133765, 0.0473321528983, 0.851652822406, 1.0, 0.416300361529, 1.0, 0.893344725532, 0.829121050234, 0.34392279482, 0.243046356145, 0.852177068468, 0.306305753549, 0.437351701674, 1.0, 0.0, 0.0, 0.737948478864, 0.415593001138, 10.7266
0.579617462571, 0.17054584993, 0.392409483124, 0.331349536216, 0.299762374966, 0.842349491384, 0.932698973912, 0.937559912153, 0.853660841414, 0.251431809896, 0.306486369265, 0.115088996652, 0.428922282263, 0.581997586715, 0.555063991581, 0.477007745804, 0.264320437205, 0.304719091981, 3.2516
0.453625581816, 0.0, 0.326001818987, 0.72387038365, 0.395431369634, 0.953077083572, 0.661861905609, 0.99840097362, 0.547637275102, 0.441757275488, 0.326485777005, 0.312411953718, 0.102849803319, 0.931223642169, 0.161970384226, 0.791720833296, 0.0860234261194, 0.141898776853, 0.5695
0.988448425174, 0.099465231291, 0.0400648833872, 0.634682378712, 0.133185318446, 0.399453690069, 0.611066333797, 0.726784532768, 0.0929727577107, 0.179476429338, 0.616161416363, 0.132334508031, 0.421961288847, 0.741986671776, 0.291455640114, 0.65235105771, 0.350148827607, 0.478023395195, 10.7266
0.681767828479, 0.638384237974, 0.00275649927999, 0.718093694529, 0.0, 0.301826374926, 0.588815796486, 0.88624015598, 0.624719108772, 0.356129138081, 0.0, 0.403151176861, 0.440727353143, 0.799566054158, 0.433720800895, 0.95088877445, 0.375623077541, 0.0, 3.237
0.143214522512, 0.2941959058, 0.649513931917, 0.782981930151, 0.449620265993, 0.252787821578, 1.0, 0.678382179805, 0.406683190476, 0.0185667271533, 0.0593315517522, 0.702234602786, 0.0321947384877, 0.811967653621, 0.26457601465, 0.378547238352, 0.588425604742, 0.125569694894, 0.6465
0.392941468233, 0.35977474911, 0.282303133112, 0.0, 0.775284716421, 0.819311444478, 0.50056201669, 0.987429049679, 0.0, 0.390320443343, 0.803606766866, 0.278836898167, 0.0342446208203, 1.0, 0.0, 0.00779311602508, 0.807650285796, 0.338762165655, 0.4676
0.662953158119, 0.150975820722, 0.961468898773, 0.19409281331, 0.0648942017197, 0.598447029083, 0.749926151294, 0.848071793339, 0.765302126151, 0.393555908139, 0.438311235099, 0.411532122577, 0.0825510122015, 0.927966704688, 0.462991749004, 0.665946816223, 0.301844229453, 0.307850188248, 3.237
0.308571304934, 0.857454550949, 0.603432184843, 0.596976818245, 0.482087944024, 0.841126800096, 0.431156814377, 0.973144633835, 0.351305628626, 0.973137397477, 0.382701300138, 0.0341395948242, 0.33013389686, 0.69019636189, 0.152652867723, 0.210317083266, 0.220851155418, 0.576544658677, 0.5265
0.907862043534, 0.787850676223, 0.289188371782, 0.91355036023, 0.649384225438, 0.820400312352, 0.0803388476257, 0.774698800913, 0.696525985621, 0.361243646581, 0.163006697572, 0.202051494182, 0.36621181857, 0.713579909941, 0.390239049188, 0.354821792777, 0.806714581206, 0.422852537324, 3.2801
0.38945994307, 0.643819569217, 0.146327673513, 0.0347650250679, 0.836195955569, 0.131919665607, 0.905129374053, 0.823033021492, 0.0, 0.210451546287, 1.0, 0.357495629111, 0.0415672834198, 0.714858923156, 0.310503145351, 0.177631656484, 0.832664073333, 0.0, 0.528
0.754453895351, 0.0341704478941, 0.159505579016, 0.375470085392, 1.0, 0.50963553682, 0.677621521942, 0.527205057092, 0.396693896257, 0.233654202155, 0.139870089045, 0.617554533718, 0.319425490309, 0.748179685149, 0.395031177962, 0.240753216899, 0.523480585597, 0.0840477946565, 19.9643
0.932335228784, 0.0, 0.0, 0.436471312401, 0.583938337036, 0.734490150439, 0.895240272132, 0.641491121607, 0.160035878625, 0.710022913911, 0.155172162322, 0.0442563295296, 0.0, 0.884082927608, 0.433879709899, 0.231476057289, 0.0, 0.624613601762, 6.5167
0.289713615803, 0.422976673906, 0.294321892046, 0.560987895029, 0.476050449625, 1.0, 0.403711373304, 0.537364361423, 0.0702293529568, 0.228957043686, 0.562514192865, 0.358478139806, 0.0554451509973, 0.801703037653, 1.0, 0.327269075427, 0.256891734111, 0.32004180224, 0.4932
0.0536842108178, 0.088862972718, 0.958020193543, 0.797813219861, 0.173892233496, 0.611168469117, 0.0369947232125, 0.904113538429, 0.352922513057, 0.552232677344, 0.272666206349, 0.237389495258, 0.102666424042, 0.947336753686, 0.27213567524, 0.402496811997, 0.859566943516, 0.0, 0.5101
0.0112441540535, 0.367804954361, 0.376970242773, 0.154142437524, 0.553973512813, 0.404141505302, 0.506854488424, 0.671985439284, 0.168157850514, 0.0884342097986, 0.428220038958, 0.325043024658, 0.756354324386, 0.81012108181, 0.462825268327, 0.639490155645, 0.137829860655, 0.332278846345, 0.9271
0.206648910864, 0.662000237219, 0.393759601813, 0.519655692029, 0.417248381956, 0.0, 0.299740606604, 0.947335733103, 0.0524171799821, 0.649502612321, 0.324920510207, 0.0240194479527, 0.100897821251, 0.941266606862, 0.0107747458649, 0.0, 1.0, 0.0035920757385, 0.5204
0.423503481887, 0.579528032857, 0.693488051961, 0.338346001354, 0.208809837903, 0.894974693982, 0.868963850409, 0.832498125781, 0.195098701546, 0.119346662521, 0.776826835801, 0.271137211266, 0.143316151867, 0.83685339235, 0.403551783465, 0.0573897013242, 0.149709358933, 0.589529606619, 0.5265
0.461970461545, 0.60867128271, 0.498386106519, 0.352072839316, 0.131977426336, 0.732412348234, 0.434077913886, 0.546395153681, 0.245877164392, 0.527319092796, 0.0013223805259, 0.466311989005, 0.230340682724, 0.90517881173, 0.323174482879, 0.92012865764, 0.239258948356, 0.157179152329, 0.5204
0.436447196856, 0.267412038135, 0.459860199209, 0.954972633397, 0.924840512611, 0.157113979842, 0.0859457797319, 0.60968070267, 0.756924395198, 0.114285355045, 0.474456456382, 0.170118156845, 0.303390291358, 0.811493374312, 0.318193690824, 0.0857054688418, 0.421173915177, 0.613743514225, 0.7576
0.435570847382, 0.998189697528, 0.782577257958, 0.256489541553, 0.804984084448, 0.450102848021, 0.298815895873, 0.670505697305, 0.312022249701, 0.479889666711, 0.457032306637, 0.988430540295, 0.206386410654, 0.52820573354, 0.0, 0.484161670108, 0.256834983325, 0.553394216362, 1.2642
0.445395467775, 0.0, 0.196283134994, 0.50853509991, 0.578061664085, 0.514760766389, 0.308831263753, 0.572245521359, 0.464637192901, 0.379786951289, 0.899508227831, 0.306675668059, 0.421845777355, 0.802734742027, 0.0452398465983, 0.416075695273, 0.4637337788, 0.866521771258, 0.7576
0.0, 0.744927654556, 0.132434307553, 1.0, 0.888581457744, 0.414533379634, 0.337252238218, 0.938414997443, 0.647192457015, 0.45200098962, 0.00485325643358, 0.269787099763, 0.344922821964, 0.695746284394, 0.487212485691, 0.556996039508, 0.212103413949, 0.0942159153167, 0.3625
0.281008208337, 0.278252172889, 0.139501740658, 0.79355385621, 0.495004566608, 0.368820363669, 0.551863416694, 0.884402411837, 0.0809230334857, 0.467585635074, 0.811209168624, 0.474412020598, 0.33068063083, 0.681887855325, 0.470989473411, 0.217294642015, 0.858229630607, 0.265835679092, 0.4749
0.417041610569, 0.333959874568, 0.8587488499, 0.15749159619, 0.263810070405, 0.243946798913, 0.311226732549, 0.610432564622, 0.417378091089, 0.191224699944, 0.655737075415, 0.476149428657, 0.00611535831055, 0.772329648291, 0.225999797389, 0.793916676201, 0.0634801340265, 0.0788429644541, 0.4932
0.272169362608, 0.357080434134, 0.313369532412, 0.413094459156, 0.248903526597, 0.0, 0.15292117231, 0.861740277347, 0.272203340792, 0.459318275955, 0.485109440575, 0.417214952848, 0.998296691782, 0.580434150022, 0.0916697435711, 0.268000643379, 0.929184556701, 0.284359462538, 0.9214
0.176152324446, 0.278486079066, 0.498334456374, 0.830189574799, 0.757802377273, 0.181280044981, 0.593335275231, 0.520126920497, 0.230215144464, 0.47428262165, 0.751417640716, 0.299549015847, 0.0286483311483, 0.993611020445, 0.256258844044, 0.0926301695667, 0.163813640437, 0.707362509336, 0.7576
0.354153840104, 0.896156850758, 1.0, 0.915173418833, 0.0, 0.839753417689, 0.0, 0.920766806165, 0.516248808274, 0.373829558598, 0.253607103335, 0.121315275119, 0.234090895482, 0.684245281068, 0.0464510062092, 0.126982621406, 0.753260818908, 0.422382156278, 0.3537
0.0626199623834, 0.35012211033, 0.347641572319, 0.23340802686, 0.842461871269, 0.668158712556, 0.693538248259, 0.757074703231, 0.47348197542, 0.29320528922, 0.254620047123, 0.672179223094, 0.0, 0.804120753779, 0.196373554034, 0.0541420905087, 0.403625344817, 0.997700570081, 0.6399
0.57299314381, 0.359816524476, 1.0, 0.0309567950696, 0.0, 0.130137281247, 0.442163475121, 0.854449922869, 0.816310505512, 0.209437974823, 0.0, 0.477370209381, 0.0, 0.921158267461, 0.280567423418, 0.273937524743, 0.947590715011, 0.0687661800725, 3.2516
0.199790589922, 0.440181151954, 0.477827966894, 0.647352676398, 0.203686396989, 0.846533758874, 0.962107412711, 0.661821447241, 0.495617570781, 0.541798776845, 0.12865133735, 0.0, 0.457461356128, 0.921879413205, 0.109961102591, 0.48287675023, 0.838762876972, 0.127839576766, 0.4676
0.421055456289, 0.497897143698, 0.866256249683, 0.983858506451, 0.750674726312, 0.655246151702, 0.394100535473, 0.998746949807, 0.0291908748234, 0.430103168682, 0.822997682975, 0.404274914936, 0.269801523402, 0.850202157746, 0.220931265171, 0.30400070141, 0.871359951823, 0.268935921409, 0.4932
0.335494079103, 0.529850284882, 0.16315456741, 0.800977249679, 0.20562807753, 0.710068553358, 0.255367672144, 1.0, 0.453928120466, 0.725913567684, 0.100157971196, 0.318787756896, 0.337105781497, 0.777363062362, 0.456774633562, 0.771039723988, 0.182170758202, 0.192320249474, 0.5204
0.281896450625, 0.21579036951, 0.295940113328, 0.335022756721, 0.0335349946478, 0.749660868334, 0.840522438025, 0.518828084885, 0.26802064697, 0.309632364419, 0.510114102594, 0.129454022582, 0.472899699506, 0.579107993027, 0.960512442175, 0.0292941082502, 0.0601090346748, 0.0321566438256, 0.4676
0.448928776398, 0.86025739559, 0.0, 1.0, 0.502396824254, 0.830252662852, 0.799441221957, 0.963314537782, 0.375026683813, 0.575000531931, 0.478307402477, 0.385594509709, 0.406044609581, 0.792923920006, 0.414487916077, 0.447325485056, 0.162936013127, 0.585210572756, 0.7576
0.299912838365, 0.973765459628, 0.973529586053, 0.493586260938, 0.148651749286, 0.628382832977, 0.103909404182, 0.610296847282, 0.801979708441, 0.432876268495, 0.2300263222, 0.110964563581, 0.0465043233911, 0.899520424872, 0.24387739371, 0.113270941823, 0.990341100658, 0.00966196988337, 0.3537
0.753153256158, 0.849194730237, 0.151536831002, 0.179145824248, 0.225243175994, 0.406201926649, 0.458507140698, 0.938450343018, 0.395163552966, 0.927977889708, 0.473848801933, 0.40205578191, 0.348018164183, 0.907437891858, 0.240850091517, 0.551002451136, 0.271106603525, 0.466489757667, 5.8585
0.0, 0.686776504781, 0.391498141472, 0.816577973427, 0.0, 0.750375060701, 0.0888262916067, 1.0, 0.610967307715, 0.095187777738, 0.331086712702, 0.0, 0.0, 0.704155558481, 0.0719072128952, 0.127208557981, 0.734745689167, 0.41876442912, 0.3537
0.225220217517, 0.428509943645, 0.670339366727, 0.917386646799, 0.5423299992, 0.894833679862, 0.522010461046, 0.747157695429, 0.440496432046, 0.319004788526, 0.178512646581, 0.834562200011, 0.275787766514, 0.597453470891, 0.370223722465, 0.666606664786, 0.19174117845, 0.272288824591, 0.6465
0.00981622314403, 0.528643805073, 0.744828656219, 0.470150237816, 0.0726173768611, 0.0763298155256, 0.285467136722, 0.88253154429, 0.477172921172, 0.375564915227, 0.710844832429, 0.129650625364, 0.323680039503, 0.654907299098, 0.944337436947, 0.468187415227, 0.225511259919, 0.0290217343825, 0.4932
0.497604228503, 0.462358661296, 0.563381818963, 0.0357724089239, 0.479006262351, 0.0, 0.482359864996, 0.526572487749, 0.472730856305, 0.326130699029, 0.585239904052, 0.177737750268, 0.39320853612, 0.748181752591, 0.329898682074, 0.0, 0.488905474297, 0.923954151906, 0.5265
0.263296909074, 0.386302206952, 0.089324406661, 0.46862462597, 0.373694060936, 0.767847763767, 0.916167997523, 0.519224663801, 0.0954119477097, 0.246578668005, 0.828852425883, 0.430723200775, 0.446926056533, 0.840138680864, 0.403424377764, 0.596542981198, 0.342153823953, 0.0944031329335, 0.4676
0.64011904062, 0.79674930695, 0.118516530566, 0.926133303153, 0.123320439491, 0.295423008109, 0.65940815766, 0.663220111812, 0.297254388724, 0.581389917422, 0.187389040683, 0.417243984061, 0.235399142002, 0.53536495362, 0.452274039768, 0.776475009739, 0.120399264871, 0.439815287085, 5.8585
0.59051203802, 0.295631302089, 0.166403809258, 0.238977989813, 0.73954498312, 0.14814551355, 0.990616856013, 0.582447795853, 0.193327997057, 0.162404054248, 0.856789376071, 0.382054688545, 0.0626475040872, 0.949373954693, 0.391203554703, 0.319324966463, 0.834461182726, 0.15862625672, 10.7266
0.0, 0.0707537420072, 0.377645458236, 0.927490781331, 1.0, 0.834799155101, 0.284343725632, 0.746611093101, 0.427478411199, 0.151558104775, 0.480893605015, 0.799138572491, 0.233980038784, 0.580785227057, 0.464534987509, 0.0, 0.885096247134, 0.446872729183, 0.627
0.993577819963, 0.780397381933, 0.0945017631974, 0.669917126092, 0.476135612075, 0.436587327143, 0.902080521282, 0.611633301236, 0.00660326182157, 0.253154736828, 0.0844521341619, 0.190224347815, 0.980415597392, 0.656509383393, 0.105275155934, 0.621505256314, 0.0361654675411, 0.20564323028, 38.8805
0.068373864333, 0.650333647193, 0.0224473134355, 0.485665723375, 0.933751697556, 0.1118006533, 0.410350234898, 0.565310426281, 0.24758370498, 0.62326122193, 0.160273690896, 0.0679716618841, 0.428031346375, 0.72471560012, 0.19176608052, 0.41344105351, 0.571503000534, 0.398975269099, 0.5204
0.269888436813, 0.0637784909023, 0.182157879683, 0.441946989378, 0.616570462834, 0.209636415029, 0.868154775205, 0.693904082358, 0.245942194197, 0.149610606973, 0.290383882495, 0.79890879055, 0.200681361944, 0.828273313006, 0.161483789329, 0.675908006818, 0.449621858362, 0.121671928376, 0.6399
0.755875454114, 0.135991622803, 0.933022946158, 0.969339808603, 0.677564887876, 0.41186432648, 0.387795392933, 0.750881912318, 0.673953638554, 0.319303806706, 0.0889530481638, 0.397561426984, 0.245730600108, 0.971875989362, 0.0558064371926, 0.353626285015, 0.505160063621, 0.296431441387, 3.2801
0.311597773316, 0.148383387705, 0.270438798311, 0.819920702208, 0.311033033313, 0.0, 0.983025018153, 0.649025786995, 0.0, 0.089057977756, 0.860284664049, 0.432232585973, 0.0362703854145, 0.664679322054, 0.431853090232, 0.60566153152, 0.111331868457, 0.0, 0.4749
0.286152302943, 0.156899903651, 0.489100316804, 0.55787464775, 0.461043559577, 0.830986815581, 0.257723749709, 0.667126433318, 0.376235240794, 0.33284228122, 0.829094460708, 0.0930283219231, 0.430546428877, 0.933199495787, 0.100465172937, 0.43341724126, 0.223615992524, 0.692734595389, 0.7576
0.171954368512, 0.236854000706, 0.79726912628, 0.940807678296, 0.633278191752, 0.875862281706, 0.579389956284, 0.731988726926, 0.79996502069, 0.122454896649, 0.496740020903, 0.185983389724, 0.13169530201, 0.517836125742, 0.447696966557, 0.204326683149, 0.290827673904, 0.693227642066, 0.5265
0.278479109219, 0.56006112064, 0.820845419617, 1.0, 0.354163231705, 1.0, 0.588591865433, 0.863552890322, 0.279592872427, 0.396913079184, 0.348982787107, 0.968320671478, 0.113864118833, 1.0, 0.580724118771, 0.0278724629877, 0.443022256532, 0.160181566732, 1.2447
0.370351037038, 0.203149328532, 0.411354910286, 0.977115490846, 0.273253156482, 0.853989528496, 0.578447784299, 0.833974995819, 0.00987018966674, 0.880974369254, 0.321849571652, 0.188834858003, 0.120260541003, 0.852105221652, 0.855491621514, 0.205147779746, 0.0682554808402, 0.0540486227233, 0.4676
0.427549897892, 0.583697800095, 0.617033534185, 0.389726061999, 0.790175414398, 0.174897088442, 0.145632260625, 0.621894736961, 0.523674828307, 0.370761915866, 0.493138290962, 0.29222928236, 0.0, 0.592779734929, 0.0759263305416, 0.57585116039, 0.103047072966, 0.48725985874, 0.3625
0.27998029675, 0.317719438081, 0.751644582645, 0.447921797443, 0.398995975214, 0.466016820307, 0.602246553989, 0.939170567566, 0.561505152419, 0.110070928017, 0.0224576484499, 0.44521135582, 0.458431779797, 0.547581852655, 0.0539635453408, 0.0, 0.759627783926, 0.21820113776, 0.5695
0.369780148674, 0.0965250977272, 0.486198527208, 0.327130869827, 0.208630000323, 1.0, 0.0332206526719, 0.55359876462, 0.0, 0.220077840144, 1.0, 0.241073052702, 0.314796175733, 1.0, 0.317457243886, 0.0, 0.612716413972, 0.460578451142, 0.4932
0.103042724643, 0.805978605753, 0.552988129564, 0.0772317241791, 0.303492941329, 0.814048455265, 0.150379846097, 0.52456714048, 0.58881064433, 0.356752380237, 0.32127763115, 0.0579221306614, 0.0870765561154, 0.843915179172, 0.0674287032947, 0.33234193258, 0.424132045496, 0.882223880645, 0.5265
0.359096376815, 0.499120492262, 0.498186799641, 0.268151032388, 0.414211334901, 0.211919497667, 0.0, 0.573814598987, 0.049285656147, 0.0226407076892, 0.0, 0.500306913746, 0.364612432023, 0.787070512851, 0.264257006754, 0.12636009259, 0.017694758952, 0.978141687992, 0.627
0.0, 0.662881532599, 0.540147909769, 0.273548639842, 0.159285185679, 0.322605202779, 0.40870597429, 0.506945900791, 0.415483294351, 0.457485183846, 0.307637942153, 0.839527645235, 0.409637720829, 0.942359964814, 0.956078226182, 0.288935671003, 0.459951399051, 0.354778464754, 1.2447
0.0725448937206, 0.200174266551, 0.657586011073, 0.621210199337, 0.663325547515, 0.479499723083, 0.307269204409, 0.600586890011, 0.11033011884, 0.142048856375, 0.212986805118, 0.621434086575, 0.477704925821, 0.764210996888, 0.165707286722, 0.313144103649, 0.401787590096, 1.0, 0.627
