0.605979621579, 0.379156418682, 0.0724240124526, 0.30883200843, 0.278822723351, 0.826419358946, 0.144133266132, 0.228171050885, 0.908859279112, 0.822576175282, 0.324648856999, 201.5466
0.846185938355, 0.156425076697, 0.161066190589, 0.277921500078, 0.921942091528, 0.312654001724, 0.107900695612, 0.532569399213, 0.329394268264, 0.872547936849, 0.0360501048323, 201.5466
0.843046128524, 0.159121187598, 0.0787869627321, 0.0639023635093, 0.0537786718092, 0.954409096815, 0.12261456508, 0.0198987727075, 0.338249718264, 0.0739753394475, 0.472306165243, 201.5466
0.616661080661, 0.420669055294, 0.0597936875049, 0.21212370148, 0.356828616901, 0.651741874286, 0.0104270410203, 0.700425527896, 0.827416023811, 0.686521037179, 0.0318950153179, 201.5466
0.605979621579, 0.379156418682, 0.0724240124526, 0.30883200843, 0.278822723351, 0.826419358946, 0.144133266132, 0.228171050885, 0.908859279112, 0.822576175282, 0.324648856999, 201.5466
0.846185938355, 0.156425076697, 0.161066190589, 0.277921500078, 0.921942091528, 0.312654001724, 0.107900695612, 0.532569399213, 0.329394268264, 0.872547936849, 0.0360501048323, 201.5466
0.843046128524, 0.159121187598, 0.0787869627321, 0.0639023635093, 0.0537786718092, 0.954409096815, 0.12261456508, 0.0198987727075, 0.338249718264, 0.0739753394475, 0.472306165243, 201.5466
0.616661080661, 0.420669055294, 0.0597936875049, 0.21212370148, 0.356828616901, 0.651741874286, 0.0104270410203, 0.700425527896, 0.827416023811, 0.686521037179, 0.0318950153179, 201.5466
0.734683584912, 0.0806633544535, 0.35216263178, 0.726401966364, 0.315721635486, 0.334944177788, 0.723014302319, 0.229457021108, 0.712837031247, 0.670863173992, 0.236910614815, 213.0966
0.782793260871, 0.010121476789, 0.235310099901, 0.713655433896, 0.995237321662, 0.17007864742, 0.9483784199, 0.944751574589, 0.934940777401, 0.189859112283, 0.411235004664, 213.0966
0.722597827692, 0.437442181604, 0.0944902919849, 0.52658924344, 0.663926786679, 0.421118079803, 0.485175797048, 0.224422614529, 0.86536019052, 0.701435984878, 0.183111375008, 213.0966
0.979595744553, 0.34984588814, 0.0792319368353, 0.780037477322, 0.538581022989, 0.876762026016, 0.925508952783, 0.745186700624, 0.296412647793, 0.574703280714, 0.2044630183, 213.0966
0.517038287059, 0.224973792468, 0.288117946184, 0.896084422668, 0.292309384267, 0.545471615915, 0.580645920637, 0.103043697474, 0.777323585883, 0.366132206055, 0.319589911757, 213.0966
0.945752071017, 0.0522519742316, 0.130446923921, 0.835742155868, 0.676210267023, 0.741019606207, 0.25476088523, 0.929720277445, 0.803193458919, 0.159711117587, 0.0996880625573, 213.0966
0.542044592169, 0.357655574019, 0.141268892645, 0.828259517819, 0.475022146116, 0.284951924155, 0.395229581579, 0.289644770475, 0.222665307095, 0.971890729555, 0.209156384872, 213.0966
0.734683584912, 0.0806633544535, 0.35216263178, 0.726401966364, 0.315721635486, 0.334944177788, 0.723014302319, 0.229457021108, 0.712837031247, 0.670863173992, 0.236910614815, 213.0966
0.782793260871, 0.010121476789, 0.235310099901, 0.713655433896, 0.995237321662, 0.17007864742, 0.9483784199, 0.944751574589, 0.934940777401, 0.189859112283, 0.411235004664, 213.0966
0.722597827692, 0.437442181604, 0.0944902919849, 0.52658924344, 0.663926786679, 0.421118079803, 0.485175797048, 0.224422614529, 0.86536019052, 0.701435984878, 0.183111375008, 213.0966
0.979595744553, 0.34984588814, 0.0792319368353, 0.780037477322, 0.538581022989, 0.876762026016, 0.925508952783, 0.745186700624, 0.296412647793, 0.574703280714, 0.2044630183, 213.0966
0.517038287059, 0.224973792468, 0.288117946184, 0.896084422668, 0.292309384267, 0.545471615915, 0.580645920637, 0.103043697474, 0.777323585883, 0.366132206055, 0.319589911757, 213.0966
0.945752071017, 0.0522519742316, 0.130446923921, 0.835742155868, 0.676210267023, 0.741019606207, 0.25476088523, 0.929720277445, 0.803193458919, 0.159711117587, 0.0996880625573, 213.0966
0.542044592169, 0.357655574019, 0.141268892645, 0.828259517819, 0.475022146116, 0.284951924155, 0.395229581579, 0.289644770475, 0.222665307095, 0.971890729555, 0.209156384872, 213.0966
0.972893036827, 0.394664909931, 0.296083893064, 0.334476089607, 0.0443909302272, 0.99313051944, 0.779663919608, 0.315695147397, 0.333915154744, 0.413110739103, 0.934275986526, 214.2433
0.779540389082, 0.372987707889, 0.143104074378, 0.19590993836, 0.465383543794, 0.253930289638, 0.784373618573, 0.578116707848, 0.26309194473, 0.661690829527, 0.830037114034, 214.2433
0.972893036827, 0.394664909931, 0.296083893064, 0.334476089607, 0.0443909302272, 0.99313051944, 0.779663919608, 0.315695147397, 0.333915154744, 0.413110739103, 0.934275986526, 214.2433
0.779540389082, 0.372987707889, 0.143104074378, 0.19590993836, 0.465383543794, 0.253930289638, 0.784373618573, 0.578116707848, 0.26309194473, 0.661690829527, 0.830037114034, 214.2433
0.710535323045, 0.461108936368, 0.351872125557, 0.421759177113, 0.502671846607, 0.845454263736, 0.0470125196598, 0.990988898824, 0.611414740822, 0.296185499237, 0.754251132373, 217.0733
0.96413653732, 0.167614808179, 0.255884762512, 0.0796492348296, 0.985968499079, 0.244987505796, 0.14353864703, 0.647264883247, 0.839421965361, 0.958873053857, 0.826175835389, 217.0733
0.710535323045, 0.461108936368, 0.351872125557, 0.421759177113, 0.502671846607, 0.845454263736, 0.0470125196598, 0.990988898824, 0.611414740822, 0.296185499237, 0.754251132373, 217.0733
0.96413653732, 0.167614808179, 0.255884762512, 0.0796492348296, 0.985968499079, 0.244987505796, 0.14353864703, 0.647264883247, 0.839421965361, 0.958873053857, 0.826175835389, 217.0733
0.803736851251, 0.0977752972086, 0.909224012527, 0.323130058679, 0.868439573696, 0.247173392748, 0.865482784906, 0.582296612051, 0.207992772453, 0.746613565919, 0.431449828143, 219.87
0.803736851251, 0.0977752972086, 0.909224012527, 0.323130058679, 0.868439573696, 0.247173392748, 0.865482784906, 0.582296612051, 0.207992772453, 0.746613565919, 0.431449828143, 219.87
0.510056629736, 0.129350229816, 0.882103074744, 0.563201523211, 0.837290487987, 0.0677989540653, 0.461267909258, 0.650575401272, 0.875478617327, 0.593349796117, 0.0663062425412, 220.8033
0.511543307569, 0.032827868412, 0.559254154548, 0.125937806778, 0.710254153833, 0.475822842663, 0.269552257645, 0.424722937823, 0.697159866168, 0.951695387809, 0.177239224544, 220.8033
0.767404607532, 0.144159965241, 0.64753868853, 0.739267102624, 0.847419668674, 0.0655268115673, 0.336347003718, 0.345325122115, 0.853453907346, 0.176145362587, 0.0357644198254, 220.8033
0.510056629736, 0.129350229816, 0.882103074744, 0.563201523211, 0.837290487987, 0.0677989540653, 0.461267909258, 0.650575401272, 0.875478617327, 0.593349796117, 0.0663062425412, 220.8033
0.511543307569, 0.032827868412, 0.559254154548, 0.125937806778, 0.710254153833, 0.475822842663, 0.269552257645, 0.424722937823, 0.697159866168, 0.951695387809, 0.177239224544, 220.8033
0.767404607532, 0.144159965241, 0.64753868853, 0.739267102624, 0.847419668674, 0.0655268115673, 0.336347003718, 0.345325122115, 0.853453907346, 0.176145362587, 0.0357644198254, 220.8033
0.774168545047, 0.372561213274, 0.0525526623259, 0.682865194194, 0.196559375851, 0.146633992492, 0.888414947426, 0.496465397277, 0.571235877027, 0.414721490117, 0.598963691826, 220.8666
0.509805362865, 0.0662918342375, 0.389451086616, 0.825072565853, 0.0828610630206, 0.207475787494, 0.635232823207, 0.490756839683, 0.783741942079, 0.979553285917, 0.697737438282, 220.8666
0.764067719505, 0.261005623266, 0.289888177667, 0.944306690451, 0.051873514345, 0.25879019605, 0.00613574865229, 0.501711397072, 0.630155686992, 0.83097146162, 0.822292606387, 220.8666
0.586574415775, 0.00836279966793, 0.230400913887, 0.931516740199, 0.437036460014, 0.118203551918, 0.767331242275, 0.597773195234, 0.731413741266, 0.257641367836, 0.507036711763, 220.8666
0.947028017917, 0.402628683462, 0.474401033564, 0.952836671031, 0.264542990229, 0.129300313776, 0.578519178689, 0.958945984945, 0.979292310602, 0.672680894321, 0.557651775914, 220.8666
0.842010028899, 0.105040046942, 0.225979719697, 0.513690092715, 0.105015769321, 0.280237031042, 0.259535950276, 0.338605897288, 0.0595952395731, 0.909623765419, 0.555117183215, 220.8666
0.774168545047, 0.372561213274, 0.0525526623259, 0.682865194194, 0.196559375851, 0.146633992492, 0.888414947426, 0.496465397277, 0.571235877027, 0.414721490117, 0.598963691826, 220.8666
0.509805362865, 0.0662918342375, 0.389451086616, 0.825072565853, 0.0828610630206, 0.207475787494, 0.635232823207, 0.490756839683, 0.783741942079, 0.979553285917, 0.697737438282, 220.8666
0.764067719505, 0.261005623266, 0.289888177667, 0.944306690451, 0.051873514345, 0.25879019605, 0.00613574865229, 0.501711397072, 0.630155686992, 0.83097146162, 0.822292606387, 220.8666
0.586574415775, 0.00836279966793, 0.230400913887, 0.931516740199, 0.437036460014, 0.118203551918, 0.767331242275, 0.597773195234, 0.731413741266, 0.257641367836, 0.507036711763, 220.8666
0.947028017917, 0.402628683462, 0.474401033564, 0.952836671031, 0.264542990229, 0.129300313776, 0.578519178689, 0.958945984945, 0.979292310602, 0.672680894321, 0.557651775914, 220.8666
0.842010028899, 0.105040046942, 0.225979719697, 0.513690092715, 0.105015769321, 0.280237031042, 0.259535950276, 0.338605897288, 0.0595952395731, 0.909623765419, 0.555117183215, 220.8666
0.797094350589, 0.658662498538, 0.475089163267, 0.0692903692453, 0.2578714621, 0.263357349397, 0.750853281723, 0.369531754424, 0.608766949937, 0.0823280415986, 0.310295230411, 225.4133
0.600445371654, 0.565113402988, 0.196895981897, 0.453942489902, 0.324927480917, 0.507717555843, 0.665667738199, 0.498927222094, 0.788191062853, 0.0454748088487, 0.0715257750941, 225.4133
0.998209346105, 0.824239542129, 0.136945597571, 0.0773590602917, 0.48675684497, 0.979001813417, 0.774477884953, 0.237762616149, 0.594275255523, 0.312987336564, 0.277967004529, 225.4133
0.797094350589, 0.658662498538, 0.475089163267, 0.0692903692453, 0.2578714621, 0.263357349397, 0.750853281723, 0.369531754424, 0.608766949937, 0.0823280415986, 0.310295230411, 225.4133
0.600445371654, 0.565113402988, 0.196895981897, 0.453942489902, 0.324927480917, 0.507717555843, 0.665667738199, 0.498927222094, 0.788191062853, 0.0454748088487, 0.0715257750941, 225.4133
0.998209346105, 0.824239542129, 0.136945597571, 0.0773590602917, 0.48675684497, 0.979001813417, 0.774477884953, 0.237762616149, 0.594275255523, 0.312987336564, 0.277967004529, 225.4133
0.942954974784, 0.840559721771, 0.165171653619, 0.0795311540073, 0.265175904672, 0.0735237540624, 0.23901359068, 0.817361298441, 0.117861902672, 0.640356186105, 0.16009605002, 227.94
0.942954974784, 0.840559721771, 0.165171653619, 0.0795311540073, 0.265175904672, 0.0735237540624, 0.23901359068, 0.817361298441, 0.117861902672, 0.640356186105, 0.16009605002, 227.94
0.962311223484, 0.000591264049381, 0.822324855283, 0.822774291381, 0.00732462410914, 0.539452709789, 0.823690451463, 0.982184137233, 0.0706328490154, 0.717962962194, 0.174898727171, 230.7733
0.962311223484, 0.000591264049381, 0.822324855283, 0.822774291381, 0.00732462410914, 0.539452709789, 0.823690451463, 0.982184137233, 0.0706328490154, 0.717962962194, 0.174898727171, 230.7733
0.730009241283, 0.489601135366, 0.957737997447, 0.338100711694, 0.204741276555, 0.834372428672, 0.470405120324, 0.872442801336, 0.764307435185, 0.917482974907, 0.959716547971, 231.62
0.730009241283, 0.489601135366, 0.957737997447, 0.338100711694, 0.204741276555, 0.834372428672, 0.470405120324, 0.872442801336, 0.764307435185, 0.917482974907, 0.959716547971, 231.62
0.530171838097, 0.612953338632, 0.201805190799, 0.0422598936498, 0.936363332373, 0.938872545137, 0.495649379273, 0.382855810058, 0.703732996972, 0.937924303831, 0.50806029464, 232.2166
0.988725822402, 0.540460420115, 0.248527150322, 0.127521674324, 0.220469126408, 0.342728775308, 0.900209483588, 0.0999979515205, 0.782229827549, 0.209483213963, 0.671307917416, 232.2166
0.706934483726, 0.598165165279, 0.152877856314, 0.414650756073, 0.797810627237, 0.26392587211, 0.39583788829, 0.485342576445, 0.129815209793, 0.712806861447, 0.966284900478, 232.2166
0.530171838097, 0.612953338632, 0.201805190799, 0.0422598936498, 0.936363332373, 0.938872545137, 0.495649379273, 0.382855810058, 0.703732996972, 0.937924303831, 0.50806029464, 232.2166
0.988725822402, 0.540460420115, 0.248527150322, 0.127521674324, 0.220469126408, 0.342728775308, 0.900209483588, 0.0999979515205, 0.782229827549, 0.209483213963, 0.671307917416, 232.2166
0.706934483726, 0.598165165279, 0.152877856314, 0.414650756073, 0.797810627237, 0.26392587211, 0.39583788829, 0.485342576445, 0.129815209793, 0.712806861447, 0.966284900478, 232.2166
0.657877525534, 0.0639865528902, 0.948138943577, 0.479073276425, 0.617248053691, 0.487032030488, 0.40385094285, 0.256083973385, 0.628343909379, 0.175991364753, 0.860231050331, 232.47
0.571860051386, 0.23138559308, 0.653942217486, 0.315408674957, 0.888964274978, 0.268081736122, 0.204995095421, 0.100173036776, 0.0124294883985, 0.799212653301, 0.680535876997, 232.47
0.657877525534, 0.0639865528902, 0.948138943577, 0.479073276425, 0.617248053691, 0.487032030488, 0.40385094285, 0.256083973385, 0.628343909379, 0.175991364753, 0.860231050331, 232.47
0.571860051386, 0.23138559308, 0.653942217486, 0.315408674957, 0.888964274978, 0.268081736122, 0.204995095421, 0.100173036776, 0.0124294883985, 0.799212653301, 0.680535876997, 232.47
0.558401891692, 0.200541375805, 0.752372373308, 0.918545669615, 0.472415737161, 0.537545343185, 0.562887382633, 0.215612628336, 0.972957723403, 0.117828566869, 0.111860937974, 232.66
0.96391694504, 0.0843471532316, 0.994170452042, 0.47067925161, 0.491403742799, 0.878397516542, 0.988389231937, 0.299637124326, 0.509974473573, 0.2385285466, 0.420285486204, 232.66
0.558401891692, 0.200541375805, 0.752372373308, 0.918545669615, 0.472415737161, 0.537545343185, 0.562887382633, 0.215612628336, 0.972957723403, 0.117828566869, 0.111860937974, 232.66
0.96391694504, 0.0843471532316, 0.994170452042, 0.47067925161, 0.491403742799, 0.878397516542, 0.988389231937, 0.299637124326, 0.509974473573, 0.2385285466, 0.420285486204, 232.66
0.556276506328, 0.637251717048, 0.355840868022, 0.845014427957, 0.0462258584336, 0.350423561095, 0.461829011242, 0.401705615521, 0.237889469771, 0.287856303896, 0.328437272205, 232.86
0.52000350732, 0.509699737116, 0.278097824073, 0.619148991502, 0.586734893007, 0.962657368887, 0.398613725368, 0.214977500434, 0.020139842995, 0.407625974906, 0.289258517451, 232.86
0.876880015667, 0.555234718103, 0.414893470603, 0.705228496363, 0.572477322991, 0.639254320991, 0.636026012849, 0.310665379134, 0.395392332453, 0.60876403034, 0.0243143774241, 232.86
0.690034280307, 0.670305893578, 0.120049412025, 0.502875814631, 0.0163761240265, 0.598876349655, 0.217368568279, 0.291824152495, 0.161814996709, 0.46112250971, 0.0568635633466, 232.86
0.556276506328, 0.637251717048, 0.355840868022, 0.845014427957, 0.0462258584336, 0.350423561095, 0.461829011242, 0.401705615521, 0.237889469771, 0.287856303896, 0.328437272205, 232.86
0.52000350732, 0.509699737116, 0.278097824073, 0.619148991502, 0.586734893007, 0.962657368887, 0.398613725368, 0.214977500434, 0.020139842995, 0.407625974906, 0.289258517451, 232.86
0.876880015667, 0.555234718103, 0.414893470603, 0.705228496363, 0.572477322991, 0.639254320991, 0.636026012849, 0.310665379134, 0.395392332453, 0.60876403034, 0.0243143774241, 232.86
0.690034280307, 0.670305893578, 0.120049412025, 0.502875814631, 0.0163761240265, 0.598876349655, 0.217368568279, 0.291824152495, 0.161814996709, 0.46112250971, 0.0568635633466, 232.86
0.983224290199, 0.979773181224, 0.328200413337, 0.306080129739, 0.759798694903, 0.510003132425, 0.735811459723, 0.629140227741, 0.133521122046, 0.560049597636, 0.706520364041, 234.0533
0.87997138439, 0.805618423826, 0.164303000973, 0.166265360688, 0.0475060920373, 0.186487138873, 0.798699126585, 0.765855048239, 0.437753402433, 0.96504072996, 0.969564325174, 234.0533
0.983224290199, 0.979773181224, 0.328200413337, 0.306080129739, 0.759798694903, 0.510003132425, 0.735811459723, 0.629140227741, 0.133521122046, 0.560049597636, 0.706520364041, 234.0533
0.87997138439, 0.805618423826, 0.164303000973, 0.166265360688, 0.0475060920373, 0.186487138873, 0.798699126585, 0.765855048239, 0.437753402433, 0.96504072996, 0.969564325174, 234.0533
0.876430331065, 0.709480562946, 0.483488079498, 0.593037447507, 0.816708905592, 0.236777790254, 0.672314881661, 0.356577421119, 0.876434165247, 0.0414266454063, 0.195074970352, 234.6533
0.919320783988, 0.967072135062, 0.495859231266, 0.621177662291, 0.521568389771, 0.242651435039, 0.626259731783, 0.161416763026, 0.739152681798, 0.905086854061, 0.145125998036, 234.6533
0.611226818567, 0.958151159206, 0.447422475132, 0.693616379858, 0.255771416714, 0.478432485829, 0.319237823889, 0.0322713644787, 0.893594875357, 0.43450290452, 0.37052498566, 234.6533
0.876430331065, 0.709480562946, 0.483488079498, 0.593037447507, 0.816708905592, 0.236777790254, 0.672314881661, 0.356577421119, 0.876434165247, 0.0414266454063, 0.195074970352, 234.6533
0.919320783988, 0.967072135062, 0.495859231266, 0.621177662291, 0.521568389771, 0.242651435039, 0.626259731783, 0.161416763026, 0.739152681798, 0.905086854061, 0.145125998036, 234.6533
0.611226818567, 0.958151159206, 0.447422475132, 0.693616379858, 0.255771416714, 0.478432485829, 0.319237823889, 0.0322713644787, 0.893594875357, 0.43450290452, 0.37052498566, 234.6533
0.994445320441, 0.404773759996, 0.943913807726, 0.470269797791, 0.0696242363699, 0.0578576643158, 0.647950534651, 0.937336776085, 0.611801272193, 0.5184928157, 0.761426832187, 234.8666
0.994445320441, 0.404773759996, 0.943913807726, 0.470269797791, 0.0696242363699, 0.0578576643158, 0.647950534651, 0.937336776085, 0.611801272193, 0.5184928157, 0.761426832187, 234.8666
0.668284734014, 0.396850422789, 0.898235980646, 0.0313589188465, 0.367209283036, 0.886360492408, 0.94969032006, 0.130371449076, 0.194919266428, 0.920872404625, 0.822749777553, 235.0733
0.86371198938, 0.309270988017, 0.578071292831, 0.293440548529, 0.886485278496, 0.821131401629, 0.866117754643, 0.465409053192, 0.705627559297, 0.169412658375, 0.919504582331, 235.0733
0.86371198938, 0.309270988017, 0.578071292831, 0.293440548529, 0.886485278496, 0.821131401629, 0.866117754643, 0.465409053192, 0.705627559297, 0.169412658375, 0.919504582331, 235.0733
0.668284734014, 0.396850422789, 0.898235980646, 0.0313589188465, 0.367209283036, 0.886360492408, 0.94969032006, 0.130371449076, 0.194919266428, 0.920872404625, 0.822749777553, 235.0733
