0.877265934204, 0.357655574019, 0.0724240124526, 0.19590993836, 0.568558735316, 0.876762026016, 0.713662675392, 0.343915848473, 0.777323585883, 0.764295124307, 0.11224910285, 201.5466
0.982099188635, 0.372987707889, 0.296083893064, 0.19590993836, 0.0548926928662, 0.492742552118, 0.791366780732, 0.516654216126, 0.450603713648, 0.958873053857, 0.412825889839, 201.5466
0.542044592169, 0.0806633544535, 0.00751327017356, 0.04435590421, 0.934924152469, 0.99313051944, 0.746544208998, 0.0168898142577, 0.604653632248, 0.971890729555, 0.0482347826681, 201.5466
0.846185938355, 0.156425076697, 0.0194238172189, 0.389571056852, 0.0210677678067, 0.938928581685, 0.736257449593, 0.0198987727075, 0.338249718264, 0.190982497008, 0.472306165243, 201.5466
0.705936892402, 0.224973792468, 0.232927366945, 0.21212370148, 0.356828616901, 0.421118079803, 0.0783903989538, 0.0692093149703, 0.00615819058124, 0.192591321522, 0.328972912522, 201.5466
0.843046128524, 0.156425076697, 0.474713814512, 0.100700041198, 0.740755191486, 0.662627193915, 0.12261456508, 0.229457021108, 0.712837031247, 0.549925977719, 0.467724288867, 201.5466
0.831938874687, 0.0402103203381, 0.0597936875049, 0.0485777938871, 0.278822723351, 0.951007398924, 0.12261456508, 0.723193531365, 0.732070783987, 0.562577852885, 0.0482347826681, 201.5466
0.88472327263, 0.156425076697, 0.0787869627321, 0.19590993836, 0.0537786718092, 0.462164309488, 0.107900695612, 0.516654216126, 0.14417763832, 0.460477710638, 0.190700534071, 201.5466
0.982099188635, 0.372987707889, 0.255462358446, 0.32710660437, 0.0548926928662, 0.284951924155, 0.791366780732, 0.315695147397, 0.450603713648, 0.549536655977, 0.0482347826681, 201.5466
0.7846719248, 0.0130602612075, 0.0134285800206, 0.0976164586304, 0.985968499079, 0.244987505796, 0.107900695612, 0.890597635543, 0.866823480572, 0.413110739103, 0.339663562986, 201.5466
0.846185938355, 0.379156418682, 0.161066190589, 0.128515862599, 0.154344132646, 0.383901876936, 0.14353864703, 0.228171050885, 0.125717497523, 0.822576175282, 0.121953934014, 201.5466
0.548230793245, 0.159121187598, 0.0724240124526, 0.04435590421, 0.905490551265, 0.686021307411, 0.144133266132, 0.0198987727075, 0.329394268264, 0.00660674180048, 0.0279277325991, 201.5466
0.843046128524, 0.156425076697, 0.0194238172189, 0.322418555929, 0.0299130276969, 0.312654001724, 0.12261456508, 0.189719977714, 0.194727310926, 0.44033004621, 0.472306165243, 201.5466
0.616661080661, 0.0474338240892, 0.0597936875049, 0.30883200843, 0.621288584731, 0.312654001724, 0.0104270410203, 0.700425527896, 0.827416023811, 0.825822988085, 0.0205194252471, 201.5466
0.605979621579, 0.420669055294, 0.0724240124526, 0.190211529383, 0.278822723351, 0.651741874286, 0.101319326236, 0.0329844394363, 0.329394268264, 0.822576175282, 0.0527066941815, 201.5466
0.616661080661, 0.118753160272, 0.000922640081535, 0.088652452696, 0.0299130276969, 0.983515893464, 0.12261456508, 0.723193531365, 0.759716513705, 0.873551083099, 0.0482347826681, 201.5466
0.846185938355, 0.379156418682, 0.214710459958, 0.277921500078, 0.921942091528, 0.0074191257105, 0.524267995237, 0.849216339521, 0.265640492907, 0.822576175282, 0.0360501048323, 201.5466
0.542044592169, 0.0806633544535, 0.467894554418, 0.285980493801, 0.284087358031, 0.238731607585, 0.723014302319, 0.229457021108, 0.454380409721, 0.485825104529, 0.236910614815, 201.5466
0.605979621579, 0.356981657461, 0.0724240124526, 0.289069718702, 0.0299130276969, 0.536511872879, 0.107900695612, 0.742381270952, 0.178635786899, 0.199837077409, 0.39783837421, 201.5466
0.846185938355, 0.395137958662, 0.474713814512, 0.0639023635093, 0.482888787443, 0.662627193915, 0.0777804355241, 0.700425527896, 0.827416023811, 0.192591321522, 0.0305379061621, 201.5466
0.616661080661, 0.420669055294, 0.319819151949, 0.21212370148, 0.0866678124847, 0.954409096815, 0.0104270410203, 0.0198987727075, 0.329394268264, 0.149271438165, 0.0318950153179, 201.5466
0.605979621579, 0.379156418682, 0.0724240124526, 0.195845330822, 0.356828616901, 0.312654001724, 0.0296996473328, 0.0382906326567, 0.329394268264, 0.515856392735, 0.324648856999, 201.5466
0.616661080661, 0.156425076697, 0.0577751911426, 0.277921500078, 0.00307070957206, 0.964889654961, 0.256777885613, 0.439865365837, 0.258298434499, 0.0185489012494, 0.183535819203, 201.5466
0.972893036827, 0.420669055294, 0.0629731154622, 0.0796492348296, 0.0294699274857, 0.284951924155, 0.0104270410203, 0.0198987727075, 0.606378804718, 0.971890729555, 0.164825453452, 201.5466
0.96413653732, 0.167614808179, 0.141268892645, 0.42169679073, 0.985968499079, 0.729001197361, 0.779663919608, 0.407673978288, 0.329394268264, 0.315272976836, 0.422927851782, 201.5466
0.846185938355, 0.379156418682, 0.0724240124526, 0.257832341689, 0.602205221359, 0.383901876936, 0.107900695612, 0.228171050885, 0.0882185742432, 0.0892052453905, 0.0461329155299, 201.5466
0.890790275587, 0.129608514919, 0.0659711024531, 0.277921500078, 0.482888787443, 0.312654001724, 0.135049815853, 0.0198987727075, 0.293646026188, 0.822576175282, 0.0360501048323, 201.5466
0.969659414074, 0.156425076697, 0.0194238172189, 0.04435590421, 0.647797655632, 0.401785072469, 0.0816207517797, 0.475456360967, 0.338249718264, 0.149271438165, 0.0318950153179, 201.5466
0.865442371544, 0.400377850559, 0.00850036950153, 0.30883200843, 0.482888787443, 0.954409096815, 0.101980140723, 0.464409569163, 0.476144127447, 0.549925977719, 0.146880267363, 201.5466
0.532364406328, 0.420669055294, 0.474713814512, 0.0730089734182, 0.0299130276969, 0.662627193915, 0.0104270410203, 0.0382906326567, 0.827416023811, 0.149271438165, 0.0318950153179, 201.5466
0.616661080661, 0.379156418682, 0.497283381059, 0.30883200843, 0.0156523575507, 0.855596952522, 0.465996657583, 0.700425527896, 0.908859279112, 0.822725988013, 0.324648856999, 201.5466
0.846185938355, 0.433946306938, 0.0724240124526, 0.277921500078, 0.921942091528, 0.826419358946, 0.107900695612, 0.549305653139, 0.329394268264, 0.895135381424, 0.0360501048323, 201.5466
0.858250755186, 0.486548111228, 0.161066190589, 0.0639023635093, 0.356828616901, 0.452459818921, 0.107900695612, 0.544122662696, 0.806203998575, 0.269211701827, 0.0482347826681, 201.5466
0.542044592169, 0.156425076697, 0.242249668785, 0.0639023635093, 0.699590541021, 0.970887563495, 0.12261456508, 0.0198987727075, 0.338249718264, 0.0301934069657, 0.472306165243, 201.5466
0.616661080661, 0.372987707889, 0.00751327017356, 0.19590993836, 0.934924152469, 0.284951924155, 0.00711553629333, 0.375179690539, 0.739099305955, 0.971890729555, 0.0482347826681, 201.5466
0.972893036827, 0.357655574019, 0.494780061193, 0.152042499828, 0.0443909302272, 0.278662151996, 0.107900695612, 0.265810096082, 0.333915154744, 0.390385859278, 0.283980307731, 201.5466
0.605979621579, 0.379156418682, 0.236570810451, 0.30883200843, 0.482888787443, 0.139396255028, 0.916818959884, 0.228171050885, 0.832943841478, 0.822576175282, 0.206142637921, 201.5466
0.849281353074, 0.0169685215598, 0.0194238172189, 0.04435590421, 0.946733398515, 0.954409096815, 0.144133266132, 0.0198987727075, 0.593720720903, 0.192591321522, 0.472306165243, 201.5466
0.637333361297, 0.379156418682, 0.0597936875049, 0.21212370148, 0.296813691305, 0.651741874286, 0.140133985288, 0.700425527896, 0.520862393814, 0.549925977719, 0.311095177934, 201.5466
0.605979621579, 0.420669055294, 0.0429037347195, 0.30883200843, 0.812418834285, 0.312654001724, 0.255707869814, 0.0382906326567, 0.532920826936, 0.89826727915, 0.0403768511898, 201.5466
0.616661080661, 0.159121187598, 0.0422324527471, 0.21212370148, 0.356828616901, 0.951007398924, 0.12261456508, 0.916934142753, 0.338249718264, 0.822576175282, 0.0517833489641, 201.5466
0.554080442195, 0.323017454935, 0.308697007491, 0.277921500078, 0.0203012359397, 0.954409096815, 0.524267995237, 0.0491760669742, 0.338249718264, 0.872547936849, 0.00790743202317, 201.5466
0.92440272008, 0.379156418682, 0.0364265285346, 0.0639023635093, 0.560008089324, 0.342155808591, 0.00436055152853, 0.724962865772, 0.14293605631, 0.650063435282, 0.0360501048323, 201.5466
0.970233680476, 0.420669055294, 0.0599253753931, 0.00683910358337, 0.387174207595, 0.954409096815, 0.438182351424, 0.581282298525, 0.289922790953, 0.412058148528, 0.0482347826681, 201.5466
0.605979621579, 0.379156418682, 0.0629731154622, 0.359427361542, 0.158367281753, 0.244987505796, 0.00550304374459, 0.383980147881, 0.293646026188, 0.199837077409, 0.298218238376, 201.5466
0.846185938355, 0.02708008779, 0.107386538477, 0.0639023635093, 0.921942091528, 0.852191484388, 0.144133266132, 0.424317935506, 0.171621658038, 0.127041571347, 0.0360501048323, 201.5466
0.62763385308, 0.159121187598, 0.0301914721004, 0.21212370148, 0.356828616901, 0.662627193915, 0.00443638771448, 0.107527159463, 0.827416023811, 0.149271438165, 0.0318950153179, 201.5466
0.698211143856, 0.420669055294, 0.0454766225593, 0.0639023635093, 0.0299130276969, 0.951007398924, 0.196149520533, 0.0137598503503, 0.329394268264, 0.952307954153, 0.0482347826681, 201.5466
0.692202388854, 0.379156418682, 0.0190929322363, 0.0639023635093, 0.0443909302272, 0.997614453211, 0.107900695612, 0.445124367388, 0.404110087415, 0.553107361381, 0.472306165243, 201.5466
0.542044592169, 0.342121717884, 0.267270801439, 0.277921500078, 0.670204771666, 0.0749431043145, 0.0104270410203, 0.0453089099977, 0.250337856226, 0.0271613853331, 0.275625798257, 201.5466
0.843046128524, 0.167614808179, 0.141268892645, 0.152042499828, 0.921942091528, 0.954777171937, 0.181837595762, 0.00167787272927, 0.205281095619, 0.971890729555, 0.359090791042, 201.5466
0.96413653732, 0.350406528598, 0.0629731154622, 0.121836721257, 0.985968499079, 0.115703911743, 0.32822042876, 0.157406194932, 0.796872724213, 0.315272976836, 0.0128104389805, 201.5466
0.741741621899, 0.159121187598, 0.0724240124526, 0.257832341689, 0.946733398515, 0.383901876936, 0.00213657968482, 0.228171050885, 0.246218467211, 0.110076411523, 0.216820765848, 201.5466
0.886185231943, 0.379156418682, 0.0659711024531, 0.0692662630451, 0.482888787443, 0.386746368593, 0.12261456508, 0.51602361806, 0.329394268264, 0.822576175282, 0.0360501048323, 201.5466
0.980870176316, 0.159121187598, 0.308697007491, 0.228526177776, 0.0299130276969, 0.954409096815, 0.00815371446983, 0.0479844934289, 0.739999100471, 0.0739753394475, 0.00790743202317, 201.5466
0.617729108591, 0.156425076697, 0.0787869627321, 0.277921500078, 0.751195612236, 0.651741874286, 0.0021305279527, 0.508282330875, 0.102716772836, 0.178429675666, 0.324648856999, 201.5466
0.846185938355, 0.379156418682, 0.258838251214, 0.125319364977, 0.921942091528, 0.193345733546, 0.244062638988, 0.626655665839, 0.292651331498, 0.686521037179, 0.24690492181, 201.5466
0.794419152687, 0.420669055294, 0.161066190589, 0.028773454444, 0.486802153288, 0.954409096815, 0.05240844978, 0.289644770475, 0.265843691334, 0.991713416219, 0.0360501048323, 201.5466
0.734683584912, 0.372987707889, 0.0629731154622, 0.0796492348296, 0.239644363758, 0.677929911848, 0.0956254754337, 0.642422700188, 0.839421965361, 0.485825104529, 0.422927851782, 201.5466
0.705936892402, 0.0806633544535, 0.2045104078, 0.389571056852, 0.688638294143, 0.421118079803, 0.746544208998, 0.229457021108, 0.712837031247, 0.190982497008, 0.236910614815, 201.5466
0.6420792454, 0.156425076697, 0.161066190589, 0.277921500078, 0.921942091528, 0.875442872586, 0.0151187808661, 0.173267502584, 0.329394268264, 0.872547936849, 0.0482347826681, 201.5466
0.848331143153, 0.159121187598, 0.0597936875049, 0.0639023635093, 0.278822723351, 0.0230830554053, 0.107900695612, 0.228171050885, 0.986151107294, 0.152791795927, 0.441351322411, 201.5466
0.850338489084, 0.379156418682, 0.0787869627321, 0.30883200843, 0.356828616901, 0.462164309488, 0.107900695612, 0.738960322591, 0.378121045117, 0.822576175282, 0.324648856999, 201.5466
0.879468012594, 0.167614808179, 0.0279220203281, 0.32710660437, 0.0537786718092, 0.244987505796, 0.14353864703, 0.71965125404, 0.329394268264, 0.211283410938, 0.472306165243, 201.5466
0.96413653732, 0.156425076697, 0.0724240124526, 0.0796492348296, 0.985968499079, 0.102986878227, 0.207046699976, 0.890597635543, 0.839421965361, 0.872547936849, 0.347739426282, 201.5466
0.846185938355, 0.0806633544535, 0.0194238172189, 0.04435590421, 0.0299130276969, 0.954409096815, 0.0653110924869, 0.0617084131622, 0.790980646914, 0.00660674180048, 0.0336938834731, 201.5466
0.705936892402, 0.0376296539318, 0.232927366945, 0.389571056852, 0.315721635486, 0.876762026016, 0.746544208998, 0.343915848473, 0.194727310926, 0.764295124307, 0.11224910285, 201.5466
0.877265934204, 0.224973792468, 0.390586364101, 0.100700041198, 0.18021097404, 0.421118079803, 0.736257449593, 0.492266787398, 0.712837031247, 0.190982497008, 0.236910614815, 201.5466
0.960620525715, 0.0402103203381, 0.474713814512, 0.21212370148, 0.976134048089, 0.758645702845, 0.12261456508, 0.0198987727075, 0.903646033837, 0.549925977719, 0.467724288867, 201.5466
0.824788352263, 0.159121187598, 0.286306129184, 0.277921500078, 0.984683088721, 0.786845103852, 0.107900695612, 0.338240476112, 0.69344595996, 0.629440149616, 0.0360501048323, 201.5466
0.6420792454, 0.156425076697, 0.0597936875049, 0.0485777938871, 0.686437420029, 0.951007398924, 0.107900695612, 0.902902008479, 0.732070783987, 0.872547936849, 0.0482347826681, 201.5466
0.883647062229, 0.379156418682, 0.0279220203281, 0.13390508309, 0.0537786718092, 0.102986878227, 0.12261456508, 0.170084615019, 0.694582899179, 0.822576175282, 0.472306165243, 201.5466
0.88472327263, 0.156425076697, 0.0180327520166, 0.32710660437, 0.356828616901, 0.462164309488, 0.107900695612, 0.516654216126, 0.986088077824, 0.633963693226, 0.175512585434, 201.5466
0.846185938355, 0.0776126339686, 0.0194238172189, 0.389571056852, 0.315721635486, 0.876762026016, 0.746544208998, 0.343915848473, 0.777323585883, 0.764295124307, 0.11224910285, 201.5466
0.877265934204, 0.156425076697, 0.0724240124526, 0.04435590421, 0.0299130276969, 0.966067038682, 0.0783903989538, 0.0198987727075, 0.194727310926, 0.192591321522, 0.472306165243, 201.5466
0.843046128524, 0.0402103203381, 0.232927366945, 0.0485777938871, 0.356828616901, 0.662627193915, 0.12261456508, 0.229457021108, 0.712837031247, 0.549925977719, 0.467724288867, 201.5466
0.815143560164, 0.156425076697, 0.0597936875049, 0.100700041198, 0.278822723351, 0.951007398924, 0.12261456508, 0.723193531365, 0.732070783987, 0.872547936849, 0.0482347826681, 201.5466
0.88472327263, 0.357655574019, 0.00751327017356, 0.21421162113, 0.972704477379, 0.99313051944, 0.0104270410203, 0.0123656511585, 0.284734108066, 0.971890729555, 0.0482347826681, 201.5466
0.877265934204, 0.357655574019, 0.0724240124526, 0.19590993836, 0.568558735316, 0.876762026016, 0.713662675392, 0.343915848473, 0.777323585883, 0.764295124307, 0.11224910285, 201.5466
0.542044592169, 0.0806633544535, 0.00751327017356, 0.04435590421, 0.0210677678067, 0.995454165833, 0.746544208998, 0.0168898142577, 0.918961576263, 0.971890729555, 0.0482347826681, 201.5466
0.846185938355, 0.156425076697, 0.0194238172189, 0.2130448161, 0.934924152469, 0.938928581685, 0.736257449593, 0.0198987727075, 0.338249718264, 0.190982497008, 0.472306165243, 201.5466
0.705936892402, 0.224973792468, 0.474713814512, 0.21212370148, 0.740755191486, 0.421118079803, 0.0783903989538, 0.0692093149703, 0.053641050076, 0.549925977719, 0.328972912522, 201.5466
0.843046128524, 0.156425076697, 0.232927366945, 0.100700041198, 0.356828616901, 0.662627193915, 0.12261456508, 0.229457021108, 0.712837031247, 0.192591321522, 0.467724288867, 201.5466
0.831938874687, 0.0323469306399, 0.0597936875049, 0.0485777938871, 0.278822723351, 0.951007398924, 0.12261456508, 0.723193531365, 0.732070783987, 0.872547936849, 0.0482347826681, 201.5466
0.88472327263, 0.156425076697, 0.0787869627321, 0.32710660437, 0.0537786718092, 0.462164309488, 0.655583317923, 0.315695147397, 0.14417763832, 0.872547936849, 0.190700534071, 201.5466
0.982099188635, 0.372987707889, 0.296083893064, 0.19590993836, 0.0548926928662, 0.492742552118, 0.791366780732, 0.516654216126, 0.450603713648, 0.958873053857, 0.412825889839, 201.5466
0.877265934204, 0.357655574019, 0.0724240124526, 0.19590993836, 0.568558735316, 0.876762026016, 0.713662675392, 0.343915848473, 0.777323585883, 0.764295124307, 0.11224910285, 201.5466
0.542044592169, 0.0806633544535, 0.00751327017356, 0.04435590421, 0.934924152469, 0.99313051944, 0.746544208998, 0.0168898142577, 0.604653632248, 0.971890729555, 0.0482347826681, 201.5466
0.846185938355, 0.156425076697, 0.0194238172189, 0.389571056852, 0.0210677678067, 0.938928581685, 0.736257449593, 0.0198987727075, 0.338249718264, 0.190982497008, 0.472306165243, 201.5466
0.705936892402, 0.224973792468, 0.232927366945, 0.21212370148, 0.356828616901, 0.421118079803, 0.0783903989538, 0.0692093149703, 0.00615819058124, 0.192591321522, 0.328972912522, 201.5466
0.843046128524, 0.156425076697, 0.474713814512, 0.100700041198, 0.740755191486, 0.662627193915, 0.12261456508, 0.229457021108, 0.712837031247, 0.549925977719, 0.467724288867, 201.5466
0.831938874687, 0.0402103203381, 0.0597936875049, 0.0485777938871, 0.278822723351, 0.951007398924, 0.12261456508, 0.723193531365, 0.732070783987, 0.562577852885, 0.0482347826681, 201.5466
0.88472327263, 0.156425076697, 0.0787869627321, 0.19590993836, 0.0537786718092, 0.462164309488, 0.107900695612, 0.516654216126, 0.14417763832, 0.460477710638, 0.190700534071, 201.5466
0.982099188635, 0.372987707889, 0.255462358446, 0.32710660437, 0.0548926928662, 0.284951924155, 0.791366780732, 0.315695147397, 0.450603713648, 0.549536655977, 0.0482347826681, 201.5466
0.7846719248, 0.0130602612075, 0.0134285800206, 0.0976164586304, 0.985968499079, 0.244987505796, 0.107900695612, 0.890597635543, 0.866823480572, 0.413110739103, 0.339663562986, 201.5466
0.846185938355, 0.379156418682, 0.161066190589, 0.128515862599, 0.154344132646, 0.383901876936, 0.14353864703, 0.228171050885, 0.125717497523, 0.822576175282, 0.121953934014, 201.5466
0.548230793245, 0.159121187598, 0.0724240124526, 0.04435590421, 0.905490551265, 0.686021307411, 0.144133266132, 0.0198987727075, 0.329394268264, 0.00660674180048, 0.0279277325991, 201.5466
0.843046128524, 0.156425076697, 0.0194238172189, 0.322418555929, 0.0299130276969, 0.312654001724, 0.12261456508, 0.189719977714, 0.194727310926, 0.44033004621, 0.472306165243, 201.5466
0.616661080661, 0.0474338240892, 0.0597936875049, 0.30883200843, 0.621288584731, 0.312654001724, 0.0104270410203, 0.700425527896, 0.827416023811, 0.825822988085, 0.0205194252471, 201.5466
0.605979621579, 0.420669055294, 0.0724240124526, 0.190211529383, 0.278822723351, 0.651741874286, 0.101319326236, 0.0329844394363, 0.329394268264, 0.822576175282, 0.0527066941815, 201.5466
