0.605979621579, 0.420669055294, 0.0724240124526, 0.190211529383, 0.667272625465, 0.312654001724, 0.713662675392, 0.115024222206, 0.329394268264, 0.822576175282, 0.0527066941815, 201.5466
0.7846719248, 0.372987707889, 0.255462358446, 0.32710660437, 0.0548926928662, 0.114381956754, 0.791366780732, 0.315695147397, 0.866823480572, 0.549536655977, 0.0482347826681, 201.5466
0.694298879206, 0.0806633544535, 0.0194238172189, 0.00347102995614, 0.934924152469, 0.595867252155, 0.746544208998, 0.0168898142577, 0.338249718264, 0.971890729555, 0.0482347826681, 201.5466
0.846185938355, 0.156425076697, 0.00656298013382, 0.389571056852, 0.0210677678067, 0.938928581685, 0.766116607203, 0.0198987727075, 0.604653632248, 0.545495948338, 0.472306165243, 201.5466
0.705936892402, 0.224973792468, 0.232927366945, 0.21212370148, 0.356828616901, 0.421118079803, 0.0783903989538, 0.0692093149703, 0.00615819058124, 0.268635067126, 0.0596628494929, 201.5466
0.831938874687, 0.0402103203381, 0.0597936875049, 0.0485777938871, 0.278822723351, 0.951007398924, 0.107900695612, 0.723193531365, 0.732070783987, 0.562577852885, 0.0482347826681, 201.5466
0.580427028788, 0.372987707889, 0.205186461662, 0.19590993836, 0.0537786718092, 0.462164309488, 0.12261456508, 0.516654216126, 0.14417763832, 0.890470581597, 0.190700534071, 201.5466
0.982099188635, 0.379156418682, 0.0134285800206, 0.0976164586304, 0.985968499079, 0.244987505796, 0.033891377233, 0.890597635543, 0.450603713648, 0.413110739103, 0.339663562986, 201.5466
0.846185938355, 0.0130602612075, 0.161066190589, 0.061182062395, 0.154344132646, 0.383901876936, 0.14353864703, 0.228171050885, 0.125717497523, 0.00660674180048, 0.121953934014, 201.5466
0.548230793245, 0.159121187598, 0.0724240124526, 0.04435590421, 0.905490551265, 0.686021307411, 0.0579044194292, 0.0198987727075, 0.329394268264, 0.825822988085, 0.0699779233615, 201.5466
0.843046128524, 0.349736298007, 0.0597936875049, 0.322418555929, 0.0299130276969, 0.312654001724, 0.12261456508, 0.0570519648437, 0.194727310926, 0.822576175282, 0.472306165243, 201.5466
0.616661080661, 0.0474338240892, 0.0160251056887, 0.30883200843, 0.621288584731, 0.312654001724, 0.0104270410203, 0.700425527896, 0.827416023811, 0.44033004621, 0.185095095357, 201.5466
0.605979621579, 0.420669055294, 0.0724240124526, 0.190211529383, 0.278822723351, 0.651741874286, 0.101319326236, 0.0329844394363, 0.329394268264, 0.822576175282, 0.0527066941815, 201.5466
0.616661080661, 0.197128909293, 0.361882596216, 0.0442326114466, 0.16184928136, 0.994853663564, 0.00366241983632, 0.723193531365, 0.759716513705, 0.873551083099, 0.0482347826681, 201.5466
0.846185938355, 0.379156418682, 0.000922640081535, 0.495487030151, 0.0299130276969, 0.0074191257105, 0.657539959356, 0.663313226619, 0.360990180828, 0.822576175282, 0.0360501048323, 201.5466
0.542044592169, 0.0448738940644, 0.467894554418, 0.285980493801, 0.882305868779, 0.238731607585, 0.107900695612, 0.229457021108, 0.454380409721, 0.485825104529, 0.236910614815, 201.5466
0.605979621579, 0.356981657461, 0.0724240124526, 0.289069718702, 0.0299130276969, 0.536511872879, 0.723014302319, 0.742381270952, 0.178635786899, 0.199837077409, 0.11793800609, 201.5466
0.846185938355, 0.395137958662, 0.0870287014065, 0.0639023635093, 0.690516027165, 0.662627193915, 0.0777804355241, 0.700425527896, 0.827416023811, 0.238018038169, 0.39783837421, 201.5466
0.616661080661, 0.420669055294, 0.303270799873, 0.21212370148, 0.0866678124847, 0.988449355865, 0.0104270410203, 0.0198987727075, 0.329394268264, 0.149271438165, 0.0318950153179, 201.5466
0.616661080661, 0.0825900395472, 0.0577751911426, 0.0423687925574, 0.00307070957206, 0.964889654961, 0.256777885613, 0.439865365837, 0.258298434499, 0.0185489012494, 0.0917802020148, 201.5466
0.99378383847, 0.167614808179, 0.141268892645, 0.257832341689, 0.985968499079, 0.729001197361, 0.779663919608, 0.407673978288, 0.329394268264, 0.315272976836, 0.422927851782, 201.5466
0.846185938355, 0.379156418682, 0.0724240124526, 0.42169679073, 0.602205221359, 0.383901876936, 0.107900695612, 0.228171050885, 0.0927433697483, 0.0892052453905, 0.0156817071055, 201.5466
0.992153635011, 0.129608514919, 0.0659711024531, 0.277921500078, 0.482888787443, 0.312654001724, 0.135049815853, 0.0198987727075, 0.537971155902, 0.822576175282, 0.0360501048323, 201.5466
0.890790275587, 0.156425076697, 0.0194238172189, 0.04435590421, 0.647797655632, 0.401785072469, 0.0816207517797, 0.475456360967, 0.338249718264, 0.149271438165, 0.0318950153179, 201.5466
0.74841864713, 0.420669055294, 0.00850036950153, 0.0730089734182, 0.0299130276969, 0.662627193915, 0.0104270410203, 0.0382906326567, 0.224749449537, 0.149271438165, 0.0318950153179, 201.5466
0.616661080661, 0.379156418682, 0.497283381059, 0.30883200843, 0.0156523575507, 0.855596952522, 0.62387304863, 0.700425527896, 0.339782578153, 0.895135381424, 0.324648856999, 201.5466
0.718670898732, 0.433946306938, 0.0724240124526, 0.277921500078, 0.921942091528, 0.826419358946, 0.465996657583, 0.763673642302, 0.329394268264, 0.822725988013, 0.00454210176326, 201.5466
0.858250755186, 0.486548111228, 0.161066190589, 0.0639023635093, 0.356828616901, 0.497029541892, 0.107900695612, 0.544122662696, 0.806203998575, 0.269211701827, 0.0482347826681, 201.5466
0.542044592169, 0.156425076697, 0.238518577497, 0.323287976522, 0.699590541021, 0.970887563495, 0.12261456508, 0.479891116074, 0.338249718264, 0.0301934069657, 0.472306165243, 201.5466
0.616661080661, 0.372987707889, 0.205550219493, 0.0520894995186, 0.934924152469, 0.284951924155, 0.107900695612, 0.375179690539, 0.739099305955, 0.971890729555, 0.0482347826681, 201.5466
0.511799741456, 0.357655574019, 0.494780061193, 0.19590993836, 0.702075777309, 0.278662151996, 0.00711553629333, 0.265810096082, 0.333915154744, 0.390385859278, 0.283980307731, 201.5466
0.605979621579, 0.379156418682, 0.236570810451, 0.30883200843, 0.482888787443, 0.19478954627, 0.144133266132, 0.228171050885, 0.370309277775, 0.822576175282, 0.206142637921, 201.5466
0.849281353074, 0.0169685215598, 0.0194238172189, 0.04435590421, 0.946733398515, 0.77829929503, 0.916818959884, 0.648191366187, 0.593720720903, 0.192591321522, 0.472306165243, 201.5466
0.616661080661, 0.11016810221, 0.0597936875049, 0.21212370148, 0.356828616901, 0.651741874286, 0.313161929893, 0.700425527896, 0.532920826936, 0.549925977719, 0.311095177934, 201.5466
0.637333361297, 0.159121187598, 0.0422324527471, 0.21212370148, 0.812418834285, 0.951007398924, 0.12261456508, 0.80608901858, 0.338249718264, 0.822576175282, 0.0517833489641, 201.5466
0.554080442195, 0.323017454935, 0.11954235836, 0.277921500078, 0.0203012359397, 0.954409096815, 0.524267995237, 0.0491760669742, 0.338249718264, 0.872547936849, 0.00753148331785, 201.5466
0.92440272008, 0.379156418682, 0.0364265285346, 0.253732500553, 0.560008089324, 0.342155808591, 0.00436055152853, 0.724962865772, 0.14293605631, 0.650063435282, 0.0360501048323, 201.5466
0.970233680476, 0.420669055294, 0.0599253753931, 0.00683910358337, 0.36644582554, 0.954409096815, 0.438182351424, 0.470163548793, 0.289922790953, 0.412058148528, 0.0482347826681, 201.5466
0.62763385308, 0.159121187598, 0.0301914721004, 0.21212370148, 0.356828616901, 0.662627193915, 0.00443638771448, 0.107527159463, 0.329394268264, 0.952307954153, 0.0318950153179, 201.5466
0.692202388854, 0.379156418682, 0.0190929322363, 0.0639023635093, 0.0443909302272, 0.997614453211, 0.107900695612, 0.445124367388, 0.404110087415, 0.553107361381, 0.472306165243, 201.5466
0.542044592169, 0.342121717884, 0.267270801439, 0.277921500078, 0.670204771666, 0.0749431043145, 0.0104270410203, 0.0453089099977, 0.250337856226, 0.0271613853331, 0.275625798257, 201.5466
0.843046128524, 0.167614808179, 0.141268892645, 0.152042499828, 0.921942091528, 0.954777171937, 0.181837595762, 0.00167787272927, 0.205281095619, 0.971890729555, 0.359090791042, 201.5466
0.96413653732, 0.269923050337, 0.0629731154622, 0.121836721257, 0.801271690057, 0.115703911743, 0.32822042876, 0.157406194932, 0.796872724213, 0.315272976836, 0.0128104389805, 201.5466
0.657742947336, 0.379156418682, 0.0249278387233, 0.257832341689, 0.946733398515, 0.383901876936, 0.12261456508, 0.03957625582, 0.246218467211, 0.822576175282, 0.216820765848, 201.5466
0.891223486389, 0.159121187598, 0.0362284717458, 0.0692662630451, 0.482888787443, 0.386746368593, 0.00213657968482, 0.51602361806, 0.329394268264, 0.851380376183, 0.309628503481, 201.5466
0.617729108591, 0.156425076697, 0.258838251214, 0.277921500078, 0.751195612236, 0.651741874286, 0.198673222693, 0.508282330875, 0.102716772836, 0.178429675666, 0.393950946598, 201.5466
0.846185938355, 0.379156418682, 0.0787869627321, 0.117354456013, 0.921942091528, 0.193345733546, 0.0021305279527, 0.38121453224, 0.550681993259, 0.686521037179, 0.24690492181, 201.5466
0.734683584912, 0.372987707889, 0.0629731154622, 0.0796492348296, 0.239644363758, 0.940268305208, 0.0956254754337, 0.642422700188, 0.839421965361, 0.485825104529, 0.422927851782, 201.5466
0.705936892402, 0.0806633544535, 0.2045104078, 0.389571056852, 0.688638294143, 0.421118079803, 0.746544208998, 0.225255613674, 0.712837031247, 0.872547936849, 0.236910614815, 201.5466
0.6420792454, 0.156425076697, 0.161066190589, 0.277921500078, 0.921942091528, 0.875442872586, 0.0151187808661, 0.173267502584, 0.329394268264, 0.190982497008, 0.0482347826681, 201.5466
0.848331143153, 0.159121187598, 0.0597936875049, 0.0639023635093, 0.145037260095, 0.0230830554053, 0.107900695612, 0.220933110737, 0.986151107294, 0.152791795927, 0.441351322411, 201.5466
0.96413653732, 0.156425076697, 0.0724240124526, 0.0796492348296, 0.994368736701, 0.102986878227, 0.207046699976, 0.890597635543, 0.839421965361, 0.872547936849, 0.0336938834731, 201.5466
0.846185938355, 0.0806633544535, 0.0194238172189, 0.04435590421, 0.0299130276969, 0.954409096815, 0.0653110924869, 0.197632680291, 0.606772171574, 0.00660674180048, 0.347739426282, 201.5466
0.705936892402, 0.0376296539318, 0.390586364101, 0.389571056852, 0.00552070834449, 0.421118079803, 0.746544208998, 0.343915848473, 0.194727310926, 0.764295124307, 0.11224910285, 201.5466
0.944478825935, 0.290295499454, 0.232927366945, 0.100700041198, 0.18021097404, 0.876762026016, 0.964513009161, 0.492266787398, 0.712837031247, 0.190982497008, 0.236910614815, 201.5466
0.960620525715, 0.0596754566673, 0.474713814512, 0.21212370148, 0.999317759291, 0.00165233652103, 0.12261456508, 0.0110207915906, 0.903646033837, 0.629440149616, 0.188393087144, 201.5466
0.877157957163, 0.13286104075, 0.286306129184, 0.277921500078, 0.976134048089, 0.786845103852, 0.107900695612, 0.418668849853, 0.69344595996, 0.622714450322, 0.0360501048323, 201.5466
0.6420792454, 0.156425076697, 0.0597936875049, 0.0485777938871, 0.906801066898, 0.981668591011, 0.0285360478346, 0.902902008479, 0.369527765978, 0.872547936849, 0.159125044512, 201.5466
0.958926501851, 0.379156418682, 0.0279220203281, 0.13390508309, 0.0537786718092, 0.102986878227, 0.12261456508, 0.170084615019, 0.694582899179, 0.111442217749, 0.472306165243, 201.5466
0.88472327263, 0.156425076697, 0.0194238172189, 0.32710660437, 0.377743048027, 0.462164309488, 0.107900695612, 0.516654216126, 0.986088077824, 0.0976623866819, 0.175512585434, 201.5466
0.846185938355, 0.0776126339686, 0.0180327520166, 0.389571056852, 0.315721635486, 0.876762026016, 0.746544208998, 0.343915848473, 0.777323585883, 0.991187557204, 0.11224910285, 201.5466
0.877265934204, 0.156425076697, 0.0724240124526, 0.04435590421, 0.0299130276969, 0.966067038682, 0.0783903989538, 0.0198987727075, 0.194727310926, 0.192591321522, 0.472306165243, 201.5466
0.843046128524, 0.0402103203381, 0.232927366945, 0.0485777938871, 0.356828616901, 0.662627193915, 0.12261456508, 0.229457021108, 0.712837031247, 0.549925977719, 0.467724288867, 201.5466
0.815143560164, 0.472847879834, 0.0597936875049, 0.100700041198, 0.278822723351, 0.951007398924, 0.12261456508, 0.723193531365, 0.732070783987, 0.872547936849, 0.0482347826681, 201.5466
0.88472327263, 0.357655574019, 0.00751327017356, 0.21421162113, 0.972704477379, 0.99313051944, 0.0104270410203, 0.0123656511585, 0.284734108066, 0.997895904664, 0.0482347826681, 201.5466
0.877265934204, 0.357655574019, 0.0607423093899, 0.19590993836, 0.568558735316, 0.876762026016, 0.713662675392, 0.343915848473, 0.777323585883, 0.764295124307, 0.0590399943218, 201.5466
0.542044592169, 0.436719895293, 0.00054927030724, 0.04435590421, 0.0210677678067, 0.995454165833, 0.746544208998, 0.0168898142577, 0.918961576263, 0.971890729555, 0.0482347826681, 201.5466
0.846185938355, 0.156425076697, 0.0194238172189, 0.2130448161, 0.740755191486, 0.938928581685, 0.736257449593, 0.00377187866806, 0.338249718264, 0.190982497008, 0.472306165243, 201.5466
0.705936892402, 0.224973792468, 0.474713814512, 0.21212370148, 0.544881577077, 0.421118079803, 0.0783903989538, 0.809108918999, 0.053641050076, 0.549925977719, 0.4172325929, 201.5466
0.831938874687, 0.156425076697, 0.0597936875049, 0.100700041198, 0.356828616901, 0.662627193915, 0.12261456508, 0.229457021108, 0.820059855111, 0.192591321522, 0.467724288867, 201.5466
0.967935465499, 0.434038851733, 0.232927366945, 0.0485777938871, 0.278822723351, 0.951007398924, 0.12261456508, 0.723193531365, 0.732070783987, 0.8977316452, 0.0482347826681, 201.5466
0.88472327263, 0.156425076697, 0.0787869627321, 0.32710660437, 0.0537786718092, 0.492742552118, 0.655583317923, 0.315695147397, 0.450603713648, 0.958873053857, 0.190700534071, 201.5466
0.982099188635, 0.372987707889, 0.296083893064, 0.19590993836, 0.0548926928662, 0.97753284214, 0.791366780732, 0.516654216126, 0.884478387143, 0.872547936849, 0.412825889839, 201.5466
0.877265934204, 0.0806633544535, 0.0724240124526, 0.435339118702, 0.470503501999, 0.876762026016, 0.713662675392, 0.343915848473, 0.777323585883, 0.477422669985, 0.0482347826681, 201.5466
0.846185938355, 0.156425076697, 0.0194238172189, 0.489758268293, 0.0210677678067, 0.938928581685, 0.736257449593, 0.0142883599117, 0.338249718264, 0.893595281473, 0.472306165243, 201.5466
0.705936892402, 0.224973792468, 0.232927366945, 0.229874652308, 0.218867292165, 0.421118079803, 0.0783903989538, 0.0692093149703, 0.00615819058124, 0.108719553878, 0.328972912522, 201.5466
0.843046128524, 0.156425076697, 0.474713814512, 0.19590993836, 0.596720987313, 0.662627193915, 0.232557176505, 0.229457021108, 0.712837031247, 0.549925977719, 0.467724288867, 201.5466
0.88472327263, 0.372987707889, 0.255462358446, 0.100700041198, 0.0537786718092, 0.462164309488, 0.107900695612, 0.516654216126, 0.14417763832, 0.460477710638, 0.190700534071, 201.5466
0.982099188635, 0.00383399813368, 0.0134285800206, 0.0976164586304, 0.985968499079, 0.244987505796, 0.107900695612, 0.315695147397, 0.866823480572, 0.413110739103, 0.0482347826681, 201.5466
0.846185938355, 0.454278528466, 0.161066190589, 0.128515862599, 0.948262924791, 0.383901876936, 0.14353864703, 0.228171050885, 0.125717497523, 0.822576175282, 0.121953934014, 201.5466
0.548230793245, 0.159121187598, 0.0724240124526, 0.04435590421, 0.905490551265, 0.686021307411, 0.144133266132, 0.0198987727075, 0.329394268264, 0.00660674180048, 0.0279277325991, 201.5466
0.616661080661, 0.0474338240892, 0.0597936875049, 0.30883200843, 0.278822723351, 0.732786006099, 0.0104270410203, 0.606937576974, 0.194727310926, 0.825822988085, 0.0205194252471, 201.5466
0.605979621579, 0.387663487124, 0.0724240124526, 0.190211529383, 0.621288584731, 0.312654001724, 0.101319326236, 0.0329844394363, 0.329394268264, 0.958873053857, 0.0527066941815, 201.5466
0.877265934204, 0.420669055294, 0.0703564788272, 0.127115474439, 0.568558735316, 0.492742552118, 0.713662675392, 0.343915848473, 0.4416989278, 0.822576175282, 0.11224910285, 201.5466
0.694298879206, 0.0806633544535, 0.00656298013382, 0.00347102995614, 0.934924152469, 0.99313051944, 0.746544208998, 0.0168898142577, 0.604653632248, 0.971890729555, 0.0482347826681, 201.5466
0.846185938355, 0.156425076697, 0.0131246781791, 0.389571056852, 0.0210677678067, 0.938928581685, 0.766116607203, 0.0198987727075, 0.338249718264, 0.190982497008, 0.472306165243, 201.5466
0.705936892402, 0.0402103203381, 0.0597936875049, 0.0485777938871, 0.278822723351, 0.951007398924, 0.107900695612, 0.723193531365, 0.00615819058124, 0.610942560826, 0.0482347826681, 201.5466
0.929662572636, 0.156425076697, 0.0291511982761, 0.19590993836, 0.0537786718092, 0.462164309488, 0.12261456508, 0.516654216126, 0.14417763832, 0.933300068574, 0.190700534071, 201.5466
0.7846719248, 0.372987707889, 0.255462358446, 0.32710660437, 0.0548926928662, 0.114381956754, 0.791366780732, 0.315695147397, 0.866823480572, 0.549536655977, 0.0482347826681, 201.5466
0.605979621579, 0.420669055294, 0.0724240124526, 0.190211529383, 0.667272625465, 0.312654001724, 0.713662675392, 0.115024222206, 0.329394268264, 0.822576175282, 0.0527066941815, 201.5466
0.694298879206, 0.0806633544535, 0.0194238172189, 0.00347102995614, 0.934924152469, 0.595867252155, 0.746544208998, 0.0168898142577, 0.338249718264, 0.971890729555, 0.0482347826681, 201.5466
0.846185938355, 0.156425076697, 0.00656298013382, 0.389571056852, 0.0210677678067, 0.938928581685, 0.766116607203, 0.0198987727075, 0.604653632248, 0.545495948338, 0.472306165243, 201.5466
0.705936892402, 0.224973792468, 0.232927366945, 0.21212370148, 0.356828616901, 0.421118079803, 0.0783903989538, 0.0692093149703, 0.00615819058124, 0.268635067126, 0.0596628494929, 201.5466
0.831938874687, 0.0402103203381, 0.0597936875049, 0.0485777938871, 0.278822723351, 0.951007398924, 0.107900695612, 0.723193531365, 0.732070783987, 0.562577852885, 0.0482347826681, 201.5466
0.580427028788, 0.372987707889, 0.205186461662, 0.19590993836, 0.0537786718092, 0.462164309488, 0.12261456508, 0.516654216126, 0.14417763832, 0.890470581597, 0.190700534071, 201.5466
0.982099188635, 0.379156418682, 0.0134285800206, 0.0976164586304, 0.985968499079, 0.244987505796, 0.033891377233, 0.890597635543, 0.450603713648, 0.413110739103, 0.339663562986, 201.5466
0.846185938355, 0.0130602612075, 0.161066190589, 0.061182062395, 0.154344132646, 0.383901876936, 0.14353864703, 0.228171050885, 0.125717497523, 0.00660674180048, 0.121953934014, 201.5466
0.548230793245, 0.159121187598, 0.0724240124526, 0.04435590421, 0.905490551265, 0.686021307411, 0.0579044194292, 0.0198987727075, 0.329394268264, 0.825822988085, 0.0699779233615, 201.5466
0.843046128524, 0.349736298007, 0.0597936875049, 0.322418555929, 0.0299130276969, 0.312654001724, 0.12261456508, 0.0570519648437, 0.194727310926, 0.822576175282, 0.472306165243, 201.5466
0.616661080661, 0.0474338240892, 0.0160251056887, 0.30883200843, 0.621288584731, 0.312654001724, 0.0104270410203, 0.700425527896, 0.827416023811, 0.44033004621, 0.185095095357, 201.5466
