0.987839888507, 0.241324906935, 0.205186461662, 0.0976164586304, 0.985968499079, 0.0124732864061, 0.033891377233, 0.516654216126, 0.450603713648, 0.44033004621, 0.190700534071, 201.5466
0.615544161492, 0.192920463136, 0.205186461662, 0.04435590421, 0.905490551265, 0.244987505796, 0.033891377233, 0.0198987727075, 0.498096705148, 0.890470581597, 0.190700534071, 201.5466
0.982099188635, 0.241324906935, 0.205186461662, 0.04435590421, 0.957676887992, 0.686021307411, 0.0579044194292, 0.0198987727075, 0.26760289445, 0.890470581597, 0.190700534071, 201.5466
0.605979621579, 0.372987707889, 0.00715560147279, 0.30883200843, 0.667272625465, 0.0295867508185, 0.0104270410203, 0.901996720973, 0.827416023811, 0.822576175282, 0.0527066941815, 201.5466
0.846185938355, 0.156425076697, 0.00534951453859, 0.21212370148, 0.522159950896, 0.938928581685, 0.766116607203, 0.0198987727075, 0.39193614836, 0.977657242967, 0.348860822429, 201.5466
0.831938874687, 0.00553560597632, 0.0597936875049, 0.0485777938871, 0.278822723351, 0.153061173771, 0.107900695612, 0.748607674998, 0.392585397636, 0.454455151788, 0.0482347826681, 201.5466
0.615544161492, 0.241324906935, 0.205186461662, 0.04435590421, 0.905490551265, 0.312654001724, 0.0579044194292, 0.0198987727075, 0.329394268264, 0.890470581597, 0.190700534071, 201.5466
0.605979621579, 0.164652151902, 0.0724240124526, 0.268701117559, 0.278822723351, 0.511215332712, 0.101319326236, 0.0329844394363, 0.194727310926, 0.8998648331, 0.0527066941815, 201.5466
0.616661080661, 0.141635970131, 0.361882596216, 0.0442326114466, 0.0120176659407, 0.994853663564, 0.00366241983632, 0.723193531365, 0.759716513705, 0.179617168426, 0.0482347826681, 201.5466
0.846185938355, 0.0448738940644, 0.467894554418, 0.495487030151, 0.0299130276969, 0.238731607585, 0.107900695612, 0.610474202123, 0.453884842568, 0.822576175282, 0.0360501048323, 201.5466
0.542044592169, 0.388222605019, 0.000922640081535, 0.285980493801, 0.882305868779, 0.272659257644, 0.657539959356, 0.229457021108, 0.360990180828, 0.485825104529, 0.236910614815, 201.5466
0.605979621579, 0.356981657461, 0.0870287014065, 0.289069718702, 0.0197122022053, 0.225170816176, 0.929633137879, 0.742381270952, 0.178635786899, 0.199837077409, 0.11793800609, 201.5466
0.846185938355, 0.395137958662, 0.0724240124526, 0.0432795542923, 0.690516027165, 0.784709493468, 0.180678550041, 0.700425527896, 0.827416023811, 0.238018038169, 0.39783837421, 201.5466
0.99768785688, 0.0825900395472, 0.0577751911426, 0.257832341689, 0.00307070957206, 0.729001197361, 0.256777885613, 0.0496489941922, 0.258298434499, 0.0150161839532, 0.0917802020148, 201.5466
0.616661080661, 0.167614808179, 0.141268892645, 0.0423687925574, 0.985968499079, 0.964889654961, 0.649477817428, 0.228171050885, 0.329394268264, 0.315272976836, 0.350740151319, 201.5466
0.846185938355, 0.299410774166, 0.0724240124526, 0.42169679073, 0.165656873649, 0.383901876936, 0.346992470185, 0.407673978288, 0.0927433697483, 0.0892052453905, 0.0156817071055, 201.5466
0.992153635011, 0.129608514919, 0.0659711024531, 0.272719094761, 0.482888787443, 0.312654001724, 0.135049815853, 0.0198987727075, 0.537971155902, 0.149271438165, 0.0360501048323, 201.5466
0.890790275587, 0.156425076697, 0.0194238172189, 0.277921500078, 0.867515955142, 0.401785072469, 0.0816207517797, 0.475456360967, 0.576935042066, 0.822576175282, 0.0318950153179, 201.5466
0.718670898732, 0.433946306938, 0.0724240124526, 0.277921500078, 0.999160880653, 0.965197271679, 0.465996657583, 0.629596029174, 0.329394268264, 0.822725988013, 0.00454210176326, 201.5466
0.630344353723, 0.0169685215598, 0.494780061193, 0.171195750689, 0.474205605948, 0.278662151996, 0.916818959884, 0.549242300537, 0.593720720903, 0.822576175282, 0.206142637921, 201.5466
0.849281353074, 0.375726654386, 0.0194238172189, 0.04435590421, 0.946733398515, 0.80410250301, 0.00711553629333, 0.698323507732, 0.333915154744, 0.549925977719, 0.472306165243, 201.5466
0.616661080661, 0.11016810221, 0.0597936875049, 0.21212370148, 0.515370589886, 0.651741874286, 0.638399606122, 0.700425527896, 0.467782177316, 0.137995589382, 0.311095177934, 201.5466
0.637333361297, 0.323017454935, 0.0422324527471, 0.21212370148, 0.384281852754, 0.954409096815, 0.145180809873, 0.80608901858, 0.338249718264, 0.872547936849, 0.0517833489641, 201.5466
0.554080442195, 0.159121187598, 0.000919065644805, 0.277921500078, 0.441942963589, 0.548589675326, 0.524267995237, 0.0491760669742, 0.338249718264, 0.822576175282, 0.00753148331785, 201.5466
0.970233680476, 0.159121187598, 0.40469197102, 0.21212370148, 0.0629584714419, 0.76974119883, 0.438182351424, 0.470163548793, 0.289922790953, 0.412058148528, 0.0482347826681, 201.5466
0.843046128524, 0.0273889193819, 0.141268892645, 0.152042499828, 0.921942091528, 0.99818691955, 0.119542960561, 0.00167787272927, 0.250337856226, 0.971890729555, 0.0128104389805, 201.5466
0.96413653732, 0.194916407747, 0.279602275751, 0.121836721257, 0.875294335742, 0.115703911743, 0.181837595762, 0.157406194932, 0.796872724213, 0.315272976836, 0.30803025043, 201.5466
0.578382986802, 0.156425076697, 0.0438728728792, 0.389571056852, 0.688638294143, 0.421118079803, 0.746544208998, 0.225255613674, 0.712837031247, 0.53422409777, 0.236910614815, 201.5466
0.6420792454, 0.0806633544535, 0.161066190589, 0.277921500078, 0.513458744519, 0.875442872586, 0.0151187808661, 0.173267502584, 0.329394268264, 0.190982497008, 0.0482347826681, 201.5466
0.848331143153, 0.159121187598, 0.0597936875049, 0.0639023635093, 0.145037260095, 0.0230830554053, 0.0790151542411, 0.220933110737, 0.839421965361, 0.872547936849, 0.441351322411, 201.5466
0.846185938355, 0.0376296539318, 0.0194238172189, 0.04435590421, 0.0299130276969, 0.337720001783, 0.746544208998, 0.343915848473, 0.606772171574, 0.585059923584, 0.347739426282, 201.5466
0.705936892402, 0.49479725696, 0.390586364101, 0.389571056852, 0.00552070834449, 0.98117872106, 0.0653110924869, 0.0408168261858, 0.194727310926, 0.764295124307, 0.0430888399781, 201.5466
0.877157957163, 0.137794387887, 0.286306129184, 0.21212370148, 0.999317759291, 0.876762026016, 0.964513009161, 0.0110207915906, 0.305534289398, 0.476520232474, 0.188393087144, 201.5466
0.944478825935, 0.13286104075, 0.232927366945, 0.277921500078, 0.999320358917, 0.981668591011, 0.107900695612, 0.902902008479, 0.69344595996, 0.872547936849, 0.0360501048323, 201.5466
0.994600882958, 0.0301697778794, 0.0245776986786, 0.0118767903488, 0.906801066898, 0.102986878227, 0.0285360478346, 0.74196011313, 0.986088077824, 0.811720255384, 0.229099611156, 201.5466
0.958926501851, 0.156425076697, 0.0279220203281, 0.114929676518, 0.0537786718092, 0.786845103852, 0.09334691847, 0.170084615019, 0.369527765978, 0.111442217749, 0.210090253753, 201.5466
0.953949396305, 0.338442724835, 0.0117676560341, 0.32710660437, 0.151128877673, 0.462164309488, 0.12261456508, 0.335149775609, 0.694582899179, 0.0976623866819, 0.0288463522761, 201.5466
0.846185938355, 0.0776126339686, 0.0180327520166, 0.389571056852, 0.0299130276969, 0.955608586857, 0.746544208998, 0.0198987727075, 0.777323585883, 0.991187557204, 0.11224910285, 201.5466
0.815143560164, 0.472847879834, 0.0597936875049, 0.0563103340889, 0.418946993967, 0.673464400088, 0.12261456508, 0.723193531365, 0.712837031247, 0.177537026531, 0.0482347826681, 201.5466
0.88472327263, 0.357655574019, 0.00751327017356, 0.19590993836, 0.972704477379, 0.998959244627, 0.0104270410203, 0.343915848473, 0.284734108066, 0.997895904664, 0.0370090002664, 201.5466
0.722684471692, 0.357655574019, 0.0607423093899, 0.21421162113, 0.568558735316, 0.876762026016, 0.713662675392, 0.00404319239522, 0.777323585883, 0.0908598560241, 0.0590399943218, 201.5466
0.705936892402, 0.224973792468, 0.474314149893, 0.21212370148, 0.544881577077, 0.492364672059, 0.289743321502, 0.229457021108, 0.959018728598, 0.192591321522, 0.4172325929, 201.5466
0.982099188635, 0.463030817361, 0.00278145055866, 0.19590993836, 0.0548926928662, 0.492742552118, 0.800985099221, 0.0139631367228, 0.726399554532, 0.872547936849, 0.200134066209, 201.5466
0.877265934204, 0.0806633544535, 0.054393848162, 0.26243037717, 0.832773718359, 0.994384830217, 0.736257449593, 0.343915848473, 0.777323585883, 0.603630423566, 0.0224152023308, 201.5466
0.846185938355, 0.156425076697, 0.33035100041, 0.489758268293, 0.00171661558283, 0.876762026016, 0.791366780732, 0.009445304662, 0.338249718264, 0.956590497374, 0.328972912522, 201.5466
0.705936892402, 0.224973792468, 0.232927366945, 0.229874652308, 0.218867292165, 0.421118079803, 0.0783903989538, 0.330562413922, 0.900845892073, 0.108719553878, 0.0931733259859, 201.5466
0.88472327263, 0.234730793722, 0.255462358446, 0.100700041198, 0.085036490241, 0.383901876936, 0.107900695612, 0.228171050885, 0.125717497523, 0.879991683907, 0.121953934014, 201.5466
0.846185938355, 0.454278528466, 0.161066190589, 0.0702636265053, 0.985389322361, 0.248736164478, 0.438865822731, 0.512020369784, 0.14417763832, 0.321726117176, 0.0096766224821, 201.5466
0.548230793245, 0.0412519761746, 0.465909195737, 0.190211529383, 0.934207971132, 0.686021307411, 0.222882138837, 0.0198987727075, 0.44389791605, 0.00660674180048, 0.0205194252471, 201.5466
0.616661080661, 0.136201276621, 0.0597936875049, 0.04435590421, 0.0589227386275, 0.732786006099, 0.144133266132, 0.606937576974, 0.194727310926, 0.825822988085, 0.0279277325991, 201.5466
0.605979621579, 0.420669055294, 0.0703564788272, 0.30883200843, 0.621288584731, 0.312654001724, 0.271713368692, 0.0329844394363, 0.602259394954, 0.958873053857, 0.324290760504, 201.5466
0.877265934204, 0.387663487124, 0.106624082242, 0.127115474439, 0.568558735316, 0.65569516303, 0.713662675392, 0.343915848473, 0.329394268264, 0.51389948195, 0.11224910285, 201.5466
0.694298879206, 0.0806633544535, 0.00217102626362, 0.00347102995614, 0.0210677678067, 0.99313051944, 0.746544208998, 0.0168898142577, 0.604653632248, 0.931230071047, 0.0443245787533, 201.5466
0.846185938355, 0.156425076697, 0.00775500174054, 0.389571056852, 0.452870671985, 0.938928581685, 0.600943510455, 0.0198987727075, 0.338249718264, 0.971890729555, 0.430562049684, 201.5466
0.929662572636, 0.0402103203381, 0.0291511982761, 0.0205626677116, 0.278822723351, 0.951007398924, 0.0721023048463, 0.508750728116, 0.00615819058124, 0.610942560826, 0.0482347826681, 201.5466
0.766820306248, 0.0456067244755, 0.0932247822624, 0.00347102995614, 0.934924152469, 0.00443846061286, 0.746544208998, 0.0168898142577, 0.338249718264, 0.971890729555, 0.0482347826681, 201.5466
0.851634895835, 0.156425076697, 0.0597936875049, 0.424323302296, 0.00170220555614, 0.938928581685, 0.8279874416, 0.0198987727075, 0.604653632248, 0.234409155489, 0.472306165243, 201.5466
0.831938874687, 0.0402103203381, 0.243596918782, 0.0485777938871, 0.278822723351, 0.951007398924, 0.107900695612, 0.777156260183, 0.732070783987, 0.846114979578, 0.190700534071, 201.5466
0.830001737043, 0.372987707889, 0.160552876819, 0.19590993836, 0.0537786718092, 0.462164309488, 0.12261456508, 0.890597635543, 0.14417763832, 0.898258484488, 0.0363210125249, 201.5466
0.982099188635, 0.30668623385, 0.0134285800206, 0.0421824427399, 0.985968499079, 0.418562385049, 0.515471392933, 0.516654216126, 0.450603713648, 0.413110739103, 0.339663562986, 201.5466
0.548230793245, 0.159121187598, 0.0724240124526, 0.04435590421, 0.627637077649, 0.312654001724, 0.0579044194292, 0.000363545362759, 0.991481364242, 0.825822988085, 0.472306165243, 201.5466
0.843046128524, 0.0474338240892, 0.0597936875049, 0.322418555929, 0.344057274367, 0.686021307411, 0.0802821836817, 0.0570519648437, 0.194727310926, 0.864930027907, 0.0699779233615, 201.5466
0.916877388944, 0.349736298007, 0.0160251056887, 0.30883200843, 0.0207075540246, 0.312654001724, 0.0104270410203, 0.620282497853, 0.827416023811, 0.44033004621, 0.116927634012, 201.5466
0.605979621579, 0.449951743117, 0.0724240124526, 0.47217571578, 0.667272625465, 0.219503833197, 0.294833815243, 0.512690412171, 0.329394268264, 0.822576175282, 0.0527066941815, 201.5466
0.98229825951, 0.420669055294, 0.255462358446, 0.32710660437, 0.0548926928662, 0.312654001724, 0.791366780732, 0.315695147397, 0.866823480572, 0.252641680714, 0.0482347826681, 201.5466
0.846185938355, 0.224675330289, 0.0194238172189, 0.00347102995614, 0.768072187869, 0.595867252155, 0.982850590653, 0.0168898142577, 0.338249718264, 0.545495948338, 0.0865590581715, 201.5466
0.705936892402, 0.224973792468, 0.458284718378, 0.21212370148, 0.356828616901, 0.421118079803, 0.0783903989538, 0.0692093149703, 0.00615819058124, 0.268635067126, 0.0191512505309, 201.5466
0.77533898786, 0.0129712463993, 0.0597936875049, 0.0306332071259, 0.324410601193, 0.951007398924, 0.107900695612, 0.748607674998, 0.15666528392, 0.413110739103, 0.00786461053958, 201.5466
0.580427028788, 0.135579181806, 0.0134285800206, 0.184600568872, 0.0537786718092, 0.244987505796, 0.12261456508, 0.890597635543, 0.14417763832, 0.562577852885, 0.0482347826681, 201.5466
0.982099188635, 0.241324906935, 0.205186461662, 0.0976164586304, 0.992112259451, 0.114381956754, 0.513250666806, 0.516654216126, 0.450603713648, 0.890470581597, 0.00616966125028, 201.5466
0.916877388944, 0.420669055294, 0.282676185575, 0.47217571578, 0.142068383056, 0.462164309488, 0.0520242177623, 0.115024222206, 0.152282979405, 0.44033004621, 0.472306165243, 201.5466
0.605979621579, 0.372987707889, 0.0189689978981, 0.30883200843, 0.562043163392, 0.312654001724, 0.0104270410203, 0.901996720973, 0.827416023811, 0.822576175282, 0.0527066941815, 201.5466
0.991377330752, 0.349736298007, 0.255462358446, 0.00347102995614, 0.0548926928662, 0.312654001724, 0.791366780732, 0.0168898142577, 0.338249718264, 0.836759647071, 0.0482347826681, 201.5466
0.694298879206, 0.156425076697, 0.174640521855, 0.21212370148, 0.328169913177, 0.938928581685, 0.766116607203, 0.0692093149703, 0.490238725719, 0.548960936664, 0.472306165243, 201.5466
0.840208114379, 0.0847095162643, 0.00534951453859, 0.0485777938871, 0.278822723351, 0.421118079803, 0.0783903989538, 0.13293078052, 0.00615819058124, 0.268635067126, 0.0482347826681, 201.5466
0.846185938355, 0.0129712463993, 0.0597936875049, 0.428210509293, 0.356828616901, 0.428573053501, 0.107900695612, 0.516654216126, 0.392585397636, 0.562577852885, 0.00161439225035, 201.5466
0.580427028788, 0.10980078516, 0.0501033290784, 0.19590993836, 0.985968499079, 0.659719936127, 0.12261456508, 0.748607674998, 0.14417763832, 0.0381295437117, 0.339663562986, 201.5466
0.752845217132, 0.333966535854, 0.0116110904297, 0.0976164586304, 0.0537786718092, 0.244987505796, 0.033891377233, 0.890597635543, 0.450603713648, 0.937858189361, 0.0699779233615, 201.5466
0.982099188635, 0.241324906935, 0.205186461662, 0.04435590421, 0.957676887992, 0.686021307411, 0.0579044194292, 0.0198987727075, 0.267101040101, 0.890470581597, 0.190700534071, 201.5466
0.982099188635, 0.241324906935, 0.205186461662, 0.0976164586304, 0.985968499079, 0.0124732864061, 0.033891377233, 0.516654216126, 0.450603713648, 0.44033004621, 0.190700534071, 201.5466
0.605979621579, 0.372987707889, 0.00715560147279, 0.30883200843, 0.667272625465, 0.95247426761, 0.0104270410203, 0.315695147397, 0.827416023811, 0.822576175282, 0.0527066941815, 201.5466
0.694298879206, 0.0172967582988, 0.00366831998739, 0.00344187367191, 0.934924152469, 0.312654001724, 0.746544208998, 0.901996720973, 0.866823480572, 0.549536655977, 0.0191512505309, 201.5466
0.846185938355, 0.156425076697, 0.00534951453859, 0.21212370148, 0.0210677678067, 0.938928581685, 0.760799824642, 0.0198987727075, 0.39193614836, 0.977657242967, 0.472306165243, 201.5466
0.67567862585, 0.0847095162643, 0.174640521855, 0.389571056852, 0.356828616901, 0.421118079803, 0.0783903989538, 0.0692093149703, 0.151330779315, 0.268635067126, 0.00333398054587, 201.5466
0.831938874687, 0.00553560597632, 0.0597936875049, 0.0485777938871, 0.278822723351, 0.153061173771, 0.107900695612, 0.799801434444, 0.392585397636, 0.454455151788, 0.0482347826681, 201.5466
0.548230793245, 0.159121187598, 0.00671784215892, 0.19590993836, 0.993733808995, 0.312654001724, 0.0459433102507, 0.890597635543, 0.450603713648, 0.825822988085, 0.240896793099, 201.5466
0.615544161492, 0.192920463136, 0.205186461662, 0.04435590421, 0.905490551265, 0.244987505796, 0.033891377233, 0.0198987727075, 0.498096705148, 0.890470581597, 0.190700534071, 201.5466
0.987839888507, 0.241324906935, 0.205186461662, 0.0976164586304, 0.985968499079, 0.0124732864061, 0.033891377233, 0.516654216126, 0.450603713648, 0.44033004621, 0.190700534071, 201.5466
0.982099188635, 0.241324906935, 0.205186461662, 0.04435590421, 0.957676887992, 0.686021307411, 0.0579044194292, 0.0198987727075, 0.26760289445, 0.890470581597, 0.190700534071, 201.5466
0.605979621579, 0.372987707889, 0.00715560147279, 0.30883200843, 0.667272625465, 0.0295867508185, 0.0104270410203, 0.901996720973, 0.827416023811, 0.822576175282, 0.0527066941815, 201.5466
0.846185938355, 0.156425076697, 0.00534951453859, 0.21212370148, 0.522159950896, 0.938928581685, 0.766116607203, 0.0198987727075, 0.39193614836, 0.977657242967, 0.348860822429, 201.5466
0.831938874687, 0.00553560597632, 0.0597936875049, 0.0485777938871, 0.278822723351, 0.153061173771, 0.107900695612, 0.748607674998, 0.392585397636, 0.454455151788, 0.0482347826681, 201.5466
0.615544161492, 0.241324906935, 0.205186461662, 0.04435590421, 0.905490551265, 0.312654001724, 0.0579044194292, 0.0198987727075, 0.329394268264, 0.890470581597, 0.190700534071, 201.5466
0.605979621579, 0.164652151902, 0.0724240124526, 0.268701117559, 0.278822723351, 0.511215332712, 0.101319326236, 0.0329844394363, 0.194727310926, 0.8998648331, 0.0527066941815, 201.5466
0.616661080661, 0.141635970131, 0.361882596216, 0.0442326114466, 0.0120176659407, 0.994853663564, 0.00366241983632, 0.723193531365, 0.759716513705, 0.179617168426, 0.0482347826681, 201.5466
0.846185938355, 0.0448738940644, 0.467894554418, 0.495487030151, 0.0299130276969, 0.238731607585, 0.107900695612, 0.610474202123, 0.453884842568, 0.822576175282, 0.0360501048323, 201.5466
0.542044592169, 0.388222605019, 0.000922640081535, 0.285980493801, 0.882305868779, 0.272659257644, 0.657539959356, 0.229457021108, 0.360990180828, 0.485825104529, 0.236910614815, 201.5466
0.605979621579, 0.356981657461, 0.0870287014065, 0.289069718702, 0.0197122022053, 0.225170816176, 0.929633137879, 0.742381270952, 0.178635786899, 0.199837077409, 0.11793800609, 201.5466
0.846185938355, 0.395137958662, 0.0724240124526, 0.0432795542923, 0.690516027165, 0.784709493468, 0.180678550041, 0.700425527896, 0.827416023811, 0.238018038169, 0.39783837421, 201.5466
0.99768785688, 0.0825900395472, 0.0577751911426, 0.257832341689, 0.00307070957206, 0.729001197361, 0.256777885613, 0.0496489941922, 0.258298434499, 0.0150161839532, 0.0917802020148, 201.5466
