0.987839888507, 0.241324906935, 0.205186461662, 0.0976164586304, 0.985968499079, 0.0124732864061, 0.033891377233, 0.516654216126, 0.258298434499, 0.0150161839532, 0.0917802020148, 201.5466
0.605979621579, 0.164652151902, 0.0724240124526, 0.268701117559, 0.278822723351, 0.511215332712, 0.101319326236, 0.0329844394363, 0.194727310926, 0.616470362831, 0.0527066941815, 201.5466
0.99768785688, 0.0825900395472, 0.0577751911426, 0.198852058886, 0.00307070957206, 0.729001197361, 0.256777885613, 0.0496489941922, 0.450603713648, 0.403760892174, 0.190700534071, 201.5466
0.615544161492, 0.192920463136, 0.205186461662, 0.04435590421, 0.905490551265, 0.244987505796, 0.0579044194292, 0.0198987727075, 0.498096705148, 0.890470581597, 0.190700534071, 201.5466
0.982099188635, 0.241324906935, 0.205186461662, 0.04435590421, 0.957676887992, 0.686021307411, 0.033891377233, 0.0198987727075, 0.26760289445, 0.890470581597, 0.190700534071, 201.5466
0.846185938355, 0.188329426471, 0.0031783892906, 0.21212370148, 0.522159950896, 0.938928581685, 0.766116607203, 0.0198987727075, 0.39193614836, 0.977657242967, 0.0527066941815, 201.5466
0.831938874687, 0.00553560597632, 0.0597936875049, 0.271962578915, 0.278822723351, 0.153061173771, 0.107900695612, 0.0971096158725, 0.392585397636, 0.454455151788, 0.0482347826681, 201.5466
0.846185938355, 0.0448738940644, 0.467894554418, 0.495487030151, 0.0299130276969, 0.511215332712, 0.107900695612, 0.610474202123, 0.410559465253, 0.822576175282, 0.0527066941815, 201.5466
0.846185938355, 0.395137958662, 0.0870287014065, 0.289069718702, 0.0197122022053, 0.225170816176, 0.929633137879, 0.742381270952, 0.178635786899, 0.323226080325, 0.11793800609, 201.5466
0.605979621579, 0.356981657461, 0.0724240124526, 0.0432795542923, 0.690516027165, 0.784709493468, 0.180678550041, 0.984268564685, 0.827416023811, 0.0150161839532, 0.1265086384, 201.5466
0.851777783988, 0.0825900395472, 0.0577751911426, 0.176540039865, 0.985968499079, 0.729001197361, 0.649477817428, 0.0496489941922, 0.258298434499, 0.58665172234, 0.0917802020148, 201.5466
0.616661080661, 0.299410774166, 0.141268892645, 0.0423687925574, 0.00307070957206, 0.964889654961, 0.256777885613, 0.228171050885, 0.329394268264, 0.315272976836, 0.350740151319, 201.5466
0.846185938355, 0.167614808179, 0.426974579694, 0.42169679073, 0.165656873649, 0.312654001724, 0.346992470185, 0.407673978288, 0.0927433697483, 0.0362606006247, 0.0156817071055, 201.5466
0.992153635011, 0.214574591904, 0.0659711024531, 0.272719094761, 0.482888787443, 0.163976633572, 0.135049815853, 0.475456360967, 0.89826084539, 0.149271438165, 0.0360501048323, 201.5466
0.890790275587, 0.156425076697, 0.0194238172189, 0.277921500078, 0.999160880653, 0.401785072469, 0.0816207517797, 0.0198987727075, 0.537971155902, 0.983884430206, 0.0318950153179, 201.5466
0.784727589526, 0.0169685215598, 0.0438983496977, 0.277921500078, 0.867515955142, 0.965197271679, 0.916818959884, 0.629596029174, 0.329394268264, 0.822725988013, 0.00454210176326, 201.5466
0.849281353074, 0.375726654386, 0.00748931956199, 0.04435590421, 0.946733398515, 0.80410250301, 0.00711553629333, 0.698323507732, 0.333915154744, 0.549925977719, 0.472306165243, 201.5466
0.554080442195, 0.159121187598, 0.000919065644805, 0.277921500078, 0.823570085327, 0.548589675326, 0.405440252538, 0.0491760669742, 0.338249718264, 0.822576175282, 0.311095177934, 201.5466
0.970233680476, 0.159121187598, 0.40469197102, 0.0722860338317, 0.662784826445, 0.99818691955, 0.438182351424, 0.470163548793, 0.289922790953, 0.412058148528, 0.0454883550136, 201.5466
0.843046128524, 0.0273889193819, 0.172567474695, 0.152042499828, 0.0543527866697, 0.76974119883, 0.119542960561, 0.277178562702, 0.250337856226, 0.971890729555, 0.0128104389805, 201.5466
0.942382999429, 0.194916407747, 0.279602275751, 0.121836721257, 0.875294335742, 0.115703911743, 0.181837595762, 0.157406194932, 0.796872724213, 0.315272976836, 0.30803025043, 201.5466
0.578382986802, 0.156425076697, 0.0438728728792, 0.389571056852, 0.415207159449, 0.421118079803, 0.7692579379, 0.225255613674, 0.712837031247, 0.53422409777, 0.236910614815, 201.5466
0.6420792454, 0.0806633544535, 0.161066190589, 0.0639023635093, 0.513458744519, 0.875442872586, 0.0790151542411, 0.173267502584, 0.329394268264, 0.190982497008, 0.0482347826681, 201.5466
0.848331143153, 0.159121187598, 0.0597936875049, 0.277921500078, 0.145037260095, 0.0230830554053, 0.0151187808661, 0.116588382842, 0.839421965361, 0.872547936849, 0.330986183214, 201.5466
0.846185938355, 0.0376296539318, 0.0194238172189, 0.04435590421, 0.0299130276969, 0.337720001783, 0.442188892338, 0.343915848473, 0.606772171574, 0.355747122536, 0.347739426282, 201.5466
0.705936892402, 0.49479725696, 0.390586364101, 0.493177500692, 0.00552070834449, 0.649579771312, 0.813109128562, 0.0408168261858, 0.194727310926, 0.764295124307, 0.0430888399781, 201.5466
0.952905697507, 0.137794387887, 0.286306129184, 0.21212370148, 0.999317759291, 0.876762026016, 0.964513009161, 0.656727192832, 0.305534289398, 0.872547936849, 0.188393087144, 201.5466
0.877157957163, 0.13286104075, 0.232927366945, 0.277921500078, 0.999320358917, 0.981668591011, 0.107900695612, 0.902902008479, 0.69344595996, 0.476520232474, 0.0360501048323, 201.5466
0.958926501851, 0.0301697778794, 0.0245776986786, 0.0118767903488, 0.906801066898, 0.102986878227, 0.0285360478346, 0.74196011313, 0.986088077824, 0.111442217749, 0.210090253753, 201.5466
0.994600882958, 0.156425076697, 0.0279220203281, 0.114929676518, 0.0537786718092, 0.786845103852, 0.09334691847, 0.170084615019, 0.369527765978, 0.811720255384, 0.229099611156, 201.5466
0.953949396305, 0.338442724835, 0.0180327520166, 0.32710660437, 0.0299130276969, 0.462164309488, 0.746544208998, 0.335149775609, 0.694582899179, 0.0976623866819, 0.0288463522761, 201.5466
0.846185938355, 0.0776126339686, 0.00663714818092, 0.496925065736, 0.151128877673, 0.955608586857, 0.12261456508, 0.0198987727075, 0.417349628086, 0.991187557204, 0.11224910285, 201.5466
0.815143560164, 0.357655574019, 0.00751327017356, 0.278881466931, 0.418946993967, 0.673464400088, 0.12261456508, 0.846541691015, 0.712837031247, 0.177537026531, 0.0482347826681, 201.5466
0.88472327263, 0.472847879834, 0.0597936875049, 0.19590993836, 0.682852726798, 0.998959244627, 0.0104270410203, 0.343915848473, 0.284734108066, 0.997895904664, 0.0314411840696, 201.5466
0.891360186403, 0.357655574019, 0.0607423093899, 0.21421162113, 0.580127760677, 0.876762026016, 0.713662675392, 0.229457021108, 0.777323585883, 0.0908598560241, 0.0590399943218, 201.5466
0.695830148925, 0.224973792468, 0.474314149893, 0.21212370148, 0.544881577077, 0.104627827105, 0.289743321502, 0.00404319239522, 0.00637557544097, 0.192591321522, 0.4172325929, 201.5466
0.705936892402, 0.228616530096, 0.232927366945, 0.490956359873, 0.218867292165, 0.548040984668, 0.736257449593, 0.0139631367228, 0.726399554532, 0.108719553878, 0.0931733259859, 201.5466
0.88472327263, 0.454278528466, 0.255462358446, 0.100700041198, 0.085036490241, 0.383901876936, 0.107900695612, 0.512020369784, 0.0714737949896, 0.95635917491, 0.0096766224821, 201.5466
0.846185938355, 0.234730793722, 0.161066190589, 0.0702636265053, 0.985389322361, 0.248736164478, 0.438865822731, 0.228171050885, 0.14417763832, 0.321726117176, 0.121953934014, 201.5466
0.548230793245, 0.0412519761746, 0.465909195737, 0.109849118559, 0.934207971132, 0.686021307411, 0.222882138837, 0.0198987727075, 0.44389791605, 0.00602885809746, 0.0279277325991, 201.5466
0.616661080661, 0.282703719716, 0.0597936875049, 0.04435590421, 0.0589227386275, 0.732786006099, 0.144133266132, 0.606937576974, 0.194727310926, 0.287429044201, 0.0205194252471, 201.5466
0.605979621579, 0.420669055294, 0.0703564788272, 0.30883200843, 0.594094176312, 0.65569516303, 0.454240589346, 0.0329844394363, 0.602259394954, 0.958873053857, 0.324290760504, 201.5466
0.877265934204, 0.425175818446, 0.106624082242, 0.434869503722, 0.568558735316, 0.312654001724, 0.756479524048, 0.343915848473, 0.329394268264, 0.51389948195, 0.11224910285, 201.5466
0.694298879206, 0.0806633544535, 0.00775500174054, 0.00347102995614, 0.452870671985, 0.938928581685, 0.986847332411, 0.0198987727075, 0.604653632248, 0.931230071047, 0.430562049684, 201.5466
0.929662572636, 0.0402103203381, 0.0291511982761, 0.0205626677116, 0.0921348593159, 0.736459151655, 0.0721023048463, 0.508750728116, 0.00302841942712, 0.87818480188, 0.0482347826681, 201.5466
0.766820306248, 0.0456067244755, 0.0932247822624, 0.00347102995614, 0.934924152469, 0.00443846061286, 0.746544208998, 0.0168898142577, 0.338249718264, 0.975145577136, 0.0312875635132, 201.5466
0.851634895835, 0.156425076697, 0.0597936875049, 0.424323302296, 0.00170220555614, 0.938928581685, 0.964520959677, 0.0198987727075, 0.604653632248, 0.234409155489, 0.190700534071, 201.5466
0.942666351632, 0.0402103203381, 0.243596918782, 0.0485777938871, 0.278822723351, 0.265643849373, 0.107900695612, 0.777156260183, 0.732070783987, 0.846114979578, 0.472306165243, 201.5466
0.830001737043, 0.372987707889, 0.160552876819, 0.19590993836, 0.985968499079, 0.389956935268, 0.12261456508, 0.890597635543, 0.14417763832, 0.898258484488, 0.0363210125249, 201.5466
0.982099188635, 0.30668623385, 0.0134285800206, 0.0421824427399, 0.0537786718092, 0.418562385049, 0.515471392933, 0.516654216126, 0.930008352485, 0.413110739103, 0.339663562986, 201.5466
0.548230793245, 0.159121187598, 0.0724240124526, 0.04435590421, 0.377940029839, 0.765914033888, 0.00934059304809, 0.000363545362759, 0.991481364242, 0.825822988085, 0.472306165243, 201.5466
0.916877388944, 0.349736298007, 0.197988490798, 0.30883200843, 0.0207075540246, 0.754074370969, 0.0579044194292, 0.620282497853, 0.988755008898, 0.44033004621, 0.116927634012, 201.5466
0.605979621579, 0.449951743117, 0.0724240124526, 0.00347102995614, 0.443891748174, 0.219503833197, 0.294833815243, 0.512690412171, 0.329394268264, 0.822576175282, 0.0527066941815, 201.5466
0.98229825951, 0.420669055294, 0.255462358446, 0.47217571578, 0.0548926928662, 0.312654001724, 0.791366780732, 0.21225724065, 0.866823480572, 0.252641680714, 0.0482347826681, 201.5466
0.705936892402, 0.224973792468, 0.458284718378, 0.21212370148, 0.459234440063, 0.421118079803, 0.107900695612, 0.0692093149703, 0.096148595387, 0.114528271259, 0.0191512505309, 201.5466
0.77533898786, 0.0129712463993, 0.0597936875049, 0.0306332071259, 0.356828616901, 0.951007398924, 0.0783903989538, 0.748607674998, 0.15666528392, 0.413110739103, 0.00786461053958, 201.5466
0.982099188635, 0.241324906935, 0.205186461662, 0.0976164586304, 0.992112259451, 0.114381956754, 0.513250666806, 0.516654216126, 0.450603713648, 0.890470581597, 0.00616966125028, 201.5466
0.916877388944, 0.420669055294, 0.282676185575, 0.47217571578, 0.0622591561216, 0.462164309488, 0.0520242177623, 0.115024222206, 0.152282979405, 0.44033004621, 0.472306165243, 201.5466
0.605979621579, 0.372987707889, 0.0189689978981, 0.30883200843, 0.177157255347, 0.312654001724, 0.791366780732, 0.990714896216, 0.827416023811, 0.836759647071, 0.0527066941815, 201.5466
0.991377330752, 0.36692346887, 0.255462358446, 0.390912669266, 0.0548926928662, 0.972287649928, 0.0104270410203, 0.0168898142577, 0.258143748066, 0.876283105723, 0.0482347826681, 201.5466
0.694298879206, 0.140027048477, 0.174640521855, 0.361634374439, 0.328169913177, 0.312654001724, 0.766116607203, 0.0692093149703, 0.490238725719, 0.548960936664, 0.472306165243, 201.5466
0.840208114379, 0.0847095162643, 0.00534951453859, 0.0485777938871, 0.278822723351, 0.421118079803, 0.0783903989538, 0.13293078052, 0.85656959655, 0.268635067126, 0.00161439225035, 201.5466
0.846185938355, 0.333966535854, 0.0597936875049, 0.428210509293, 0.356828616901, 0.677019821704, 0.66555082719, 0.817023315496, 0.392585397636, 0.346047383783, 0.0699779233615, 201.5466
0.752845217132, 0.0129712463993, 0.0116110904297, 0.0976164586304, 0.0537786718092, 0.428573053501, 0.94780501063, 0.890597635543, 0.450603713648, 0.0381295437117, 0.0482347826681, 201.5466
0.982906766902, 0.241324906935, 0.205186461662, 0.04435590421, 0.957676887992, 0.686021307411, 0.0579044194292, 0.562607473086, 0.267101040101, 0.890470581597, 0.190700534071, 201.5466
0.833369966401, 0.241324906935, 0.205186461662, 0.000266570214249, 0.985968499079, 0.0124732864061, 0.033891377233, 0.516654216126, 0.0230105543721, 0.44033004621, 0.190700534071, 201.5466
0.605979621579, 0.372987707889, 0.00715560147279, 0.30883200843, 0.328280191679, 0.95247426761, 0.0104270410203, 0.315695147397, 0.0573944443761, 0.822576175282, 0.0527066941815, 201.5466
0.694298879206, 0.0138433261105, 0.00366831998739, 0.00344187367191, 0.934924152469, 0.312654001724, 0.939312963433, 0.901996720973, 0.866823480572, 0.549536655977, 0.0191512505309, 201.5466
0.846185938355, 0.156425076697, 8.66309097005e-05, 0.21212370148, 0.0210677678067, 0.421118079803, 0.760799824642, 0.0198987727075, 0.634147513865, 0.268635067126, 0.472306165243, 201.5466
0.67567862585, 0.0847095162643, 0.174640521855, 0.260732898891, 0.24011721883, 0.938928581685, 0.0200735073756, 0.0692093149703, 0.151330779315, 0.996109050795, 0.00333398054587, 201.5466
0.915243717506, 0.00553560597632, 0.0597936875049, 0.0485777938871, 0.250097799337, 0.606846484353, 0.107900695612, 0.799801434444, 0.392585397636, 0.454455151788, 0.0482347826681, 201.5466
0.548230793245, 0.159121187598, 0.00247764293978, 0.19590993836, 0.993733808995, 0.312654001724, 0.0459433102507, 0.890597635543, 0.450603713648, 0.849008677043, 0.240896793099, 201.5466
0.615544161492, 0.192920463136, 0.205186461662, 0.04435590421, 0.905490551265, 0.363000302282, 0.033891377233, 0.516654216126, 0.450603713648, 0.890470581597, 0.190700534071, 201.5466
0.987839888507, 0.241324906935, 0.205186461662, 0.0976164586304, 0.795093266164, 0.0124732864061, 0.033891377233, 0.0198987727075, 0.498096705148, 0.691511516542, 0.190700534071, 201.5466
0.982099188635, 0.241324906935, 0.111361260267, 0.00276561296282, 0.957676887992, 0.123261692901, 0.00111013921905, 0.0198987727075, 0.26760289445, 0.506208050009, 0.190700534071, 201.5466
0.605979621579, 0.372987707889, 0.00715560147279, 0.30883200843, 0.667272625465, 0.0295867508185, 0.0579044194292, 0.901996720973, 0.827416023811, 0.822576175282, 0.0527066941815, 201.5466
0.846185938355, 0.156425076697, 0.00534951453859, 0.21212370148, 0.278822723351, 0.938928581685, 0.766116607203, 0.28719882583, 0.39193614836, 0.977657242967, 0.348860822429, 201.5466
0.831938874687, 0.00357123990391, 0.0597936875049, 0.0485777938871, 0.522159950896, 0.153061173771, 0.107900695612, 0.765956770396, 0.392585397636, 0.454455151788, 0.0482347826681, 201.5466
0.615544161492, 0.164652151902, 0.0724240124526, 0.268701117559, 0.715930071439, 0.0388361390349, 0.0579044194292, 0.0198987727075, 0.329394268264, 0.890470581597, 0.0191336445374, 201.5466
0.605979621579, 0.241324906935, 0.205186461662, 0.04435590421, 0.5611002065, 0.511215332712, 0.101319326236, 0.0329844394363, 0.194727310926, 0.8998648331, 0.190700534071, 201.5466
0.616661080661, 0.141635970131, 0.361882596216, 0.0442326114466, 0.0120176659407, 0.994853663564, 0.00366241983632, 0.610474202123, 0.759716513705, 0.140935106313, 0.0360501048323, 201.5466
0.846185938355, 0.0448738940644, 0.467894554418, 0.170080344925, 0.0299130276969, 0.238731607585, 0.107900695612, 0.723193531365, 0.453884842568, 0.822576175282, 0.0482347826681, 201.5466
0.542044592169, 0.388222605019, 0.000922640081535, 0.285980493801, 0.882305868779, 0.272659257644, 0.657539959356, 0.34275642848, 0.360990180828, 0.811014088883, 0.11793800609, 201.5466
0.846185938355, 0.395137958662, 0.0724240124526, 0.0421448335586, 0.262538044986, 0.784709493468, 0.180678550041, 0.700425527896, 0.827416023811, 0.238018038169, 0.0917802020148, 201.5466
0.99768785688, 0.0825900395472, 0.0577751911426, 0.257832341689, 0.00307070957206, 0.729001197361, 0.256777885613, 0.0496489941922, 0.258298434499, 0.00357167904937, 0.39783837421, 201.5466
0.998228466206, 0.192920463136, 0.205186461662, 0.0976164586304, 0.985968499079, 0.0124732864061, 0.033891377233, 0.516654216126, 0.450603713648, 0.44033004621, 0.190700534071, 201.5466
0.615544161492, 0.241324906935, 0.205186461662, 0.04435590421, 0.905490551265, 0.244987505796, 0.033891377233, 0.0198987727075, 0.498096705148, 0.890470581597, 0.190700534071, 201.5466
0.982099188635, 0.241324906935, 0.205186461662, 0.04435590421, 0.957676887992, 0.686021307411, 0.0579044194292, 0.0198987727075, 0.26760289445, 0.200744744289, 0.190700534071, 201.5466
0.605979621579, 0.372987707889, 0.00715560147279, 0.30883200843, 0.667272625465, 0.0296174274804, 0.0104270410203, 0.901996720973, 0.628227567042, 0.822576175282, 0.0527066941815, 201.5466
0.846185938355, 0.00553560597632, 0.0031783892906, 0.21212370148, 0.522159950896, 0.938928581685, 0.766116607203, 0.331450410614, 0.39193614836, 0.977657242967, 0.348860822429, 201.5466
0.831938874687, 0.156425076697, 0.0597936875049, 0.0485777938871, 0.278822723351, 0.153061173771, 0.107900695612, 0.0971096158725, 0.392585397636, 0.454455151788, 0.0482347826681, 201.5466
0.615544161492, 0.241324906935, 0.205186461662, 0.04435590421, 0.905490551265, 0.312654001724, 0.0579044194292, 0.0198987727075, 0.329394268264, 0.890470581597, 0.190700534071, 201.5466
0.605979621579, 0.164652151902, 0.0724240124526, 0.268701117559, 0.278822723351, 0.511215332712, 0.101319326236, 0.0329844394363, 0.194727310926, 0.616470362831, 0.0527066941815, 201.5466
0.987839888507, 0.241324906935, 0.205186461662, 0.0976164586304, 0.985968499079, 0.0124732864061, 0.033891377233, 0.516654216126, 0.258298434499, 0.0150161839532, 0.0917802020148, 201.5466
0.99768785688, 0.0825900395472, 0.0577751911426, 0.198852058886, 0.00307070957206, 0.729001197361, 0.256777885613, 0.0496489941922, 0.450603713648, 0.403760892174, 0.190700534071, 201.5466
0.615544161492, 0.192920463136, 0.205186461662, 0.04435590421, 0.905490551265, 0.244987505796, 0.0579044194292, 0.0198987727075, 0.498096705148, 0.890470581597, 0.190700534071, 201.5466
0.982099188635, 0.241324906935, 0.205186461662, 0.04435590421, 0.957676887992, 0.686021307411, 0.033891377233, 0.0198987727075, 0.26760289445, 0.890470581597, 0.190700534071, 201.5466
0.846185938355, 0.188329426471, 0.0031783892906, 0.21212370148, 0.522159950896, 0.938928581685, 0.766116607203, 0.0198987727075, 0.39193614836, 0.977657242967, 0.0527066941815, 201.5466
0.831938874687, 0.00553560597632, 0.0597936875049, 0.271962578915, 0.278822723351, 0.153061173771, 0.107900695612, 0.0971096158725, 0.392585397636, 0.454455151788, 0.0482347826681, 201.5466
0.846185938355, 0.0448738940644, 0.467894554418, 0.495487030151, 0.0299130276969, 0.511215332712, 0.107900695612, 0.610474202123, 0.410559465253, 0.822576175282, 0.0527066941815, 201.5466
