0.605979621579, 0.379156418682, 0.0724240124526, 0.30883200843, 0.278822723351, 0.383901876936, 0.107900695612, 0.228171050885, 0.293646026188, 0.822576175282, 0.324648856999, 201.5466
0.846185938355, 0.156425076697, 0.161066190589, 0.277921500078, 0.921942091528, 0.312654001724, 0.144133266132, 0.51602361806, 0.329394268264, 0.872547936849, 0.0360501048323, 201.5466
0.843046128524, 0.159121187598, 0.0787869627321, 0.0639023635093, 0.0299130276969, 0.954409096815, 0.12261456508, 0.0198987727075, 0.338249718264, 0.0739753394475, 0.472306165243, 201.5466
0.616661080661, 0.420669055294, 0.0597936875049, 0.21212370148, 0.356828616901, 0.651741874286, 0.0104270410203, 0.700425527896, 0.827416023811, 0.686521037179, 0.0318950153179, 201.5466
0.605979621579, 0.379156418682, 0.0724240124526, 0.30883200843, 0.278822723351, 0.312654001724, 0.144133266132, 0.0382906326567, 0.908859279112, 0.822576175282, 0.324648856999, 201.5466
0.846185938355, 0.156425076697, 0.161066190589, 0.277921500078, 0.921942091528, 0.826419358946, 0.107900695612, 0.532569399213, 0.329394268264, 0.872547936849, 0.0360501048323, 201.5466
0.843046128524, 0.420669055294, 0.0787869627321, 0.0639023635093, 0.0537786718092, 0.954409096815, 0.12261456508, 0.0198987727075, 0.338249718264, 0.0739753394475, 0.472306165243, 201.5466
0.616661080661, 0.159121187598, 0.0597936875049, 0.21212370148, 0.356828616901, 0.951007398924, 0.0104270410203, 0.700425527896, 0.732070783987, 0.686521037179, 0.0482347826681, 201.5466
0.542044592169, 0.357655574019, 0.141268892645, 0.152042499828, 0.934924152469, 0.284951924155, 0.25476088523, 0.289644770475, 0.222665307095, 0.971890729555, 0.209156384872, 201.5466
0.605979621579, 0.379156418682, 0.0724240124526, 0.30883200843, 0.278822723351, 0.383901876936, 0.107900695612, 0.228171050885, 0.293646026188, 0.822576175282, 0.324648856999, 201.5466
0.846185938355, 0.156425076697, 0.161066190589, 0.277921500078, 0.921942091528, 0.312654001724, 0.144133266132, 0.51602361806, 0.329394268264, 0.872547936849, 0.0360501048323, 201.5466
0.843046128524, 0.159121187598, 0.0787869627321, 0.0639023635093, 0.0299130276969, 0.954409096815, 0.12261456508, 0.0198987727075, 0.338249718264, 0.0739753394475, 0.472306165243, 201.5466
0.616661080661, 0.420669055294, 0.0597936875049, 0.21212370148, 0.356828616901, 0.651741874286, 0.0104270410203, 0.700425527896, 0.827416023811, 0.686521037179, 0.0318950153179, 201.5466
0.605979621579, 0.379156418682, 0.0724240124526, 0.30883200843, 0.278822723351, 0.312654001724, 0.144133266132, 0.0382906326567, 0.908859279112, 0.822576175282, 0.324648856999, 201.5466
0.846185938355, 0.156425076697, 0.161066190589, 0.277921500078, 0.921942091528, 0.826419358946, 0.107900695612, 0.532569399213, 0.329394268264, 0.872547936849, 0.0360501048323, 201.5466
0.843046128524, 0.420669055294, 0.0787869627321, 0.0639023635093, 0.0537786718092, 0.954409096815, 0.12261456508, 0.0198987727075, 0.338249718264, 0.0739753394475, 0.472306165243, 201.5466
0.616661080661, 0.159121187598, 0.0597936875049, 0.21212370148, 0.356828616901, 0.951007398924, 0.0104270410203, 0.700425527896, 0.732070783987, 0.686521037179, 0.0482347826681, 201.5466
0.542044592169, 0.357655574019, 0.141268892645, 0.152042499828, 0.934924152469, 0.284951924155, 0.25476088523, 0.289644770475, 0.222665307095, 0.971890729555, 0.209156384872, 201.5466
0.734683584912, 0.0806633544535, 0.35216263178, 0.726401966364, 0.315721635486, 0.334944177788, 0.723014302319, 0.229457021108, 0.712837031247, 0.670863173992, 0.236910614815, 213.0966
0.893812859352, 0.010121476789, 0.235310099901, 0.713655433896, 0.995237321662, 0.17007864742, 0.9483784199, 0.944751574589, 0.934940777401, 0.800560977832, 0.411235004664, 213.0966
0.722597827692, 0.437442181604, 0.000181172954539, 0.780037477322, 0.663926786679, 0.421118079803, 0.485175797048, 0.224422614529, 0.86536019052, 0.701435984878, 0.183111375008, 213.0966
0.979595744553, 0.438354604633, 0.0792319368353, 0.52658924344, 0.538581022989, 0.876762026016, 0.925508952783, 0.745186700624, 0.296412647793, 0.574703280714, 0.2044630183, 213.0966
0.945752071017, 0.0522519742316, 0.130446923921, 0.835742155868, 0.676210267023, 0.741019606207, 0.580645920637, 0.929720277445, 0.803193458919, 0.159711117587, 0.0170978718188, 213.0966
0.542044592169, 0.0806633544535, 0.35216263178, 0.828259517819, 0.475022146116, 0.284951924155, 0.395229581579, 0.50342783127, 0.222665307095, 0.971890729555, 0.209156384872, 213.0966
0.734683584912, 0.357655574019, 0.141268892645, 0.726401966364, 0.315721635486, 0.334944177788, 0.723014302319, 0.229457021108, 0.712837031247, 0.670863173992, 0.236910614815, 213.0966
0.722597827692, 0.437442181604, 0.0944902919849, 0.52658924344, 0.663926786679, 0.421118079803, 0.485175797048, 0.224422614529, 0.86536019052, 0.701435984878, 0.183111375008, 213.0966
0.979595744553, 0.34984588814, 0.0792319368353, 0.780037477322, 0.740755191486, 0.545471615915, 0.925508952783, 0.745186700624, 0.154310087574, 0.574703280714, 0.2044630183, 213.0966
0.517038287059, 0.224973792468, 0.288117946184, 0.896084422668, 0.292309384267, 0.876762026016, 0.580645920637, 0.354738565038, 0.777323585883, 0.366132206055, 0.319589911757, 213.0966
0.945752071017, 0.0522519742316, 0.130446923921, 0.828259517819, 0.676210267023, 0.741019606207, 0.395229581579, 0.929720277445, 0.803193458919, 0.159711117587, 0.0996880625573, 213.0966
0.734683584912, 0.0806633544535, 0.35216263178, 0.726401966364, 0.315721635486, 0.334944177788, 0.723014302319, 0.229457021108, 0.712837031247, 0.670863173992, 0.236910614815, 213.0966
0.893812859352, 0.010121476789, 0.235310099901, 0.713655433896, 0.995237321662, 0.17007864742, 0.9483784199, 0.944751574589, 0.934940777401, 0.800560977832, 0.411235004664, 213.0966
0.722597827692, 0.437442181604, 0.000181172954539, 0.780037477322, 0.663926786679, 0.421118079803, 0.485175797048, 0.224422614529, 0.86536019052, 0.701435984878, 0.183111375008, 213.0966
0.979595744553, 0.438354604633, 0.0792319368353, 0.52658924344, 0.538581022989, 0.876762026016, 0.925508952783, 0.745186700624, 0.296412647793, 0.574703280714, 0.2044630183, 213.0966
0.945752071017, 0.0522519742316, 0.130446923921, 0.835742155868, 0.676210267023, 0.741019606207, 0.580645920637, 0.929720277445, 0.803193458919, 0.159711117587, 0.0170978718188, 213.0966
0.542044592169, 0.0806633544535, 0.35216263178, 0.828259517819, 0.475022146116, 0.284951924155, 0.395229581579, 0.50342783127, 0.222665307095, 0.971890729555, 0.209156384872, 213.0966
0.734683584912, 0.357655574019, 0.141268892645, 0.726401966364, 0.315721635486, 0.334944177788, 0.723014302319, 0.229457021108, 0.712837031247, 0.670863173992, 0.236910614815, 213.0966
0.722597827692, 0.437442181604, 0.0944902919849, 0.52658924344, 0.663926786679, 0.421118079803, 0.485175797048, 0.224422614529, 0.86536019052, 0.701435984878, 0.183111375008, 213.0966
0.979595744553, 0.34984588814, 0.0792319368353, 0.780037477322, 0.740755191486, 0.545471615915, 0.925508952783, 0.745186700624, 0.154310087574, 0.574703280714, 0.2044630183, 213.0966
0.517038287059, 0.224973792468, 0.288117946184, 0.896084422668, 0.292309384267, 0.876762026016, 0.580645920637, 0.354738565038, 0.777323585883, 0.366132206055, 0.319589911757, 213.0966
0.945752071017, 0.0522519742316, 0.130446923921, 0.828259517819, 0.676210267023, 0.741019606207, 0.395229581579, 0.929720277445, 0.803193458919, 0.159711117587, 0.0996880625573, 213.0966
0.972893036827, 0.394664909931, 0.296083893064, 0.19590993836, 0.0443909302272, 0.99313051944, 0.779663919608, 0.315695147397, 0.333915154744, 0.413110739103, 0.934275986526, 214.2433
0.779540389082, 0.372987707889, 0.296083893064, 0.19590993836, 0.465383543794, 0.253930289638, 0.784373618573, 0.578116707848, 0.26309194473, 0.661690829527, 0.830037114034, 214.2433
0.972893036827, 0.394664909931, 0.296083893064, 0.19590993836, 0.0443909302272, 0.99313051944, 0.779663919608, 0.315695147397, 0.333915154744, 0.413110739103, 0.934275986526, 214.2433
0.779540389082, 0.372987707889, 0.296083893064, 0.19590993836, 0.465383543794, 0.253930289638, 0.784373618573, 0.578116707848, 0.26309194473, 0.661690829527, 0.830037114034, 214.2433
0.690002712837, 0.461108936368, 0.351872125557, 0.421759177113, 0.502671846607, 0.845454263736, 0.0470125196598, 0.990988898824, 0.611414740822, 0.296185499237, 0.754251132373, 217.0733
0.96413653732, 0.167614808179, 0.0629731154622, 0.0796492348296, 0.985968499079, 0.244987505796, 0.14353864703, 0.647264883247, 0.839421965361, 0.958873053857, 0.826175835389, 217.0733
0.710535323045, 0.461108936368, 0.351872125557, 0.00102398074696, 0.502671846607, 0.845454263736, 0.0470125196598, 0.990988898824, 0.558229316147, 0.296185499237, 0.754251132373, 217.0733
0.96413653732, 0.167614808179, 0.255884762512, 0.421759177113, 0.985968499079, 0.244987505796, 0.14353864703, 0.647264883247, 0.839421965361, 0.958873053857, 0.826175835389, 217.0733
0.690002712837, 0.461108936368, 0.351872125557, 0.421759177113, 0.502671846607, 0.845454263736, 0.0470125196598, 0.990988898824, 0.611414740822, 0.296185499237, 0.754251132373, 217.0733
0.96413653732, 0.167614808179, 0.0629731154622, 0.0796492348296, 0.985968499079, 0.244987505796, 0.14353864703, 0.647264883247, 0.839421965361, 0.958873053857, 0.826175835389, 217.0733
0.710535323045, 0.461108936368, 0.351872125557, 0.00102398074696, 0.502671846607, 0.845454263736, 0.0470125196598, 0.990988898824, 0.558229316147, 0.296185499237, 0.754251132373, 217.0733
0.96413653732, 0.167614808179, 0.255884762512, 0.421759177113, 0.985968499079, 0.244987505796, 0.14353864703, 0.647264883247, 0.839421965361, 0.958873053857, 0.826175835389, 217.0733
0.803736851251, 0.0977752972086, 0.909224012527, 0.323130058679, 0.868439573696, 0.247173392748, 0.865482784906, 0.582296612051, 0.207992772453, 0.746613565919, 0.431449828143, 219.87
0.803736851251, 0.0977752972086, 0.909224012527, 0.323130058679, 0.868439573696, 0.247173392748, 0.865482784906, 0.582296612051, 0.207992772453, 0.746613565919, 0.431449828143, 219.87
0.511543307569, 0.144159965241, 0.559254154548, 0.125937806778, 0.847419668674, 0.475822842663, 0.573499806531, 0.424722937823, 0.697159866168, 0.951695387809, 0.177239224544, 219.87
0.803736851251, 0.0977752972086, 0.909224012527, 0.323130058679, 0.868439573696, 0.247173392748, 0.865482784906, 0.582296612051, 0.207992772453, 0.746613565919, 0.431449828143, 219.87
0.803736851251, 0.0977752972086, 0.909224012527, 0.323130058679, 0.868439573696, 0.247173392748, 0.865482784906, 0.582296612051, 0.207992772453, 0.746613565919, 0.431449828143, 219.87
0.511543307569, 0.144159965241, 0.559254154548, 0.125937806778, 0.847419668674, 0.475822842663, 0.573499806531, 0.424722937823, 0.697159866168, 0.951695387809, 0.177239224544, 219.87
0.779540389082, 0.372987707889, 0.467790245787, 0.334476089607, 0.465383543794, 0.253930289638, 0.784373618573, 0.578116707848, 0.563030928483, 0.661690829527, 0.830037114034, 219.9466
0.779540389082, 0.372987707889, 0.467790245787, 0.334476089607, 0.465383543794, 0.253930289638, 0.784373618573, 0.578116707848, 0.563030928483, 0.661690829527, 0.830037114034, 219.9466
0.510056629736, 0.129350229816, 0.882103074744, 0.563201523211, 0.837290487987, 0.0459679560268, 0.280632353618, 0.650575401272, 0.875478617327, 0.951695387809, 0.0663062425412, 220.8033
0.511543307569, 0.032827868412, 0.559254154548, 0.125937806778, 0.710254153833, 0.554698627525, 0.269552257645, 0.424722937823, 0.697159866168, 0.593349796117, 0.135616593203, 220.8033
0.767404607532, 0.144159965241, 0.64753868853, 0.739267102624, 0.847419668674, 0.0655268115673, 0.336347003718, 0.345325122115, 0.898749695044, 0.176145362587, 0.0357644198254, 220.8033
0.510056629736, 0.0337949739612, 0.882103074744, 0.563201523211, 0.837290487987, 0.0677989540653, 0.00694004551972, 0.650575401272, 0.875478617327, 0.593349796117, 0.0663062425412, 220.8033
0.571860051386, 0.23138559308, 0.653942217486, 0.315408674957, 0.888964274978, 0.134409717448, 0.204995095421, 0.100173036776, 0.0124294883985, 0.799212653301, 0.365441712766, 220.8033
0.510056629736, 0.129350229816, 0.882103074744, 0.563201523211, 0.837290487987, 0.0459679560268, 0.280632353618, 0.650575401272, 0.875478617327, 0.951695387809, 0.0663062425412, 220.8033
0.511543307569, 0.032827868412, 0.559254154548, 0.125937806778, 0.710254153833, 0.554698627525, 0.269552257645, 0.424722937823, 0.697159866168, 0.593349796117, 0.135616593203, 220.8033
0.767404607532, 0.144159965241, 0.64753868853, 0.739267102624, 0.847419668674, 0.0655268115673, 0.336347003718, 0.345325122115, 0.898749695044, 0.176145362587, 0.0357644198254, 220.8033
0.510056629736, 0.0337949739612, 0.882103074744, 0.563201523211, 0.837290487987, 0.0677989540653, 0.00694004551972, 0.650575401272, 0.875478617327, 0.593349796117, 0.0663062425412, 220.8033
0.571860051386, 0.23138559308, 0.653942217486, 0.315408674957, 0.888964274978, 0.134409717448, 0.204995095421, 0.100173036776, 0.0124294883985, 0.799212653301, 0.365441712766, 220.8033
0.774168545047, 0.372561213274, 0.0525526623259, 0.682865194194, 0.196559375851, 0.146633992492, 0.888414947426, 0.496465397277, 0.571235877027, 0.414721490117, 0.598963691826, 220.8666
0.509805362865, 0.0662918342375, 0.389451086616, 0.825072565853, 0.0828610630206, 0.207475787494, 0.635232823207, 0.490756839683, 0.783741942079, 0.979553285917, 0.697737438282, 220.8666
0.586574415775, 0.00836279966793, 0.289888177667, 0.944306690451, 0.051873514345, 0.25879019605, 0.00613574865229, 0.597773195234, 0.465098826118, 0.83097146162, 0.822292606387, 220.8666
0.764067719505, 0.261005623266, 0.230400913887, 0.931516740199, 0.437036460014, 0.118203551918, 0.767331242275, 0.501711397072, 0.731413741266, 0.235881151279, 0.507036711763, 220.8666
0.842010028899, 0.105040046942, 0.225979719697, 0.952836671031, 0.105015769321, 0.280237031042, 0.259535950276, 0.338605897288, 0.00576763905457, 0.909623765419, 0.555117183215, 220.8666
0.774168545047, 0.372561213274, 0.0525526623259, 0.682865194194, 0.196559375851, 0.146633992492, 0.888414947426, 0.496465397277, 0.644314970504, 0.414721490117, 0.598963691826, 220.8666
0.509805362865, 0.0662918342375, 0.389451086616, 0.879802385688, 0.301276911941, 0.207475787494, 0.635232823207, 0.490756839683, 0.783741942079, 0.979553285917, 0.697737438282, 220.8666
0.586574415775, 0.261005623266, 0.289888177667, 0.944306690451, 0.503032572116, 0.25879019605, 0.00613574865229, 0.501711397072, 0.630155686992, 0.83097146162, 0.822292606387, 220.8666
0.764067719505, 0.00836279966793, 0.0890121730358, 0.931516740199, 0.437036460014, 0.118203551918, 0.767331242275, 0.597773195234, 0.731413741266, 0.257641367836, 0.507036711763, 220.8666
0.947028017917, 0.402628683462, 0.474401033564, 0.513690092715, 0.264542990229, 0.129300313776, 0.578519178689, 0.958945984945, 0.831561853137, 0.672680894321, 0.557651775914, 220.8666
0.806097754458, 0.105040046942, 0.225979719697, 0.956006045572, 0.105015769321, 0.280237031042, 0.259535950276, 0.338605897288, 0.011388577363, 0.909623765419, 0.555117183215, 220.8666
0.774168545047, 0.372561213274, 0.0525526623259, 0.682865194194, 0.196559375851, 0.146633992492, 0.888414947426, 0.496465397277, 0.571235877027, 0.414721490117, 0.598963691826, 220.8666
0.509805362865, 0.0662918342375, 0.389451086616, 0.825072565853, 0.0828610630206, 0.207475787494, 0.635232823207, 0.490756839683, 0.783741942079, 0.979553285917, 0.697737438282, 220.8666
0.586574415775, 0.00836279966793, 0.289888177667, 0.944306690451, 0.051873514345, 0.25879019605, 0.00613574865229, 0.597773195234, 0.465098826118, 0.83097146162, 0.822292606387, 220.8666
0.764067719505, 0.261005623266, 0.230400913887, 0.931516740199, 0.437036460014, 0.118203551918, 0.767331242275, 0.501711397072, 0.731413741266, 0.235881151279, 0.507036711763, 220.8666
0.842010028899, 0.105040046942, 0.225979719697, 0.952836671031, 0.105015769321, 0.280237031042, 0.259535950276, 0.338605897288, 0.00576763905457, 0.909623765419, 0.555117183215, 220.8666
0.774168545047, 0.372561213274, 0.0525526623259, 0.682865194194, 0.196559375851, 0.146633992492, 0.888414947426, 0.496465397277, 0.644314970504, 0.414721490117, 0.598963691826, 220.8666
0.509805362865, 0.0662918342375, 0.389451086616, 0.879802385688, 0.301276911941, 0.207475787494, 0.635232823207, 0.490756839683, 0.783741942079, 0.979553285917, 0.697737438282, 220.8666
0.586574415775, 0.261005623266, 0.289888177667, 0.944306690451, 0.503032572116, 0.25879019605, 0.00613574865229, 0.501711397072, 0.630155686992, 0.83097146162, 0.822292606387, 220.8666
0.764067719505, 0.00836279966793, 0.0890121730358, 0.931516740199, 0.437036460014, 0.118203551918, 0.767331242275, 0.597773195234, 0.731413741266, 0.257641367836, 0.507036711763, 220.8666
0.947028017917, 0.402628683462, 0.474401033564, 0.513690092715, 0.264542990229, 0.129300313776, 0.578519178689, 0.958945984945, 0.831561853137, 0.672680894321, 0.557651775914, 220.8666
0.806097754458, 0.105040046942, 0.225979719697, 0.956006045572, 0.105015769321, 0.280237031042, 0.259535950276, 0.338605897288, 0.011388577363, 0.909623765419, 0.555117183215, 220.8666
0.998209346105, 0.824239542129, 0.136945597571, 0.0773590602917, 0.856163483938, 0.979001813417, 0.774477884953, 0.237762616149, 0.594275255523, 0.312987336564, 0.277967004529, 223.3366
0.998209346105, 0.824239542129, 0.136945597571, 0.0773590602917, 0.856163483938, 0.979001813417, 0.774477884953, 0.237762616149, 0.594275255523, 0.312987336564, 0.277967004529, 223.3366
0.600445371654, 0.565113402988, 0.196895981897, 0.453942489902, 0.208235618975, 0.507717555843, 0.665667738199, 0.498927222094, 0.788191062853, 0.621114557696, 0.0715257750941, 225.4133
0.988725822402, 0.540460420115, 0.248527150322, 0.127521674324, 0.220469126408, 0.26392587211, 0.900209483588, 0.0999979515205, 0.782229827549, 0.209483213963, 0.340125706678, 225.4133
0.797094350589, 0.800660136824, 0.475089163267, 0.0692903692453, 0.2578714621, 0.263357349397, 0.750853281723, 0.369531754424, 0.608766949937, 0.0823280415986, 0.310295230411, 225.4133
0.998209346105, 0.565113402988, 0.136945597571, 0.453942489902, 0.324927480917, 0.507717555843, 0.665667738199, 0.498927222094, 0.594275255523, 0.0454748088487, 0.277967004529, 225.4133
0.988725822402, 0.540460420115, 0.248527150322, 0.127521674324, 0.220469126408, 0.26392587211, 0.900209483588, 0.0999979515205, 0.782229827549, 0.209483213963, 0.340125706678, 225.4133
0.600445371654, 0.565113402988, 0.196895981897, 0.453942489902, 0.208235618975, 0.507717555843, 0.665667738199, 0.498927222094, 0.788191062853, 0.621114557696, 0.0715257750941, 225.4133
