0.846185938355, 0.401255529229, 0.205186461662, 0.0976164586304, 0.985968499079, 0.0124732864061, 0.0651642523446, 0.0329844394363, 0.189815856723, 0.977657242967, 0.0917802020148, 201.5466
0.831938874687, 0.00553560597632, 0.42717128068, 0.271962578915, 0.278822723351, 0.153061173771, 0.0569347614672, 0.0244963075828, 0.293311237705, 0.454455151788, 0.0482347826681, 201.5466
0.605979621579, 0.241324906935, 0.0031783892906, 0.21212370148, 0.522159950896, 0.938928581685, 0.766116607203, 0.0198987727075, 0.39193614836, 0.0150161839532, 0.0527066941815, 201.5466
0.987839888507, 0.164652151902, 0.0306162631411, 0.268701117559, 0.278822723351, 0.997896471609, 0.033891377233, 0.516654216126, 0.236798283944, 0.616470362831, 0.0527066941815, 201.5466
0.827334459516, 0.0825900395472, 0.205186461662, 0.04435590421, 0.905490551265, 0.244987505796, 0.0579044194292, 0.0198987727075, 0.498096705148, 0.890470581597, 0.190700534071, 201.5466
0.982099188635, 0.241324906935, 0.205186461662, 0.04435590421, 0.957676887992, 0.938928581685, 0.033891377233, 0.0198987727075, 0.306836648561, 0.890470581597, 0.435017182301, 201.5466
0.846185938355, 0.188329426471, 0.0031783892906, 0.21212370148, 0.384744416663, 0.686021307411, 0.766116607203, 0.0198987727075, 0.26760289445, 0.977657242967, 0.0527066941815, 201.5466
0.831938874687, 0.00553560597632, 0.0597936875049, 0.271962578915, 0.278822723351, 0.153061173771, 0.0569347614672, 0.0244963075828, 0.964912336197, 0.454455151788, 0.0482347826681, 201.5466
0.605979621579, 0.395137958662, 0.0774339938965, 0.0432795542923, 0.0197122022053, 0.225170816176, 0.929633137879, 0.742381270952, 0.827416023811, 0.323226080325, 0.11793800609, 201.5466
0.929144231788, 0.356981657461, 0.385603803558, 0.288371324357, 0.690516027165, 0.784709493468, 0.180678550041, 0.984268564685, 0.380969913957, 0.0150161839532, 0.0606787493035, 201.5466
0.851777783988, 0.0825900395472, 0.0577751911426, 0.176540039865, 0.985968499079, 0.729001197361, 0.649477817428, 0.0496489941922, 0.258298434499, 0.58665172234, 0.0917802020148, 201.5466
0.992153635011, 0.167614808179, 0.426974579694, 0.42169679073, 0.165656873649, 0.312654001724, 0.346992470185, 0.35992049761, 0.0927433697483, 0.0362606006247, 0.0156817071055, 201.5466
0.846185938355, 0.214574591904, 0.0659711024531, 0.096875356317, 0.482888787443, 0.163976633572, 0.135049815853, 0.407673978288, 0.89826084539, 0.149271438165, 0.0360501048323, 201.5466
0.890790275587, 0.0833703890583, 2.41674217332e-05, 0.277921500078, 0.999160880653, 0.401785072469, 0.0816207517797, 0.0198987727075, 0.537971155902, 0.983884430206, 0.0318950153179, 201.5466
0.784727589526, 0.0169685215598, 0.0438983496977, 0.277921500078, 0.38978370259, 0.965197271679, 0.916818959884, 0.877309787286, 0.329394268264, 0.20512678793, 0.00454210176326, 201.5466
0.554080442195, 0.280634105615, 0.000919065644805, 0.282105246005, 0.823570085327, 0.80410250301, 0.405440252538, 0.0491760669742, 0.338249718264, 0.822576175282, 0.311095177934, 201.5466
0.843046128524, 0.0273889193819, 0.40469197102, 0.392390807617, 0.0294591921008, 0.99818691955, 0.929979761388, 0.470163548793, 0.289922790953, 0.971890729555, 0.0454883550136, 201.5466
0.970233680476, 0.159121187598, 0.172567474695, 0.152042499828, 0.0543527866697, 0.76974119883, 0.438182351424, 0.277178562702, 0.250337856226, 0.495366267939, 0.0128104389805, 201.5466
0.942382999429, 0.194916407747, 0.279602275751, 0.389571056852, 0.875294335742, 0.115703911743, 0.181837595762, 0.157406194932, 0.796872724213, 0.315272976836, 0.152531367172, 201.5466
0.578382986802, 0.156425076697, 0.0438728728792, 0.074738085194, 0.628884855356, 0.421118079803, 0.7692579379, 0.225255613674, 0.978347329263, 0.53422409777, 0.236910614815, 201.5466
0.6420792454, 0.159121187598, 0.161066190589, 0.0639023635093, 0.513458744519, 0.875442872586, 0.0790151542411, 0.116588382842, 0.136506021892, 0.190982497008, 0.0482347826681, 201.5466
0.848331143153, 0.0806633544535, 0.0597936875049, 0.277921500078, 0.145037260095, 0.0230830554053, 0.0151187808661, 0.173267502584, 0.839421965361, 0.872547936849, 0.330986183214, 201.5466
0.846185938355, 0.0376296539318, 0.0194238172189, 0.04435590421, 0.0299130276969, 0.0222885477021, 0.442188892338, 0.368862736028, 0.606772171574, 0.355747122536, 0.347739426282, 201.5466
0.705936892402, 0.49479725696, 0.390586364101, 0.493177500692, 0.00552070834449, 0.649579771312, 0.813109128562, 0.0408168261858, 0.194727310926, 0.764295124307, 0.442069460224, 201.5466
0.877157957163, 0.137794387887, 0.286306129184, 0.21212370148, 0.888957010974, 0.876762026016, 0.964513009161, 0.656727192832, 0.305534289398, 0.872547936849, 0.188393087144, 201.5466
0.952905697507, 0.13286104075, 0.232927366945, 0.277921500078, 0.999320358917, 0.981668591011, 0.107900695612, 0.902902008479, 0.69344595996, 0.476520232474, 0.0360501048323, 201.5466
0.958926501851, 0.0301697778794, 0.0119166067863, 0.0118767903488, 0.906801066898, 0.102986878227, 0.0285360478346, 0.170084615019, 0.994989263009, 0.111442217749, 0.210090253753, 201.5466
0.998272411438, 0.346360614366, 0.0279220203281, 0.114929676518, 0.0537786718092, 0.786845103852, 0.09334691847, 0.74196011313, 0.369527765978, 0.811720255384, 0.229099611156, 201.5466
0.846185938355, 0.0776126339686, 0.0180327520166, 0.496925065736, 0.0299130276969, 0.981683151462, 0.12261456508, 0.0198987727075, 0.417349628086, 0.694157614132, 0.072914454322, 201.5466
0.995549123761, 0.357655574019, 0.0597936875049, 0.278881466931, 0.418946993967, 0.998959244627, 0.12261456508, 0.846541691015, 0.875723338552, 0.177537026531, 0.166784799132, 201.5466
0.701243188241, 0.472847879834, 0.00751327017356, 0.19590993836, 0.682852726798, 0.673464400088, 0.0104270410203, 0.343915848473, 0.712837031247, 0.997895904664, 0.0314411840696, 201.5466
0.891360186403, 0.357655574019, 0.0607423093899, 0.21421162113, 0.580127760677, 0.104627827105, 0.713662675392, 0.229457021108, 0.00637557544097, 0.0908598560241, 0.0590399943218, 201.5466
0.760706409597, 0.376434133529, 0.255462358446, 0.490956359873, 0.0816230414569, 0.548040984668, 0.736257449593, 0.701392295022, 0.726399554532, 0.108719553878, 0.0931733259859, 201.5466
0.88472327263, 0.454278528466, 0.232927366945, 0.100700041198, 0.085036490241, 0.383901876936, 0.023812319692, 0.512020369784, 0.0714737949896, 0.95635917491, 0.0096766224821, 201.5466
0.846185938355, 0.0143610315533, 0.161066190589, 0.0702636265053, 0.985389322361, 0.686021307411, 0.438865822731, 0.228171050885, 0.14417763832, 0.321726117176, 0.121953934014, 201.5466
0.548230793245, 0.0412519761746, 0.465909195737, 0.109849118559, 0.934207971132, 0.248736164478, 0.138397013268, 0.0198987727075, 0.209159506499, 0.00602885809746, 0.0279277325991, 201.5466
0.605979621579, 0.282703719716, 0.0703564788272, 0.04435590421, 0.0589227386275, 0.732786006099, 0.144133266132, 0.362849849595, 0.194727310926, 0.287429044201, 0.0205194252471, 201.5466
0.616661080661, 0.420669055294, 0.0597936875049, 0.30883200843, 0.594094176312, 0.65569516303, 0.454240589346, 0.606937576974, 0.602259394954, 0.958873053857, 0.324290760504, 201.5466
0.877265934204, 0.425175818446, 0.0015401145928, 0.434869503722, 0.452870671985, 0.312654001724, 0.205581112646, 0.343915848473, 0.329394268264, 0.51389948195, 0.11224910285, 201.5466
0.694298879206, 0.0806633544535, 0.00775500174054, 0.00347102995614, 0.485828613438, 0.938928581685, 0.986847332411, 0.0198987727075, 0.604653632248, 0.931230071047, 0.430562049684, 201.5466
0.929662572636, 0.0402103203381, 0.0105424969865, 0.0133860983796, 0.0921348593159, 0.736459151655, 0.0687484421171, 0.508750728116, 0.262372831513, 0.87818480188, 0.0312875635132, 201.5466
0.766820306248, 0.0456067244755, 0.0932247822624, 0.00347102995614, 0.934924152469, 0.00443846061286, 0.0721023048463, 0.0168898142577, 0.662878635961, 0.975145577136, 0.0482347826681, 201.5466
0.851634895835, 0.0402103203381, 0.0597936875049, 0.424323302296, 0.00170220555614, 0.934541816736, 0.964520959677, 0.580320345058, 0.604653632248, 0.846114979578, 0.407560090658, 201.5466
0.942666351632, 0.156425076697, 0.243596918782, 0.442961283103, 0.278822723351, 0.265643849373, 0.107900695612, 0.25587143945, 0.78260424231, 0.234409155489, 0.472306165243, 201.5466
0.548230793245, 0.30668623385, 0.0134285800206, 0.0421824427399, 0.0537786718092, 0.418562385049, 0.515471392933, 0.890597635543, 0.930008352485, 0.413110739103, 0.159570573316, 201.5466
0.98735696717, 0.159121187598, 0.0724240124526, 0.04435590421, 0.0539679232068, 0.765914033888, 0.00934059304809, 0.000363545362759, 0.991481364242, 0.825822988085, 0.472306165243, 201.5466
0.916877388944, 0.349736298007, 0.197988490798, 0.30883200843, 0.0207075540246, 0.643249515169, 0.0579044194292, 0.620282497853, 0.988755008898, 0.744222992874, 0.00242567097088, 201.5466
0.605979621579, 0.449951743117, 0.0724240124526, 0.00347102995614, 0.443891748174, 0.0334248277732, 0.294833815243, 0.512690412171, 0.329394268264, 0.205291150074, 0.0527066941815, 201.5466
0.705936892402, 0.224973792468, 0.0597936875049, 0.21212370148, 0.459234440063, 0.954025427507, 0.107900695612, 0.0692093149703, 0.096148595387, 0.114528271259, 0.00641615352882, 201.5466
0.77533898786, 0.280158214999, 0.458284718378, 0.0306332071259, 0.356828616901, 0.421118079803, 0.0783903989538, 0.748607674998, 0.15666528392, 0.413110739103, 0.00786461053958, 201.5466
0.982099188635, 0.241324906935, 0.205186461662, 0.0156311965941, 0.992112259451, 0.114381956754, 0.513250666806, 0.115024222206, 0.450603713648, 0.890470581597, 0.472306165243, 201.5466
0.916877388944, 0.420669055294, 0.282676185575, 0.47217571578, 0.0622591561216, 0.462164309488, 0.0520242177623, 0.516654216126, 0.152282979405, 0.44033004621, 0.00616966125028, 201.5466
0.605979621579, 0.372987707889, 0.0189689978981, 0.30883200843, 0.177157255347, 0.312654001724, 0.0104270410203, 0.990714896216, 0.827416023811, 0.836759647071, 0.0482347826681, 201.5466
0.694298879206, 0.140027048477, 0.0832681074251, 0.361634374439, 0.328169913177, 0.312654001724, 0.652934722616, 0.0114669680421, 0.85656959655, 0.825099047806, 0.472306165243, 201.5466
0.840208114379, 0.0847095162643, 0.00534951453859, 0.428210509293, 0.278822723351, 0.421118079803, 0.0783903989538, 0.13293078052, 0.490238725719, 0.268635067126, 0.0699779233615, 201.5466
0.846185938355, 0.333966535854, 0.463699110629, 0.0485777938871, 0.356828616901, 0.677019821704, 0.647921920392, 0.817023315496, 0.419335178344, 0.827316694991, 0.00161439225035, 201.5466
0.752845217132, 0.0129712463993, 0.221228543014, 0.0976164586304, 0.0537786718092, 0.149183735136, 0.0579044194292, 0.890597635543, 0.674334515868, 0.0381295437117, 0.190700534071, 201.5466
0.982906766902, 0.241324906935, 0.205186461662, 0.00303128586757, 0.957676887992, 0.686021307411, 0.94780501063, 0.516654216126, 0.267101040101, 0.890470581597, 0.0353889450507, 201.5466
0.833369966401, 0.094194317596, 0.205186461662, 0.000266570214249, 0.985968499079, 0.0124732864061, 0.033891377233, 0.562607473086, 0.0230105543721, 0.44033004621, 0.190700534071, 201.5466
0.605979621579, 0.372987707889, 0.00715560147279, 0.33568249948, 0.569782958586, 0.95247426761, 0.0104270410203, 0.315695147397, 0.0573944443761, 0.822576175282, 0.0191512505309, 201.5466
0.694298879206, 0.0138433261105, 0.00366831998739, 0.00344187367191, 0.934924152469, 0.46070871175, 0.939312963433, 0.901996720973, 0.866823480572, 0.549536655977, 0.0527066941815, 201.5466
0.67567862585, 0.0438934027346, 0.351693806378, 0.21212370148, 0.0210677678067, 0.421118079803, 0.760799824642, 0.0198987727075, 0.634147513865, 0.268635067126, 0.472306165243, 201.5466
0.548230793245, 0.159121187598, 0.00247764293978, 0.266955734648, 0.993733808995, 0.927273458194, 0.418711662692, 0.890597635543, 0.450603713648, 0.707552078182, 0.240896793099, 201.5466
0.615544161492, 0.192920463136, 0.205186461662, 0.00351830999484, 0.795093266164, 0.991177765961, 0.033891377233, 0.516654216126, 0.558190852264, 0.890470581597, 0.190700534071, 201.5466
0.987839888507, 0.241324906935, 0.205186461662, 0.04435590421, 0.905490551265, 0.0124732864061, 0.033891377233, 0.0198987727075, 0.498096705148, 0.985075898722, 0.373355394807, 201.5466
0.982099188635, 0.241324906935, 0.111361260267, 0.30883200843, 0.957676887992, 0.123261692901, 0.00111013921905, 0.0198987727075, 0.26760289445, 0.506208050009, 0.308934394306, 201.5466
0.846185938355, 0.135292762661, 0.00534951453859, 0.21212370148, 0.278822723351, 0.938928581685, 0.766116607203, 0.28719882583, 0.39193614836, 0.977657242967, 0.348860822429, 201.5466
0.831938874687, 0.449837490033, 0.0597936875049, 0.361808878292, 0.875889670988, 0.153061173771, 0.107900695612, 0.765956770396, 0.392585397636, 0.454455151788, 0.0482347826681, 201.5466
0.615544161492, 0.164652151902, 0.0724240124526, 0.268701117559, 0.715930071439, 0.0388361390349, 0.0579044194292, 0.0143987549855, 0.329394268264, 0.890470581597, 0.0191336445374, 201.5466
0.605979621579, 0.241324906935, 0.205186461662, 0.04435590421, 0.721286535171, 0.511215332712, 0.101319326236, 0.0198987727075, 0.194727310926, 0.8998648331, 0.190700534071, 201.5466
0.616661080661, 0.0448738940644, 0.361882596216, 0.0442326114466, 0.0120176659407, 0.511879860829, 0.00198793692954, 0.610474202123, 0.0788205216727, 0.140935106313, 0.0360501048323, 201.5466
0.846185938355, 0.141635970131, 0.467894554418, 0.170080344925, 0.0299130276969, 0.238731607585, 0.107900695612, 0.723193531365, 0.759716513705, 0.822576175282, 0.0482347826681, 201.5466
0.542044592169, 0.395137958662, 0.000559197938846, 0.285980493801, 0.882305868779, 0.784709493468, 0.700396273721, 0.469454948882, 0.360990180828, 0.811014088883, 0.11793800609, 201.5466
0.846185938355, 0.388222605019, 0.0724240124526, 0.0421448335586, 0.262538044986, 0.272659257644, 0.180678550041, 0.271548824746, 0.827416023811, 0.260838564193, 0.0917802020148, 201.5466
0.998228466206, 0.192920463136, 0.0577751911426, 0.0976164586304, 0.985968499079, 0.0124732864061, 0.256777885613, 0.483173605082, 0.450603713648, 0.44033004621, 0.190700534071, 201.5466
0.982099188635, 0.241324906935, 0.205186461662, 0.04435590421, 0.905490551265, 0.244987505796, 0.033891377233, 0.0198987727075, 0.246662350187, 0.200744744289, 0.190700534071, 201.5466
0.615544161492, 0.241324906935, 0.205186461662, 0.04435590421, 0.957676887992, 0.686021307411, 0.0579044194292, 0.0198987727075, 0.26760289445, 0.988180496519, 0.190700534071, 201.5466
0.605979621579, 0.00553560597632, 0.00715560147279, 0.30883200843, 0.667272625465, 0.0296174274804, 0.0104270410203, 0.901996720973, 0.628227567042, 0.822576175282, 0.0527066941815, 201.5466
0.846185938355, 0.372987707889, 0.0031783892906, 0.21212370148, 0.522159950896, 0.910708247391, 0.766116607203, 0.331450410614, 0.39193614836, 0.985017355371, 0.348860822429, 201.5466
0.831938874687, 0.218221604863, 0.0597936875049, 0.0485777938871, 0.278822723351, 0.153061173771, 0.107900695612, 0.0543784727574, 0.826667616464, 0.454455151788, 0.0482347826681, 201.5466
0.605979621579, 0.164652151902, 0.037588088855, 0.268701117559, 0.165831863073, 0.276561224163, 0.101319326236, 0.207056029405, 0.194727310926, 0.616470362831, 0.0527066941815, 201.5466
0.987839888507, 0.365863871144, 0.205186461662, 0.0976164586304, 0.985968499079, 0.576655584565, 0.033891377233, 0.516654216126, 0.0180623227239, 0.0150161839532, 0.481706621666, 201.5466
0.615544161492, 0.192920463136, 0.172642535571, 0.04435590421, 0.905490551265, 0.244987505796, 0.149276616433, 0.0198987727075, 0.42157338122, 0.851768096502, 0.190700534071, 201.5466
0.645005173427, 0.241324906935, 0.205186461662, 0.04435590421, 0.957676887992, 0.686021307411, 0.0579044194292, 0.704399027598, 0.26760289445, 0.890470581597, 0.190700534071, 201.5466
0.605979621579, 0.401255529229, 0.0031783892906, 0.0673254351126, 0.522159950896, 0.938928581685, 0.766116607203, 0.0198987727075, 0.297393374584, 0.977657242967, 0.0527066941815, 201.5466
0.638536651141, 0.241324906935, 0.205186461662, 0.0976164586304, 0.985968499079, 0.0124732864061, 0.101319326236, 0.0329844394363, 0.258298434499, 0.0150161839532, 0.0917802020148, 201.5466
0.987839888507, 0.164652151902, 0.0306162631411, 0.268701117559, 0.278822723351, 0.995406193925, 0.0466815360362, 0.516654216126, 0.194727310926, 0.616470362831, 0.0511188952823, 201.5466
0.615544161492, 0.0825900395472, 0.205186461662, 0.04435590421, 0.905490551265, 0.244987505796, 0.0579044194292, 0.0198987727075, 0.498096705148, 0.939922034242, 0.190700534071, 201.5466
0.982099188635, 0.354452884177, 0.0031783892906, 0.21212370148, 0.957676887992, 0.938928581685, 0.033891377233, 0.0198987727075, 0.39193614836, 0.890470581597, 0.435017182301, 201.5466
0.846185938355, 0.188329426471, 0.0526987210464, 0.04435590421, 0.522159950896, 0.686021307411, 0.766116607203, 0.0198987727075, 0.26760289445, 0.977657242967, 0.0527066941815, 201.5466
0.831938874687, 0.00553560597632, 0.42717128068, 0.271962578915, 0.278822723351, 0.153061173771, 0.0569347614672, 0.0244963075828, 0.293311237705, 0.454455151788, 0.0482347826681, 201.5466
0.846185938355, 0.401255529229, 0.205186461662, 0.0976164586304, 0.985968499079, 0.0124732864061, 0.0651642523446, 0.0329844394363, 0.189815856723, 0.977657242967, 0.0917802020148, 201.5466
0.605979621579, 0.241324906935, 0.0031783892906, 0.21212370148, 0.522159950896, 0.938928581685, 0.766116607203, 0.0198987727075, 0.39193614836, 0.0150161839532, 0.0527066941815, 201.5466
0.987839888507, 0.164652151902, 0.0306162631411, 0.268701117559, 0.278822723351, 0.997896471609, 0.033891377233, 0.516654216126, 0.236798283944, 0.616470362831, 0.0527066941815, 201.5466
0.827334459516, 0.0825900395472, 0.205186461662, 0.04435590421, 0.905490551265, 0.244987505796, 0.0579044194292, 0.0198987727075, 0.498096705148, 0.890470581597, 0.190700534071, 201.5466
0.982099188635, 0.241324906935, 0.205186461662, 0.04435590421, 0.957676887992, 0.938928581685, 0.033891377233, 0.0198987727075, 0.306836648561, 0.890470581597, 0.435017182301, 201.5466
0.846185938355, 0.188329426471, 0.0031783892906, 0.21212370148, 0.384744416663, 0.686021307411, 0.766116607203, 0.0198987727075, 0.26760289445, 0.977657242967, 0.0527066941815, 201.5466
0.831938874687, 0.00553560597632, 0.0597936875049, 0.271962578915, 0.278822723351, 0.153061173771, 0.0569347614672, 0.0244963075828, 0.964912336197, 0.454455151788, 0.0482347826681, 201.5466
0.605979621579, 0.395137958662, 0.0774339938965, 0.0432795542923, 0.0197122022053, 0.225170816176, 0.929633137879, 0.742381270952, 0.827416023811, 0.323226080325, 0.11793800609, 201.5466
0.929144231788, 0.356981657461, 0.385603803558, 0.288371324357, 0.690516027165, 0.784709493468, 0.180678550041, 0.984268564685, 0.380969913957, 0.0150161839532, 0.0606787493035, 201.5466
