0.605979621579, 0.379156418682, 0.0724240124526, 0.30883200843, 0.482888787443, 0.161875518762, 0.107900695612, 0.228171050885, 0.293646026188, 0.822576175282, 0.39783837421, 201.5466
0.846185938355, 0.156425076697, 0.107386538477, 0.277921500078, 0.921942091528, 0.113827361315, 0.144133266132, 0.51602361806, 0.329394268264, 0.192591321522, 0.0360501048323, 201.5466
0.843046128524, 0.159121187598, 0.474713814512, 0.0639023635093, 0.0299130276969, 0.954409096815, 0.12261456508, 0.0198987727075, 0.338249718264, 0.549925977719, 0.467724288867, 201.5466
0.616661080661, 0.420669055294, 0.0597936875049, 0.21212370148, 0.356828616901, 0.662627193915, 0.0104270410203, 0.700425527896, 0.827416023811, 0.149271438165, 0.0318950153179, 201.5466
0.605979621579, 0.379156418682, 0.0724240124526, 0.30883200843, 0.278822723351, 0.312654001724, 0.144133266132, 0.0382906326567, 0.908859279112, 0.822576175282, 0.324648856999, 201.5466
0.846185938355, 0.156425076697, 0.161066190589, 0.277921500078, 0.921942091528, 0.826419358946, 0.107900695612, 0.532569399213, 0.329394268264, 0.872547936849, 0.0360501048323, 201.5466
0.616661080661, 0.159121187598, 0.0597936875049, 0.0639023635093, 0.356828616901, 0.951007398924, 0.12261456508, 0.723193531365, 0.732070783987, 0.269211701827, 0.0482347826681, 201.5466
0.605979621579, 0.379156418682, 0.0724240124526, 0.30883200843, 0.278822723351, 0.462164309488, 0.107900695612, 0.228171050885, 0.378121045117, 0.822576175282, 0.324648856999, 201.5466
0.616661080661, 0.159121187598, 0.242249668785, 0.0639023635093, 0.0299130276969, 0.970887563495, 0.12261456508, 0.0198987727075, 0.338249718264, 0.0739753394475, 0.472306165243, 201.5466
0.846185938355, 0.156425076697, 0.0787869627321, 0.277921500078, 0.0537786718092, 0.193345733546, 0.107900695612, 0.626655665839, 0.329394268264, 0.872547936849, 0.472306165243, 201.5466
0.843046128524, 0.420669055294, 0.267270801439, 0.0639023635093, 0.921942091528, 0.964889654961, 0.12261456508, 0.0198987727075, 0.338249718264, 0.0739753394475, 0.0360501048323, 201.5466
0.542044592169, 0.357655574019, 0.141268892645, 0.152042499828, 0.0443909302272, 0.284951924155, 0.0104270410203, 0.0453089099977, 0.222665307095, 0.971890729555, 0.0482347826681, 201.5466
0.972893036827, 0.372987707889, 0.296083893064, 0.19590993836, 0.934924152469, 0.99313051944, 0.779663919608, 0.315695147397, 0.333915154744, 0.413110739103, 0.283980307731, 201.5466
0.96413653732, 0.167614808179, 0.0629731154622, 0.0796492348296, 0.985968499079, 0.244987505796, 0.14353864703, 0.647264883247, 0.839421965361, 0.958873053857, 0.422927851782, 201.5466
0.605979621579, 0.379156418682, 0.0724240124526, 0.30883200843, 0.482888787443, 0.383901876936, 0.107900695612, 0.228171050885, 0.293646026188, 0.822576175282, 0.216820765848, 201.5466
0.846185938355, 0.159121187598, 0.161066190589, 0.277921500078, 0.946733398515, 0.312654001724, 0.144133266132, 0.51602361806, 0.329394268264, 0.149271438165, 0.0360501048323, 201.5466
0.843046128524, 0.156425076697, 0.0194238172189, 0.04435590421, 0.0299130276969, 0.954409096815, 0.12261456508, 0.0198987727075, 0.338249718264, 0.192591321522, 0.472306165243, 201.5466
0.616661080661, 0.379156418682, 0.0597936875049, 0.21212370148, 0.356828616901, 0.651741874286, 0.0104270410203, 0.700425527896, 0.827416023811, 0.549925977719, 0.0318950153179, 201.5466
0.605979621579, 0.420669055294, 0.0724240124526, 0.30883200843, 0.278822723351, 0.312654001724, 0.144133266132, 0.0382906326567, 0.329394268264, 0.822576175282, 0.324648856999, 201.5466
0.843046128524, 0.156425076697, 0.0787869627321, 0.21212370148, 0.0537786718092, 0.954409096815, 0.12261456508, 0.0198987727075, 0.338249718264, 0.0739753394475, 0.472306165243, 201.5466
0.616661080661, 0.159121187598, 0.0597936875049, 0.153664957307, 0.356828616901, 0.951007398924, 0.0104270410203, 0.723193531365, 0.732070783987, 0.822576175282, 0.0482347826681, 201.5466
0.843046128524, 0.159121187598, 0.308697007491, 0.0639023635093, 0.0299130276969, 0.954409096815, 0.12261456508, 0.0198987727075, 0.338249718264, 0.0739753394475, 0.00790743202317, 201.5466
0.616661080661, 0.156425076697, 0.242249668785, 0.21212370148, 0.356828616901, 0.651741874286, 0.144133266132, 0.700425527896, 0.827416023811, 0.686521037179, 0.324648856999, 201.5466
0.846185938355, 0.379156418682, 0.0787869627321, 0.277921500078, 0.921942091528, 0.193345733546, 0.0451187811257, 0.626655665839, 0.292651331498, 0.872547936849, 0.0360501048323, 201.5466
0.794419152687, 0.420669055294, 0.161066190589, 0.028773454444, 0.0537786718092, 0.954409096815, 0.0956254754337, 0.581282298525, 0.338249718264, 0.412058148528, 0.472306165243, 201.5466
0.542044592169, 0.357655574019, 0.141268892645, 0.3046836766, 0.631289316988, 0.284951924155, 0.0104270410203, 0.289644770475, 0.222665307095, 0.971890729555, 0.0482347826681, 201.5466
0.705936892402, 0.372987707889, 0.0629731154622, 0.0796492348296, 0.284087358031, 0.244987505796, 0.279576819736, 0.647264883247, 0.839421965361, 0.485825104529, 0.422927851782, 201.5466
0.734683584912, 0.0806633544535, 0.232927366945, 0.285980493801, 0.315721635486, 0.421118079803, 0.723014302319, 0.229457021108, 0.712837031247, 0.670863173992, 0.236910614815, 201.5466
0.605979621579, 0.379156418682, 0.0724240124526, 0.30883200843, 0.482888787443, 0.161875518762, 0.107900695612, 0.228171050885, 0.293646026188, 0.822576175282, 0.39783837421, 201.5466
0.846185938355, 0.156425076697, 0.107386538477, 0.277921500078, 0.921942091528, 0.113827361315, 0.144133266132, 0.51602361806, 0.329394268264, 0.192591321522, 0.0360501048323, 201.5466
0.843046128524, 0.159121187598, 0.474713814512, 0.0639023635093, 0.0299130276969, 0.954409096815, 0.12261456508, 0.0198987727075, 0.338249718264, 0.549925977719, 0.467724288867, 201.5466
0.616661080661, 0.420669055294, 0.0597936875049, 0.21212370148, 0.356828616901, 0.662627193915, 0.0104270410203, 0.700425527896, 0.827416023811, 0.149271438165, 0.0318950153179, 201.5466
0.605979621579, 0.379156418682, 0.0724240124526, 0.30883200843, 0.278822723351, 0.312654001724, 0.144133266132, 0.0382906326567, 0.908859279112, 0.822576175282, 0.324648856999, 201.5466
0.846185938355, 0.156425076697, 0.161066190589, 0.277921500078, 0.921942091528, 0.826419358946, 0.107900695612, 0.532569399213, 0.329394268264, 0.872547936849, 0.0360501048323, 201.5466
0.616661080661, 0.159121187598, 0.0597936875049, 0.0639023635093, 0.356828616901, 0.951007398924, 0.12261456508, 0.723193531365, 0.732070783987, 0.269211701827, 0.0482347826681, 201.5466
0.605979621579, 0.379156418682, 0.0724240124526, 0.30883200843, 0.278822723351, 0.462164309488, 0.107900695612, 0.228171050885, 0.378121045117, 0.822576175282, 0.324648856999, 201.5466
0.616661080661, 0.159121187598, 0.242249668785, 0.0639023635093, 0.0299130276969, 0.970887563495, 0.12261456508, 0.0198987727075, 0.338249718264, 0.0739753394475, 0.472306165243, 201.5466
0.846185938355, 0.156425076697, 0.0787869627321, 0.277921500078, 0.0537786718092, 0.193345733546, 0.107900695612, 0.626655665839, 0.329394268264, 0.872547936849, 0.472306165243, 201.5466
0.843046128524, 0.420669055294, 0.267270801439, 0.0639023635093, 0.921942091528, 0.964889654961, 0.12261456508, 0.0198987727075, 0.338249718264, 0.0739753394475, 0.0360501048323, 201.5466
0.542044592169, 0.357655574019, 0.141268892645, 0.152042499828, 0.0443909302272, 0.284951924155, 0.0104270410203, 0.0453089099977, 0.222665307095, 0.971890729555, 0.0482347826681, 201.5466
0.972893036827, 0.372987707889, 0.296083893064, 0.19590993836, 0.934924152469, 0.99313051944, 0.779663919608, 0.315695147397, 0.333915154744, 0.413110739103, 0.283980307731, 201.5466
0.96413653732, 0.167614808179, 0.0629731154622, 0.0796492348296, 0.985968499079, 0.244987505796, 0.14353864703, 0.647264883247, 0.839421965361, 0.958873053857, 0.422927851782, 201.5466
0.605979621579, 0.379156418682, 0.0724240124526, 0.30883200843, 0.482888787443, 0.383901876936, 0.107900695612, 0.228171050885, 0.293646026188, 0.822576175282, 0.216820765848, 201.5466
0.846185938355, 0.159121187598, 0.161066190589, 0.277921500078, 0.946733398515, 0.312654001724, 0.144133266132, 0.51602361806, 0.329394268264, 0.149271438165, 0.0360501048323, 201.5466
0.843046128524, 0.156425076697, 0.0194238172189, 0.04435590421, 0.0299130276969, 0.954409096815, 0.12261456508, 0.0198987727075, 0.338249718264, 0.192591321522, 0.472306165243, 201.5466
0.616661080661, 0.379156418682, 0.0597936875049, 0.21212370148, 0.356828616901, 0.651741874286, 0.0104270410203, 0.700425527896, 0.827416023811, 0.549925977719, 0.0318950153179, 201.5466
0.605979621579, 0.420669055294, 0.0724240124526, 0.30883200843, 0.278822723351, 0.312654001724, 0.144133266132, 0.0382906326567, 0.329394268264, 0.822576175282, 0.324648856999, 201.5466
0.843046128524, 0.156425076697, 0.0787869627321, 0.21212370148, 0.0537786718092, 0.954409096815, 0.12261456508, 0.0198987727075, 0.338249718264, 0.0739753394475, 0.472306165243, 201.5466
0.616661080661, 0.159121187598, 0.0597936875049, 0.153664957307, 0.356828616901, 0.951007398924, 0.0104270410203, 0.723193531365, 0.732070783987, 0.822576175282, 0.0482347826681, 201.5466
0.843046128524, 0.159121187598, 0.308697007491, 0.0639023635093, 0.0299130276969, 0.954409096815, 0.12261456508, 0.0198987727075, 0.338249718264, 0.0739753394475, 0.00790743202317, 201.5466
0.616661080661, 0.156425076697, 0.242249668785, 0.21212370148, 0.356828616901, 0.651741874286, 0.144133266132, 0.700425527896, 0.827416023811, 0.686521037179, 0.324648856999, 201.5466
0.846185938355, 0.379156418682, 0.0787869627321, 0.277921500078, 0.921942091528, 0.193345733546, 0.0451187811257, 0.626655665839, 0.292651331498, 0.872547936849, 0.0360501048323, 201.5466
0.794419152687, 0.420669055294, 0.161066190589, 0.028773454444, 0.0537786718092, 0.954409096815, 0.0956254754337, 0.581282298525, 0.338249718264, 0.412058148528, 0.472306165243, 201.5466
0.542044592169, 0.357655574019, 0.141268892645, 0.3046836766, 0.631289316988, 0.284951924155, 0.0104270410203, 0.289644770475, 0.222665307095, 0.971890729555, 0.0482347826681, 201.5466
0.705936892402, 0.372987707889, 0.0629731154622, 0.0796492348296, 0.284087358031, 0.244987505796, 0.279576819736, 0.647264883247, 0.839421965361, 0.485825104529, 0.422927851782, 201.5466
0.734683584912, 0.0806633544535, 0.232927366945, 0.285980493801, 0.315721635486, 0.421118079803, 0.723014302319, 0.229457021108, 0.712837031247, 0.670863173992, 0.236910614815, 201.5466
0.846185938355, 0.156425076697, 0.398862281295, 0.823654780625, 0.921942091528, 0.601886008328, 0.144133266132, 0.51602361806, 0.329394268264, 0.872547936849, 0.00875575839465, 213.0966
0.510056629736, 0.129350229816, 0.365156054817, 0.563201523211, 0.881895291738, 0.0459679560268, 0.280632353618, 0.203466872471, 0.875478617327, 0.951695387809, 0.0996880625573, 213.0966
0.542044592169, 0.357655574019, 0.0926941716751, 0.743485553043, 0.934924152469, 0.165107213125, 0.25476088523, 0.0808253770938, 0.222665307095, 0.971890729555, 0.209156384872, 213.0966
0.734683584912, 0.0806633544535, 0.35216263178, 0.726401966364, 0.315721635486, 0.17007864742, 0.630885482027, 0.229457021108, 0.712837031247, 0.670863173992, 0.236910614815, 213.0966
0.722597827692, 0.438354604633, 0.000181172954539, 0.52658924344, 0.663926786679, 0.421118079803, 0.485175797048, 0.334073126092, 0.86536019052, 0.701435984878, 0.2044630183, 213.0966
0.979595744553, 0.412958140984, 0.0792319368353, 0.780037477322, 0.538581022989, 0.876762026016, 0.482185784209, 0.00778212028105, 0.296412647793, 0.574703280714, 0.183111375008, 213.0966
0.945752071017, 0.0355477260733, 0.130446923921, 0.835742155868, 0.676210267023, 0.741019606207, 0.580645920637, 0.929720277445, 0.891928215798, 0.159711117587, 0.0170978718188, 213.0966
0.734683584912, 0.357655574019, 0.0944902919849, 0.573449823689, 0.315721635486, 0.334944177788, 0.59825562922, 0.229457021108, 0.712837031247, 0.701435984878, 0.236910614815, 213.0966
0.979595744553, 0.34984588814, 0.0792319368353, 0.707759652322, 0.279385870617, 0.545471615915, 0.925508952783, 0.745186700624, 0.154310087574, 0.491906192881, 0.2044630183, 213.0966
0.517038287059, 0.224973792468, 0.288117946184, 0.896084422668, 0.740755191486, 0.876762026016, 0.746544208998, 0.343915848473, 0.777323585883, 0.366132206055, 0.319589911757, 213.0966
0.647805819951, 0.0522519742316, 0.0738328150302, 0.828259517819, 0.676210267023, 0.741019606207, 0.580645920637, 0.929720277445, 0.803193458919, 0.159711117587, 0.0996880625573, 213.0966
0.893812859352, 0.00720622864447, 0.235310099901, 0.713655433896, 0.663926786679, 0.17007864742, 0.9483784199, 0.944751574589, 0.712837031247, 0.800560977832, 0.411235004664, 213.0966
0.722597827692, 0.437442181604, 0.000181172954539, 0.843654318286, 0.995237321662, 0.421118079803, 0.211734217949, 0.929720277445, 0.93337396902, 0.701435984878, 0.183111375008, 213.0966
0.979595744553, 0.0522519742316, 0.130446923921, 0.835742155868, 0.538581022989, 0.876762026016, 0.886755427445, 0.894875416289, 0.296412647793, 0.574703280714, 0.2044630183, 213.0966
0.945752071017, 0.438354604633, 0.0792319368353, 0.52658924344, 0.676210267023, 0.284951924155, 0.395229581579, 0.745186700624, 0.222665307095, 0.159711117587, 0.209156384872, 213.0966
0.722597827692, 0.437442181604, 0.0944902919849, 0.52658924344, 0.663926786679, 0.276939537162, 0.466642564727, 0.224422614529, 0.86536019052, 0.701435984878, 0.183111375008, 213.0966
0.979595744553, 0.34984588814, 0.0792319368353, 0.896084422668, 0.292705950243, 0.545471615915, 0.925508952783, 0.745186700624, 0.154310087574, 0.574703280714, 0.402120623303, 213.0966
0.517038287059, 0.224973792468, 0.288117946184, 0.990971701911, 0.292309384267, 0.842410327998, 0.580645920637, 0.354738565038, 0.777323585883, 0.366132206055, 0.319589911757, 213.0966
0.945752071017, 0.0522519742316, 0.130446923921, 0.828259517819, 0.310395874812, 0.717444731667, 0.395229581579, 0.929720277445, 0.803193458919, 0.831767660197, 0.0663062425412, 213.0966
0.542044592169, 0.357655574019, 0.00203934380835, 0.743485553043, 0.934924152469, 0.0282892299477, 0.25476088523, 0.0808253770938, 0.383636276094, 0.971890729555, 0.209156384872, 213.0966
0.504776121012, 0.0806633544535, 0.35216263178, 0.726401966364, 0.315721635486, 0.284951924155, 0.723014302319, 0.229457021108, 0.712837031247, 0.670863173992, 0.260415165487, 213.0966
0.722597827692, 0.438354604633, 0.000181172954539, 0.780037477322, 0.663926786679, 0.421118079803, 0.485175797048, 0.811930332653, 0.86536019052, 0.701435984878, 0.183111375008, 213.0966
0.979595744553, 0.412958140984, 0.0792319368353, 0.52658924344, 0.538581022989, 0.876762026016, 0.925508952783, 0.224422614529, 0.296412647793, 0.302988953659, 0.2044630183, 213.0966
0.542044592169, 0.0355477260733, 0.130446923921, 0.835742155868, 0.701319796991, 0.741019606207, 0.580645920637, 0.929720277445, 0.904852031061, 0.159711117587, 0.0170978718188, 213.0966
0.945752071017, 0.0806633544535, 0.35216263178, 0.828259517819, 0.475022146116, 0.284951924155, 0.395229581579, 0.50342783127, 0.222665307095, 0.971890729555, 0.209156384872, 213.0966
0.734683584912, 0.357655574019, 0.0944902919849, 0.52658924344, 0.315721635486, 0.334944177788, 0.723014302319, 0.229457021108, 0.154310087574, 0.491906192881, 0.2044630183, 213.0966
0.667388814147, 0.335196978084, 0.0792319368353, 0.707759652322, 0.279385870617, 0.545471615915, 0.925508952783, 0.862338770786, 0.712837031247, 0.701435984878, 0.236910614815, 213.0966
0.517038287059, 0.224973792468, 0.288117946184, 0.896084422668, 0.740755191486, 0.876762026016, 0.148513206462, 0.354738565038, 0.777323585883, 0.366132206055, 0.319589911757, 213.0966
0.647805819951, 0.0522519742316, 0.0738328150302, 0.828259517819, 0.676210267023, 0.741019606207, 0.395229581579, 0.929720277445, 0.803193458919, 0.159711117587, 0.0996880625573, 213.0966
0.979707569329, 0.0806633544535, 0.35216263178, 0.726401966364, 0.315721635486, 0.334944177788, 0.723014302319, 0.229457021108, 0.712837031247, 0.670863173992, 0.236910614815, 213.0966
0.893812859352, 0.010121476789, 0.235310099901, 0.713655433896, 0.663926786679, 0.17007864742, 0.9483784199, 0.944751574589, 0.934940777401, 0.800560977832, 0.411235004664, 213.0966
0.722597827692, 0.437442181604, 0.000181172954539, 0.843654318286, 0.99531041113, 0.928794402071, 0.485175797048, 0.894875416289, 0.86536019052, 0.701435984878, 0.183111375008, 213.0966
0.979595744553, 0.0522519742316, 0.130446923921, 0.835742155868, 0.538581022989, 0.876762026016, 0.886755427445, 0.941929742983, 0.298320265884, 0.574703280714, 0.2044630183, 213.0966
0.945752071017, 0.281651322701, 0.0792319368353, 0.52658924344, 0.676210267023, 0.741019606207, 0.580645920637, 0.50342783127, 0.803193458919, 0.159711117587, 0.209156384872, 213.0966
0.542044592169, 0.357655574019, 0.35216263178, 0.837836320173, 0.858043033409, 0.284951924155, 0.395229581579, 0.745186700624, 0.893137130405, 0.74218490588, 0.0170978718188, 213.0966
0.734683584912, 0.0806633544535, 0.141268892645, 0.726401966364, 0.315721635486, 0.334944177788, 0.723014302319, 0.229457021108, 0.712837031247, 0.701435984878, 0.236910614815, 213.0966
0.722597827692, 0.437442181604, 0.0944902919849, 0.52658924344, 0.663926786679, 0.421118079803, 0.224291108718, 0.224422614529, 0.86536019052, 0.670863173992, 0.183111375008, 213.0966
0.979595744553, 0.34984588814, 0.0792319368353, 0.780037477322, 0.316969059425, 0.228454085864, 0.925508952783, 0.745186700624, 0.154310087574, 0.574703280714, 0.402120623303, 213.0966
0.517038287059, 0.224973792468, 0.288117946184, 0.896084422668, 0.292309384267, 0.842410327998, 0.580645920637, 0.354738565038, 0.777323585883, 0.366132206055, 0.319589911757, 213.0966
0.945752071017, 0.0522519742316, 0.130446923921, 0.828259517819, 0.310395874812, 0.717444731667, 0.395229581579, 0.929720277445, 0.803193458919, 0.238255292567, 0.0663062425412, 213.0966
0.510056629736, 0.129350229816, 0.365156054817, 0.563201523211, 0.881895291738, 0.0459679560268, 0.280632353618, 0.203466872471, 0.875478617327, 0.951695387809, 0.0996880625573, 213.0966
0.846185938355, 0.156425076697, 0.398862281295, 0.823654780625, 0.921942091528, 0.601886008328, 0.144133266132, 0.51602361806, 0.329394268264, 0.872547936849, 0.00875575839465, 213.0966
0.542044592169, 0.357655574019, 0.0926941716751, 0.743485553043, 0.934924152469, 0.165107213125, 0.25476088523, 0.0808253770938, 0.222665307095, 0.971890729555, 0.209156384872, 213.0966
0.734683584912, 0.0806633544535, 0.35216263178, 0.726401966364, 0.315721635486, 0.17007864742, 0.630885482027, 0.229457021108, 0.712837031247, 0.670863173992, 0.236910614815, 213.0966
