0.877265934204, 0.0806633544535, 0.0724240124526, 0.04435590421, 0.315721635486, 0.876762026016, 0.746544208998, 0.343915848473, 0.777323585883, 0.764295124307, 0.11224910285, 201.5466
0.542044592169, 0.357655574019, 0.00751327017356, 0.19590993836, 0.934924152469, 0.99313051944, 0.0104270410203, 0.0198987727075, 0.338249718264, 0.971890729555, 0.0482347826681, 201.5466
0.846185938355, 0.156425076697, 0.0194238172189, 0.389571056852, 0.0299130276969, 0.954409096815, 0.0783903989538, 0.0198987727075, 0.194727310926, 0.192591321522, 0.472306165243, 201.5466
0.705936892402, 0.224973792468, 0.232927366945, 0.21212370148, 0.740755191486, 0.421118079803, 0.736257449593, 0.0692093149703, 0.338249718264, 0.190982497008, 0.328972912522, 201.5466
0.843046128524, 0.0402103203381, 0.474713814512, 0.100700041198, 0.356828616901, 0.662627193915, 0.12261456508, 0.229457021108, 0.712837031247, 0.549925977719, 0.467724288867, 201.5466
0.831938874687, 0.156425076697, 0.0597936875049, 0.0485777938871, 0.278822723351, 0.951007398924, 0.12261456508, 0.723193531365, 0.732070783987, 0.872547936849, 0.0482347826681, 201.5466
0.883647062229, 0.379156418682, 0.0279220203281, 0.13390508309, 0.0537786718092, 0.102986878227, 0.107900695612, 0.228171050885, 0.378121045117, 0.822576175282, 0.472306165243, 201.5466
0.88472327263, 0.156425076697, 0.0787869627321, 0.32710660437, 0.356828616901, 0.462164309488, 0.107900695612, 0.516654216126, 0.14417763832, 0.872547936849, 0.324648856999, 201.5466
0.542044592169, 0.357655574019, 0.00751327017356, 0.19590993836, 0.972704477379, 0.99313051944, 0.0104270410203, 0.0198987727075, 0.338249718264, 0.971890729555, 0.0482347826681, 201.5466
0.982099188635, 0.372987707889, 0.296083893064, 0.152042499828, 0.0548926928662, 0.284951924155, 0.791366780732, 0.315695147397, 0.450603713648, 0.958873053857, 0.283980307731, 201.5466
0.96413653732, 0.0130602612075, 0.0629731154622, 0.0796492348296, 0.985968499079, 0.244987505796, 0.14353864703, 0.890597635543, 0.866823480572, 0.413110739103, 0.339663562986, 201.5466
0.846185938355, 0.379156418682, 0.161066190589, 0.128515862599, 0.482888787443, 0.383901876936, 0.107900695612, 0.228171050885, 0.125717497523, 0.822576175282, 0.121953934014, 201.5466
0.605979621579, 0.159121187598, 0.0724240124526, 0.04435590421, 0.946733398515, 0.954409096815, 0.144133266132, 0.189719977714, 0.194727310926, 0.00660674180048, 0.0279277325991, 201.5466
0.843046128524, 0.156425076697, 0.0194238172189, 0.277921500078, 0.0299130276969, 0.312654001724, 0.12261456508, 0.0198987727075, 0.329394268264, 0.192591321522, 0.472306165243, 201.5466
0.616661080661, 0.400323328041, 0.0597936875049, 0.30883200843, 0.278822723351, 0.651741874286, 0.0104270410203, 0.700425527896, 0.827416023811, 0.825822988085, 0.0205194252471, 201.5466
0.605979621579, 0.420669055294, 0.0724240124526, 0.21212370148, 0.621288584731, 0.312654001724, 0.101319326236, 0.0146369785759, 0.329394268264, 0.822576175282, 0.0641992783331, 201.5466
0.616661080661, 0.156425076697, 0.000922640081535, 0.088652452696, 0.0299130276969, 0.983515893464, 0.12261456508, 0.723193531365, 0.759716513705, 0.822576175282, 0.0482347826681, 201.5466
0.846185938355, 0.379156418682, 0.214710459958, 0.277921500078, 0.921942091528, 0.0074191257105, 0.524267995237, 0.626655665839, 0.265640492907, 0.872547936849, 0.0360501048323, 201.5466
0.794419152687, 0.420669055294, 0.0978648559473, 0.028773454444, 0.0294383170441, 0.963618288349, 0.0956254754337, 0.581282298525, 0.861610463993, 0.412058148528, 0.472306165243, 201.5466
0.542044592169, 0.493593527293, 0.141268892645, 0.3046836766, 0.973504978155, 0.284951924155, 0.00465557628861, 0.289644770475, 0.215202953016, 0.995254778487, 0.0482347826681, 201.5466
0.734683584912, 0.0806633544535, 0.467894554418, 0.285980493801, 0.284087358031, 0.421118079803, 0.723014302319, 0.229457021108, 0.454380409721, 0.485825104529, 0.236910614815, 201.5466
0.605979621579, 0.356981657461, 0.0724240124526, 0.289069718702, 0.482888787443, 0.0704699537053, 0.107900695612, 0.742381270952, 0.178635786899, 0.199837077409, 0.39783837421, 201.5466
0.846185938355, 0.420194939867, 0.474713814512, 0.0639023635093, 0.0299130276969, 0.954409096815, 0.0777804355241, 0.700425527896, 0.329394268264, 0.192591321522, 0.0360501048323, 201.5466
0.616661080661, 0.420669055294, 0.0597936875049, 0.21212370148, 0.356828616901, 0.662627193915, 0.0104270410203, 0.0198987727075, 0.827416023811, 0.149271438165, 0.0318950153179, 201.5466
0.605979621579, 0.379156418682, 0.0724240124526, 0.195845330822, 0.278822723351, 0.312654001724, 0.0296996473328, 0.0382906326567, 0.908859279112, 0.848698279454, 0.324648856999, 201.5466
0.846185938355, 0.156425076697, 0.299449016444, 0.30883200843, 0.921942091528, 0.826419358946, 0.107900695612, 0.996885335669, 0.329394268264, 0.980283403286, 0.0360501048323, 201.5466
0.698211143856, 0.159121187598, 0.0597936875049, 0.0639023635093, 0.356828616901, 0.951007398924, 0.0833651376506, 0.626655665839, 0.378121045117, 0.269211701827, 0.183535819203, 201.5466
0.616661080661, 0.156425076697, 0.0577751911426, 0.277921500078, 0.00307070957206, 0.964889654961, 0.256777885613, 0.439865365837, 0.258298434499, 0.242304385607, 0.472306165243, 201.5466
0.972893036827, 0.420669055294, 0.0629731154622, 0.0796492348296, 0.0443909302272, 0.284951924155, 0.0104270410203, 0.0198987727075, 0.606378804718, 0.971890729555, 0.0482347826681, 201.5466
0.96413653732, 0.167614808179, 0.141268892645, 0.152042499828, 0.985968499079, 0.729001197361, 0.779663919608, 0.392431042936, 0.329394268264, 0.315272976836, 0.422927851782, 201.5466
0.890790275587, 0.379156418682, 0.0724240124526, 0.257832341689, 0.980214672884, 0.383901876936, 0.107900695612, 0.0198987727075, 0.55798599999, 0.822576175282, 0.0461329155299, 201.5466
0.846185938355, 0.129608514919, 0.0659711024531, 0.277921500078, 0.482888787443, 0.312654001724, 0.135049815853, 0.228171050885, 0.293646026188, 0.192591321522, 0.0360501048323, 201.5466
0.843046128524, 0.156425076697, 0.0194238172189, 0.04435590421, 0.356828616901, 0.954409096815, 0.12261456508, 0.51602361806, 0.338249718264, 0.149271438165, 0.0318950153179, 201.5466
0.969659414074, 0.115152714306, 0.308697007491, 0.0252059055108, 0.647797655632, 0.651741874286, 0.297223336123, 0.700425527896, 0.829347194025, 0.41568184491, 0.324648856999, 201.5466
0.575051021177, 0.00905498513782, 0.258838251214, 0.328589486912, 0.356828616901, 0.954409096815, 0.144133266132, 0.464409569163, 0.102716772836, 0.686521037179, 0.12703842931, 201.5466
0.936211884606, 0.379156418682, 0.0787869627321, 0.028773454444, 0.486802153288, 0.193345733546, 0.0956254754337, 0.0198987727075, 0.436040383014, 0.720235965388, 0.00168531637143, 201.5466
0.699089409849, 0.0806633544535, 0.00850036950153, 0.0796492348296, 0.284087358031, 0.0191823173825, 0.279576819736, 0.448212521401, 0.839421965361, 0.485825104529, 0.0711752785397, 201.5466
0.605979621579, 0.0124157679551, 0.0724240124526, 0.30883200843, 0.482888787443, 0.954409096815, 0.101980140723, 0.51602361806, 0.476144127447, 0.549925977719, 0.146880267363, 201.5466
0.885839199693, 0.0796124898322, 0.0597936875049, 0.21212370148, 0.356828616901, 0.161875518762, 0.12261456508, 0.241710185846, 0.338249718264, 0.822576175282, 0.467724288867, 201.5466
0.532364406328, 0.420669055294, 0.474713814512, 0.0730089734182, 0.0299130276969, 0.662627193915, 0.0104270410203, 0.0382906326567, 0.827416023811, 0.149271438165, 0.0318950153179, 201.5466
0.616661080661, 0.379156418682, 0.0724240124526, 0.30883200843, 0.0156523575507, 0.791495705382, 0.465996657583, 0.700425527896, 0.908859279112, 0.822725988013, 0.324648856999, 201.5466
0.846185938355, 0.433946306938, 0.497283381059, 0.277921500078, 0.921942091528, 0.826419358946, 0.107900695612, 0.338240476112, 0.329394268264, 0.895135381424, 0.0360501048323, 201.5466
0.858250755186, 0.159121187598, 0.161066190589, 0.0639023635093, 0.356828616901, 0.462164309488, 0.107900695612, 0.544122662696, 0.744327282092, 0.269211701827, 0.0482347826681, 201.5466
0.616661080661, 0.156425076697, 0.242249668785, 0.0639023635093, 0.699590541021, 0.970887563495, 0.12261456508, 0.375179690539, 0.338249718264, 0.0301934069657, 0.472306165243, 201.5466
0.542044592169, 0.372987707889, 0.00751327017356, 0.152042499828, 0.0443909302272, 0.284951924155, 0.00711553629333, 0.0198987727075, 0.739099305955, 0.971890729555, 0.0482347826681, 201.5466
0.972893036827, 0.357655574019, 0.494780061193, 0.19590993836, 0.934924152469, 0.278662151996, 0.107900695612, 0.265810096082, 0.333915154744, 0.390385859278, 0.283980307731, 201.5466
0.605979621579, 0.379156418682, 0.236570810451, 0.30883200843, 0.482888787443, 0.205130379223, 0.779663919608, 0.228171050885, 0.754072218486, 0.822576175282, 0.216820765848, 201.5466
0.849281353074, 0.0169685215598, 0.0194238172189, 0.04435590421, 0.946733398515, 0.954409096815, 0.144133266132, 0.0198987727075, 0.0322979224012, 0.192591321522, 0.472306165243, 201.5466
0.616661080661, 0.379156418682, 0.0597936875049, 0.21212370148, 0.356828616901, 0.651741874286, 0.140133985288, 0.700425527896, 0.520862393814, 0.549925977719, 0.000149266106332, 201.5466
0.605979621579, 0.420669055294, 0.0429037347195, 0.30883200843, 0.278822723351, 0.312654001724, 0.0104270410203, 0.0382906326567, 0.329394268264, 0.89826727915, 0.0424693238798, 201.5466
0.616661080661, 0.159121187598, 0.0422324527471, 0.21212370148, 0.356828616901, 0.951007398924, 0.12261456508, 0.723193531365, 0.338249718264, 0.822576175282, 0.0482347826681, 201.5466
0.554080442195, 0.379156418682, 0.308697007491, 0.277921500078, 0.0203012359397, 0.954409096815, 0.524267995237, 0.0491760669742, 0.338249718264, 0.650063435282, 0.00790743202317, 201.5466
0.846185938355, 0.323017454935, 0.124871287058, 0.0639023635093, 0.387174207595, 0.342155808591, 0.00474527568263, 0.724962865772, 0.292651331498, 0.872547936849, 0.0360501048323, 201.5466
0.970233680476, 0.420669055294, 0.0599253753931, 0.00683910358337, 0.560008089324, 0.954409096815, 0.26948099319, 0.581282298525, 0.289922790953, 0.412058148528, 0.0482347826681, 201.5466
0.705936892402, 0.372987707889, 0.00194219530329, 0.174546070462, 0.284087358031, 0.5639300378, 0.279576819736, 0.647264883247, 0.839421965361, 0.485825104529, 0.422927851782, 201.5466
0.605979621579, 0.379156418682, 0.0629731154622, 0.359427361542, 0.158367281753, 0.244987505796, 0.00550304374459, 0.383980147881, 0.293646026188, 0.199837077409, 0.298218238376, 201.5466
0.846185938355, 0.02708008779, 0.107386538477, 0.0639023635093, 0.921942091528, 0.541747150163, 0.144133266132, 0.424317935506, 0.329394268264, 0.168463298925, 0.0360501048323, 201.5466
0.812566483989, 0.159121187598, 0.474713814512, 0.313238969006, 0.356828616901, 0.954409096815, 0.12261456508, 0.700425527896, 0.338249718264, 0.487062187049, 0.467724288867, 201.5466
0.598957829129, 0.420669055294, 0.0301914721004, 0.21212370148, 0.356828616901, 0.662627193915, 0.144133266132, 0.0198987727075, 0.827416023811, 0.149271438165, 0.0318950153179, 201.5466
0.698211143856, 0.159121187598, 0.0454766225593, 0.0639023635093, 0.0299130276969, 0.951007398924, 0.196149520533, 0.482882872075, 0.329394268264, 0.269211701827, 0.0482347826681, 201.5466
0.692202388854, 0.379156418682, 0.0190929322363, 0.277921500078, 0.00701336292394, 0.117785652226, 0.107900695612, 0.445124367388, 0.329394268264, 0.872547936849, 0.472306165243, 201.5466
0.542044592169, 0.342121717884, 0.267270801439, 0.0639023635093, 0.0443909302272, 0.964889654961, 0.0104270410203, 0.0453089099977, 0.338249718264, 0.0271613853331, 0.275625798257, 201.5466
0.843046128524, 0.357655574019, 0.141268892645, 0.152042499828, 0.921942091528, 0.284951924155, 0.12261456508, 0.0198987727075, 0.205281095619, 0.971890729555, 0.0482347826681, 201.5466
0.96413653732, 0.167614808179, 0.0629731154622, 0.0796492348296, 0.985968499079, 0.115703911743, 0.32822042876, 0.157406194932, 0.796872724213, 0.315272976836, 0.359090791042, 201.5466
0.741741621899, 0.379156418682, 0.0724240124526, 0.257832341689, 0.946733398515, 0.383901876936, 0.107900695612, 0.228171050885, 0.246218467211, 0.822576175282, 0.216820765848, 201.5466
0.886185231943, 0.159121187598, 0.0659711024531, 0.0692662630451, 0.482888787443, 0.386746368593, 0.12261456508, 0.51602361806, 0.329394268264, 0.110076411523, 0.0360501048323, 201.5466
0.9519838659, 0.379156418682, 0.0597936875049, 0.0306273673666, 0.0299130276969, 0.721187271049, 0.168308109015, 0.700425527896, 0.827416023811, 0.777771539367, 0.472306165243, 201.5466
0.739257853723, 0.420669055294, 0.0724240124526, 0.21212370148, 0.278822723351, 0.0879834849806, 0.783207947104, 0.0382906326567, 0.232593622775, 0.837011417901, 0.159308043576, 201.5466
0.969659414074, 0.159121187598, 0.308697007491, 0.0252059055108, 0.0299130276969, 0.954409096815, 0.00815371446983, 0.0062118076117, 0.739999100471, 0.0739753394475, 0.00790743202317, 201.5466
0.575051021177, 0.156425076697, 0.0787869627321, 0.277921500078, 0.751195612236, 0.651741874286, 0.0021305279527, 0.91985534472, 0.102716772836, 0.412058148528, 0.324648856999, 201.5466
0.846185938355, 0.379156418682, 0.258838251214, 0.21212370148, 0.921942091528, 0.193345733546, 0.144133266132, 0.626655665839, 0.292651331498, 0.686521037179, 0.0360501048323, 201.5466
0.794419152687, 0.420669055294, 0.161066190589, 0.028773454444, 0.486802153288, 0.954409096815, 0.244062638988, 0.289644770475, 0.265843691334, 0.872547936849, 0.24690492181, 201.5466
0.734683584912, 0.372987707889, 0.0629731154622, 0.0796492348296, 0.284087358031, 0.677929911848, 0.0956254754337, 0.647264883247, 0.839421965361, 0.485825104529, 0.422927851782, 201.5466
0.705936892402, 0.0806633544535, 0.232927366945, 0.389571056852, 0.688638294143, 0.421118079803, 0.746544208998, 0.229457021108, 0.712837031247, 0.190982497008, 0.236910614815, 201.5466
0.517038287059, 0.224973792468, 0.0724240124526, 0.100700041198, 0.740755191486, 0.889466258043, 0.723014302319, 0.0878735162776, 0.777323585883, 0.366132206055, 0.11224910285, 201.5466
0.843046128524, 0.159121187598, 0.474713814512, 0.390808560908, 0.356828616901, 0.662627193915, 0.12261456508, 0.118800549927, 0.338249718264, 0.549925977719, 0.467724288867, 201.5466
0.532364406328, 0.379156418682, 0.0724240124526, 0.366624887242, 0.278822723351, 0.245260726005, 0.234861498786, 0.0382906326567, 0.99904126698, 0.291224448282, 0.324648856999, 201.5466
0.848331143153, 0.156425076697, 0.161066190589, 0.277921500078, 0.921942091528, 0.875442872586, 0.107900695612, 0.338240476112, 0.329394268264, 0.872547936849, 0.0482347826681, 201.5466
0.6420792454, 0.159121187598, 0.0597936875049, 0.0639023635093, 0.278822723351, 0.951007398924, 0.12261456508, 0.723193531365, 0.732070783987, 0.152791795927, 0.0360501048323, 201.5466
0.850338489084, 0.379156418682, 0.0787869627321, 0.30883200843, 0.356828616901, 0.462164309488, 0.107900695612, 0.228171050885, 0.378121045117, 0.822576175282, 0.324648856999, 201.5466
0.879468012594, 0.156425076697, 0.0279220203281, 0.32710660437, 0.0537786718092, 0.102986878227, 0.207046699976, 0.71965125404, 0.329394268264, 0.872547936849, 0.472306165243, 201.5466
0.96413653732, 0.167614808179, 0.0724240124526, 0.0796492348296, 0.985968499079, 0.244987505796, 0.14353864703, 0.890597635543, 0.839421965361, 0.958873053857, 0.422927851782, 201.5466
0.843046128524, 0.159121187598, 0.161066190589, 0.277921500078, 0.735930868641, 0.332148242526, 0.144133266132, 0.51602361806, 0.329394268264, 0.00660674180048, 0.0336938834731, 201.5466
0.846185938355, 0.0806633544535, 0.0194238172189, 0.04435590421, 0.0299130276969, 0.954409096815, 0.0783903989538, 0.0198987727075, 0.777323585883, 0.192591321522, 0.472306165243, 201.5466
0.877265934204, 0.156425076697, 0.0724240124526, 0.389571056852, 0.315721635486, 0.876762026016, 0.746544208998, 0.343915848473, 0.194727310926, 0.764295124307, 0.11224910285, 201.5466
0.705936892402, 0.224973792468, 0.232927366945, 0.100700041198, 0.18021097404, 0.421118079803, 0.736257449593, 0.492266787398, 0.712837031247, 0.190982497008, 0.236910614815, 201.5466
0.843046128524, 0.0402103203381, 0.474713814512, 0.21212370148, 0.927351503888, 0.662627193915, 0.12261456508, 0.0198987727075, 0.338249718264, 0.549925977719, 0.467724288867, 201.5466
0.824788352263, 0.159121187598, 0.286306129184, 0.277921500078, 0.921942091528, 0.875442872586, 0.107900695612, 0.338240476112, 0.69344595996, 0.437826957908, 0.0360501048323, 201.5466
0.6420792454, 0.156425076697, 0.0597936875049, 0.0485777938871, 0.278822723351, 0.951007398924, 0.107900695612, 0.723193531365, 0.732070783987, 0.872547936849, 0.0482347826681, 201.5466
0.883647062229, 0.379156418682, 0.0279220203281, 0.13390508309, 0.0537786718092, 0.102986878227, 0.12261456508, 0.228171050885, 0.378121045117, 0.822576175282, 0.472306165243, 201.5466
0.88472327263, 0.156425076697, 0.0180327520166, 0.32710660437, 0.356828616901, 0.462164309488, 0.107900695612, 0.516654216126, 0.329394268264, 0.872547936849, 0.324648856999, 201.5466
0.542044592169, 0.357655574019, 0.00751327017356, 0.19590993836, 0.934924152469, 0.99313051944, 0.0104270410203, 0.0198987727075, 0.338249718264, 0.971890729555, 0.0482347826681, 201.5466
0.877265934204, 0.0806633544535, 0.0724240124526, 0.04435590421, 0.315721635486, 0.876762026016, 0.746544208998, 0.343915848473, 0.777323585883, 0.764295124307, 0.11224910285, 201.5466
0.846185938355, 0.156425076697, 0.0194238172189, 0.389571056852, 0.0299130276969, 0.954409096815, 0.0783903989538, 0.0198987727075, 0.194727310926, 0.192591321522, 0.472306165243, 201.5466
0.705936892402, 0.224973792468, 0.232927366945, 0.21212370148, 0.740755191486, 0.421118079803, 0.736257449593, 0.0692093149703, 0.338249718264, 0.190982497008, 0.328972912522, 201.5466
0.843046128524, 0.0402103203381, 0.474713814512, 0.100700041198, 0.356828616901, 0.662627193915, 0.12261456508, 0.229457021108, 0.712837031247, 0.549925977719, 0.467724288867, 201.5466
0.831938874687, 0.156425076697, 0.0597936875049, 0.0485777938871, 0.278822723351, 0.951007398924, 0.12261456508, 0.723193531365, 0.732070783987, 0.872547936849, 0.0482347826681, 201.5466
0.883647062229, 0.379156418682, 0.0279220203281, 0.13390508309, 0.0537786718092, 0.102986878227, 0.107900695612, 0.228171050885, 0.378121045117, 0.822576175282, 0.472306165243, 201.5466
0.88472327263, 0.156425076697, 0.0787869627321, 0.32710660437, 0.356828616901, 0.462164309488, 0.107900695612, 0.516654216126, 0.14417763832, 0.872547936849, 0.324648856999, 201.5466
0.542044592169, 0.357655574019, 0.00751327017356, 0.19590993836, 0.972704477379, 0.99313051944, 0.0104270410203, 0.0198987727075, 0.338249718264, 0.971890729555, 0.0482347826681, 201.5466
