0.354153840104, 0.956196083032, 0.791396042729, 0.292325827755, 0.724046259752, 0.851974765808, 0.110007832333, 0.920766806165, 0.871504796804, 0.0736684627608, 0.357715132761, 0.121315275119, 0.0129140825059, 0.684245281068, 0.0464510062092, 0.126982621406, 0.753260818908, 0.422382156278, 0.3625
0.354153840104, 0.956196083032, 0.715295380663, 0.956190518343, 0.724046259752, 0.851974765808, 0.110007832333, 0.920766806165, 0.871504796804, 0.120788619578, 0.357715132761, 0.121315275119, 0.0129140825059, 0.751777421686, 0.0464510062092, 0.126982621406, 0.967313749383, 0.422382156278, 0.3625
0.354153840104, 0.956196083032, 0.715295380663, 0.480680587579, 0.724046259752, 0.851974765808, 0.110007832333, 0.992906047977, 0.871504796804, 0.120788619578, 0.357715132761, 0.121315275119, 0.0125863602853, 0.684245281068, 0.0464510062092, 0.126982621406, 0.753260818908, 0.422382156278, 0.3625
0.354153840104, 0.956196083032, 0.791396042729, 0.956190518343, 0.753498169269, 0.851974765808, 0.429151102075, 0.920766806165, 0.871504796804, 0.0736684627608, 0.357715132761, 0.121315275119, 0.0129140825059, 0.684245281068, 0.0611483538518, 0.126982621406, 0.753260818908, 0.422382156278, 0.3625
0.354153840104, 0.956196083032, 0.715295380663, 0.292325827755, 0.724046259752, 0.851974765808, 0.110007832333, 0.920766806165, 0.871504796804, 0.120788619578, 0.357715132761, 0.121315275119, 0.0129140825059, 0.684245281068, 0.0464510062092, 0.126982621406, 0.967313749383, 0.422382156278, 0.3625
0.354153840104, 0.956196083032, 0.791396042729, 0.292325827755, 0.724046259752, 0.851974765808, 0.110007832333, 0.920766806165, 0.871504796804, 0.0736684627608, 0.357715132761, 0.121315275119, 0.0129140825059, 0.684245281068, 0.0464510062092, 0.126982621406, 0.753260818908, 0.422382156278, 0.3625
0.354153840104, 0.956196083032, 0.715295380663, 0.956190518343, 0.724046259752, 0.851974765808, 0.110007832333, 0.920766806165, 0.871504796804, 0.120788619578, 0.357715132761, 0.121315275119, 0.0129140825059, 0.751777421686, 0.0464510062092, 0.126982621406, 0.967313749383, 0.422382156278, 0.3625
0.354153840104, 0.956196083032, 0.715295380663, 0.480680587579, 0.724046259752, 0.851974765808, 0.110007832333, 0.992906047977, 0.871504796804, 0.120788619578, 0.357715132761, 0.121315275119, 0.0125863602853, 0.684245281068, 0.0464510062092, 0.126982621406, 0.753260818908, 0.422382156278, 0.3625
0.354153840104, 0.956196083032, 0.791396042729, 0.956190518343, 0.753498169269, 0.851974765808, 0.429151102075, 0.920766806165, 0.871504796804, 0.0736684627608, 0.357715132761, 0.121315275119, 0.0129140825059, 0.684245281068, 0.0611483538518, 0.126982621406, 0.753260818908, 0.422382156278, 0.3625
0.354153840104, 0.956196083032, 0.715295380663, 0.292325827755, 0.724046259752, 0.851974765808, 0.110007832333, 0.920766806165, 0.871504796804, 0.120788619578, 0.357715132761, 0.121315275119, 0.0129140825059, 0.684245281068, 0.0464510062092, 0.126982621406, 0.967313749383, 0.422382156278, 0.3625
0.0203744607654, 0.00637767663687, 0.347168612236, 0.933126654199, 0.341338516296, 0.956954296919, 0.74385166829, 0.672475400603, 0.0605478722624, 0.116917059374, 0.828852425883, 0.0967590532278, 0.00597885168781, 0.914872932321, 0.0430121890432, 0.596542981198, 0.0682554808402, 0.0401167839354, 0.4676
0.263296909074, 0.029008264561, 0.0661716212292, 0.960606559352, 0.373694060936, 0.867796932709, 0.965284988404, 0.519224663801, 0.442937933405, 0.402937551608, 0.828852425883, 0.430723200775, 0.0736196090742, 0.914872932321, 0.0409453495069, 0.644391368019, 0.0466466054001, 0.0608725978968, 0.4676
0.355365314051, 0.029008264561, 0.089324406661, 0.113958337744, 0.584542603852, 0.956954296919, 0.675808910099, 0.519224663801, 0.0954119477097, 0.0730146218166, 0.915591744699, 0.430723200775, 0.0587339468048, 0.914872932321, 0.0430121890432, 0.596542981198, 0.0682554808402, 0.0297380303738, 0.4676
0.263296909074, 0.00637767663687, 0.479901097659, 0.843718394917, 0.341338516296, 0.786464839373, 0.74385166829, 0.672475400603, 0.0605478722624, 0.116917059374, 0.922386289252, 0.302882780578, 0.00597885168781, 0.914872932321, 0.119937627053, 0.834550658882, 0.0682554808402, 0.0944031329335, 0.4676
0.0112441540535, 0.367804954361, 0.376970242773, 0.164180740728, 0.675115398383, 0.608263972395, 0.506854488424, 0.671985439284, 0.0568431464312, 0.0884342097986, 0.698156391157, 0.283415883847, 0.497012846264, 0.81012108181, 0.188429258304, 0.649290242869, 0.137829860655, 0.0617418842339, 0.4676
0.451528927649, 0.0371020352773, 0.089324406661, 0.960606559352, 0.373694060936, 0.956954296919, 0.675808910099, 0.519224663801, 0.442937933405, 0.287906878684, 0.828852425883, 0.302882780578, 0.0736196090742, 0.914872932321, 0.126707810203, 0.553164421267, 0.0682554808402, 0.0608725978968, 0.4676
0.355365314051, 0.3013812253, 0.42624022404, 0.310706102712, 0.0560272973427, 0.530772193812, 0.578447784299, 0.833974995819, 0.0954119477097, 0.991526817185, 0.321849571652, 0.000290335973352, 0.120260541003, 0.852105221652, 0.564121211383, 0.148068672642, 0.0682554808402, 0.0896005553847, 0.4676
0.263296909074, 0.029008264561, 0.089324406661, 0.528372644006, 0.373694060936, 0.844675424096, 0.675808910099, 0.519224663801, 0.232900508764, 0.49826341405, 0.958483134646, 0.430723200775, 0.0587339468048, 0.758892683877, 0.0430121890432, 0.596542981198, 0.0682554808402, 0.0944031329335, 0.4676
0.263296909074, 0.367804954361, 0.0661716212292, 0.836330088024, 0.553973512813, 0.767847763767, 0.675808910099, 0.672475400603, 0.259699977283, 0.235917846485, 0.828852425883, 0.430723200775, 0.0736196090742, 0.914872932321, 0.444701327831, 0.637216587442, 0.0682554808402, 0.0608725978968, 0.4676
0.0112441540535, 0.029008264561, 0.0138866292772, 0.960606559352, 0.373694060936, 0.867796932709, 0.506854488424, 0.519224663801, 0.442937933405, 0.287906878684, 0.648343636662, 0.430723200775, 0.43443429319, 0.914872932321, 0.126707810203, 0.859031063081, 0.0682554808402, 0.0608725978968, 0.4676
0.355365314051, 0.029008264561, 0.0484375244233, 0.164180740728, 0.584542603852, 0.956954296919, 0.675808910099, 0.519224663801, 0.35712839144, 0.0730146218166, 0.881227809649, 0.328016089288, 0.0587339468048, 0.914872932321, 0.0430121890432, 0.596542981198, 0.0593625723791, 0.0944031329335, 0.4676
0.263296909074, 0.25159508929, 0.089324406661, 0.00070227902386, 0.373694060936, 0.91874859297, 0.675808910099, 0.519224663801, 0.0954119477097, 0.248305920573, 0.752965191603, 0.430723200775, 0.0736196090742, 0.914872932321, 0.0981623317761, 0.596542981198, 0.286890605958, 0.0608725978968, 0.4676
0.355365314051, 0.029008264561, 0.089324406661, 0.947548103932, 0.553973512813, 0.786464839373, 0.675808910099, 0.519224663801, 0.0954119477097, 0.49826341405, 0.915591744699, 0.430723200775, 0.0587339468048, 0.914872932321, 0.126707810203, 0.596542981198, 0.0682554808402, 0.0944031329335, 0.4676
0.0156203529607, 0.00637767663687, 0.347168612236, 0.843718394917, 0.341338516296, 0.867625303479, 0.74385166829, 0.519224663801, 0.0605478722624, 0.116917059374, 0.828852425883, 0.0967590532278, 0.00597885168781, 0.5393967051, 0.0430121890432, 0.596542981198, 0.0682554808402, 0.0401167839354, 0.4676
0.263296909074, 0.436376654427, 0.0661716212292, 0.960606559352, 0.373694060936, 0.957728024593, 0.965284988404, 0.519224663801, 0.442937933405, 0.385137906453, 0.828852425883, 0.430723200775, 0.0736196090742, 0.914872932321, 0.126707810203, 0.644391368019, 0.0466466054001, 0.0608725978968, 0.4676
0.355365314051, 0.342221734569, 0.089324406661, 0.113958337744, 0.584542603852, 0.956954296919, 0.675808910099, 0.519224663801, 0.0954119477097, 0.0730146218166, 0.915591744699, 0.430723200775, 0.0587339468048, 0.914872932321, 0.0430121890432, 0.596542981198, 0.401806470106, 0.0944031329335, 0.4676
0.263296909074, 0.3013812253, 0.42624022404, 0.0871190340514, 0.237099056484, 0.651869103021, 0.578447784299, 0.833974995819, 0.0954119477097, 0.998004140384, 0.202982832014, 0.000290335973352, 0.120260541003, 0.852105221652, 0.564121211383, 0.148068672642, 0.0682554808402, 0.0896005553847, 0.4676
0.355365314051, 0.029008264561, 0.089324406661, 0.843718394917, 0.373694060936, 0.844675424096, 0.675808910099, 0.519224663801, 0.232900508764, 0.49826341405, 0.958483134646, 0.430723200775, 0.00789752314497, 0.914872932321, 0.0430121890432, 0.596542981198, 0.0682554808402, 0.0944031329335, 0.4676
0.0203744607654, 0.00637767663687, 0.347168612236, 0.528372644006, 0.341338516296, 0.956954296919, 0.74385166829, 0.534599255718, 0.0954119477097, 0.116917059374, 0.828852425883, 0.302882780578, 0.00597885168781, 0.946706265199, 0.126707810203, 0.596542981198, 0.0682554808402, 0.0124082458097, 0.4676
0.0112441540535, 0.029008264561, 0.0138866292772, 0.960606559352, 0.373694060936, 0.867796932709, 0.675808910099, 0.672475400603, 0.442937933405, 0.179045622305, 0.999251401528, 0.430723200775, 0.0736196090742, 0.914872932321, 0.126707810203, 0.859031063081, 0.0682554808402, 0.0138079086027, 0.4676
0.263296909074, 0.25159508929, 0.089324406661, 0.947548103932, 0.553973512813, 0.91874859297, 0.675808910099, 0.519224663801, 0.0954119477097, 0.235917846485, 0.752965191603, 0.430723200775, 0.0736196090742, 0.914872932321, 0.126707810203, 0.649290242869, 0.137829860655, 0.0608725978968, 0.4676
0.0203744607654, 0.00637767663687, 0.347168612236, 0.933126654199, 0.341338516296, 0.956954296919, 0.74385166829, 0.672475400603, 0.0605478722624, 0.116917059374, 0.828852425883, 0.0967590532278, 0.00597885168781, 0.914872932321, 0.0430121890432, 0.596542981198, 0.0682554808402, 0.0401167839354, 0.4676
0.263296909074, 0.029008264561, 0.0661716212292, 0.960606559352, 0.373694060936, 0.867796932709, 0.965284988404, 0.519224663801, 0.442937933405, 0.402937551608, 0.828852425883, 0.430723200775, 0.0736196090742, 0.914872932321, 0.0409453495069, 0.644391368019, 0.0466466054001, 0.0608725978968, 0.4676
0.355365314051, 0.029008264561, 0.089324406661, 0.113958337744, 0.584542603852, 0.956954296919, 0.675808910099, 0.519224663801, 0.0954119477097, 0.0730146218166, 0.915591744699, 0.430723200775, 0.0587339468048, 0.914872932321, 0.0430121890432, 0.596542981198, 0.0682554808402, 0.0297380303738, 0.4676
0.263296909074, 0.00637767663687, 0.479901097659, 0.843718394917, 0.341338516296, 0.786464839373, 0.74385166829, 0.672475400603, 0.0605478722624, 0.116917059374, 0.922386289252, 0.302882780578, 0.00597885168781, 0.914872932321, 0.119937627053, 0.834550658882, 0.0682554808402, 0.0944031329335, 0.4676
0.0112441540535, 0.367804954361, 0.376970242773, 0.164180740728, 0.675115398383, 0.608263972395, 0.506854488424, 0.671985439284, 0.0568431464312, 0.0884342097986, 0.698156391157, 0.283415883847, 0.497012846264, 0.81012108181, 0.188429258304, 0.649290242869, 0.137829860655, 0.0617418842339, 0.4676
0.451528927649, 0.0371020352773, 0.089324406661, 0.960606559352, 0.373694060936, 0.956954296919, 0.675808910099, 0.519224663801, 0.442937933405, 0.287906878684, 0.828852425883, 0.302882780578, 0.0736196090742, 0.914872932321, 0.126707810203, 0.553164421267, 0.0682554808402, 0.0608725978968, 0.4676
0.355365314051, 0.3013812253, 0.42624022404, 0.310706102712, 0.0560272973427, 0.530772193812, 0.578447784299, 0.833974995819, 0.0954119477097, 0.991526817185, 0.321849571652, 0.000290335973352, 0.120260541003, 0.852105221652, 0.564121211383, 0.148068672642, 0.0682554808402, 0.0896005553847, 0.4676
0.263296909074, 0.029008264561, 0.089324406661, 0.528372644006, 0.373694060936, 0.844675424096, 0.675808910099, 0.519224663801, 0.232900508764, 0.49826341405, 0.958483134646, 0.430723200775, 0.0587339468048, 0.758892683877, 0.0430121890432, 0.596542981198, 0.0682554808402, 0.0944031329335, 0.4676
0.263296909074, 0.367804954361, 0.0661716212292, 0.836330088024, 0.553973512813, 0.767847763767, 0.675808910099, 0.672475400603, 0.259699977283, 0.235917846485, 0.828852425883, 0.430723200775, 0.0736196090742, 0.914872932321, 0.444701327831, 0.637216587442, 0.0682554808402, 0.0608725978968, 0.4676
0.0112441540535, 0.029008264561, 0.0138866292772, 0.960606559352, 0.373694060936, 0.867796932709, 0.506854488424, 0.519224663801, 0.442937933405, 0.287906878684, 0.648343636662, 0.430723200775, 0.43443429319, 0.914872932321, 0.126707810203, 0.859031063081, 0.0682554808402, 0.0608725978968, 0.4676
0.355365314051, 0.029008264561, 0.0484375244233, 0.164180740728, 0.584542603852, 0.956954296919, 0.675808910099, 0.519224663801, 0.35712839144, 0.0730146218166, 0.881227809649, 0.328016089288, 0.0587339468048, 0.914872932321, 0.0430121890432, 0.596542981198, 0.0593625723791, 0.0944031329335, 0.4676
0.263296909074, 0.25159508929, 0.089324406661, 0.00070227902386, 0.373694060936, 0.91874859297, 0.675808910099, 0.519224663801, 0.0954119477097, 0.248305920573, 0.752965191603, 0.430723200775, 0.0736196090742, 0.914872932321, 0.0981623317761, 0.596542981198, 0.286890605958, 0.0608725978968, 0.4676
0.355365314051, 0.029008264561, 0.089324406661, 0.947548103932, 0.553973512813, 0.786464839373, 0.675808910099, 0.519224663801, 0.0954119477097, 0.49826341405, 0.915591744699, 0.430723200775, 0.0587339468048, 0.914872932321, 0.126707810203, 0.596542981198, 0.0682554808402, 0.0944031329335, 0.4676
0.0156203529607, 0.00637767663687, 0.347168612236, 0.843718394917, 0.341338516296, 0.867625303479, 0.74385166829, 0.519224663801, 0.0605478722624, 0.116917059374, 0.828852425883, 0.0967590532278, 0.00597885168781, 0.5393967051, 0.0430121890432, 0.596542981198, 0.0682554808402, 0.0401167839354, 0.4676
0.263296909074, 0.436376654427, 0.0661716212292, 0.960606559352, 0.373694060936, 0.957728024593, 0.965284988404, 0.519224663801, 0.442937933405, 0.385137906453, 0.828852425883, 0.430723200775, 0.0736196090742, 0.914872932321, 0.126707810203, 0.644391368019, 0.0466466054001, 0.0608725978968, 0.4676
0.355365314051, 0.342221734569, 0.089324406661, 0.113958337744, 0.584542603852, 0.956954296919, 0.675808910099, 0.519224663801, 0.0954119477097, 0.0730146218166, 0.915591744699, 0.430723200775, 0.0587339468048, 0.914872932321, 0.0430121890432, 0.596542981198, 0.401806470106, 0.0944031329335, 0.4676
0.263296909074, 0.3013812253, 0.42624022404, 0.0871190340514, 0.237099056484, 0.651869103021, 0.578447784299, 0.833974995819, 0.0954119477097, 0.998004140384, 0.202982832014, 0.000290335973352, 0.120260541003, 0.852105221652, 0.564121211383, 0.148068672642, 0.0682554808402, 0.0896005553847, 0.4676
0.355365314051, 0.029008264561, 0.089324406661, 0.843718394917, 0.373694060936, 0.844675424096, 0.675808910099, 0.519224663801, 0.232900508764, 0.49826341405, 0.958483134646, 0.430723200775, 0.00789752314497, 0.914872932321, 0.0430121890432, 0.596542981198, 0.0682554808402, 0.0944031329335, 0.4676
0.0203744607654, 0.00637767663687, 0.347168612236, 0.528372644006, 0.341338516296, 0.956954296919, 0.74385166829, 0.534599255718, 0.0954119477097, 0.116917059374, 0.828852425883, 0.302882780578, 0.00597885168781, 0.946706265199, 0.126707810203, 0.596542981198, 0.0682554808402, 0.0124082458097, 0.4676
0.0112441540535, 0.029008264561, 0.0138866292772, 0.960606559352, 0.373694060936, 0.867796932709, 0.675808910099, 0.672475400603, 0.442937933405, 0.179045622305, 0.999251401528, 0.430723200775, 0.0736196090742, 0.914872932321, 0.126707810203, 0.859031063081, 0.0682554808402, 0.0138079086027, 0.4676
0.263296909074, 0.25159508929, 0.089324406661, 0.947548103932, 0.553973512813, 0.91874859297, 0.675808910099, 0.519224663801, 0.0954119477097, 0.235917846485, 0.752965191603, 0.430723200775, 0.0736196090742, 0.914872932321, 0.126707810203, 0.649290242869, 0.137829860655, 0.0608725978968, 0.4676
0.019254861284, 0.367804954361, 0.376970242773, 0.154142437524, 0.828338917678, 0.404141505302, 0.506854488424, 0.941148397232, 0.111111773876, 0.0349979372309, 0.698156391157, 0.325043024658, 0.00260676006824, 0.81012108181, 0.462825268327, 0.649290242869, 0.137829860655, 0.332278846345, 0.4749
0.415053672448, 0.367804954361, 0.447548799917, 0.154142437524, 0.60601299266, 0.404141505302, 0.506854488424, 0.671985439284, 0.0640778831533, 0.0235127628591, 0.648553317177, 0.114254213947, 0.134762203268, 0.81012108181, 0.462825268327, 0.649290242869, 0.0831656958328, 0.332278846345, 0.4749
0.0112441540535, 0.367804954361, 0.376970242773, 0.164180740728, 0.0811320426385, 0.141808764961, 0.506854488424, 0.962478549719, 0.429373346494, 0.0349979372309, 0.698156391157, 0.328016089288, 0.497012846264, 0.81012108181, 0.462825268327, 0.649290242869, 0.137829860655, 0.0361460432794, 0.4749
0.415053672448, 0.474804259948, 0.376970242773, 0.0746076517586, 0.642328901983, 0.106242294359, 0.506854488424, 0.671985439284, 0.168157850514, 0.0884342097986, 0.698156391157, 0.325043024658, 0.451057567388, 0.81012108181, 0.462825268327, 0.649290242869, 0.29245787652, 0.49741495715, 0.4749
0.00328733199717, 0.229187145371, 0.376970242773, 0.129333029076, 0.828338917678, 0.235701914723, 0.506854488424, 0.943977097616, 0.432717040636, 0.0884342097986, 0.896349058335, 0.325043024658, 0.389593101374, 0.602370261804, 0.446241060268, 0.649290242869, 0.137829860655, 0.18829779839, 0.4749
0.415053672448, 0.367804954361, 0.279724039515, 0.154142437524, 0.720959634432, 0.404141505302, 0.506854488424, 0.671985439284, 0.111111773876, 0.0235127628591, 0.648553317177, 0.114254213947, 0.134762203268, 0.81012108181, 0.462825268327, 0.58441758443, 0.0831656958328, 0.332278846345, 0.4749
0.415053672448, 0.474804259948, 0.376970242773, 0.0746076517586, 0.553973512813, 0.106242294359, 0.506854488424, 0.671985439284, 0.168157850514, 0.0884342097986, 0.698156391157, 0.325043024658, 0.451057567388, 0.81012108181, 0.462825268327, 0.649290242869, 0.29245787652, 0.49741495715, 0.4749
0.019254861284, 0.367804954361, 0.376970242773, 0.154142437524, 0.828338917678, 0.404141505302, 0.506854488424, 0.941148397232, 0.111111773876, 0.0349979372309, 0.698156391157, 0.325043024658, 0.00260676006824, 0.81012108181, 0.462825268327, 0.649290242869, 0.137829860655, 0.332278846345, 0.4749
0.415053672448, 0.367804954361, 0.447548799917, 0.154142437524, 0.60601299266, 0.404141505302, 0.506854488424, 0.671985439284, 0.0640778831533, 0.0235127628591, 0.648553317177, 0.114254213947, 0.134762203268, 0.81012108181, 0.462825268327, 0.649290242869, 0.0831656958328, 0.332278846345, 0.4749
0.0112441540535, 0.367804954361, 0.376970242773, 0.164180740728, 0.0811320426385, 0.141808764961, 0.506854488424, 0.962478549719, 0.429373346494, 0.0349979372309, 0.698156391157, 0.328016089288, 0.497012846264, 0.81012108181, 0.462825268327, 0.649290242869, 0.137829860655, 0.0361460432794, 0.4749
0.415053672448, 0.474804259948, 0.376970242773, 0.0746076517586, 0.642328901983, 0.106242294359, 0.506854488424, 0.671985439284, 0.168157850514, 0.0884342097986, 0.698156391157, 0.325043024658, 0.451057567388, 0.81012108181, 0.462825268327, 0.649290242869, 0.29245787652, 0.49741495715, 0.4749
0.00328733199717, 0.229187145371, 0.376970242773, 0.129333029076, 0.828338917678, 0.235701914723, 0.506854488424, 0.943977097616, 0.432717040636, 0.0884342097986, 0.896349058335, 0.325043024658, 0.389593101374, 0.602370261804, 0.446241060268, 0.649290242869, 0.137829860655, 0.18829779839, 0.4749
0.415053672448, 0.367804954361, 0.279724039515, 0.154142437524, 0.720959634432, 0.404141505302, 0.506854488424, 0.671985439284, 0.111111773876, 0.0235127628591, 0.648553317177, 0.114254213947, 0.134762203268, 0.81012108181, 0.462825268327, 0.58441758443, 0.0831656958328, 0.332278846345, 0.4749
0.415053672448, 0.474804259948, 0.376970242773, 0.0746076517586, 0.553973512813, 0.106242294359, 0.506854488424, 0.671985439284, 0.168157850514, 0.0884342097986, 0.698156391157, 0.325043024658, 0.451057567388, 0.81012108181, 0.462825268327, 0.649290242869, 0.29245787652, 0.49741495715, 0.4749
0.0112441540535, 0.367804954361, 0.376970242773, 0.164180740728, 0.722455458501, 0.685223383524, 0.480734202523, 0.671985439284, 0.168157850514, 0.0884342097986, 0.648553317177, 0.328016089288, 0.497012846264, 0.81012108181, 0.462825268327, 0.649290242869, 0.137829860655, 0.0617418842339, 0.4932
0.0112441540535, 0.229187145371, 0.376970242773, 0.164180740728, 0.631226742048, 0.0582476284642, 0.489851314232, 0.671985439284, 0.168157850514, 0.0884342097986, 0.698156391157, 0.325043024658, 0.0820317475937, 0.81012108181, 0.446241060268, 0.649290242869, 0.0182298652362, 0.332278846345, 0.4932
0.0112441540535, 0.229187145371, 0.284171586988, 0.164180740728, 0.819203417791, 0.404141505302, 0.489851314232, 0.671985439284, 0.168157850514, 0.0884342097986, 0.698156391157, 0.325043024658, 0.451057567388, 0.904642514206, 0.446241060268, 0.649290242869, 0.0182298652362, 0.332278846345, 0.4932
0.0112441540535, 0.229187145371, 0.376970242773, 0.164180740728, 0.819203417791, 0.250984745092, 0.489851314232, 0.671985439284, 0.168157850514, 0.0884342097986, 0.698156391157, 0.325043024658, 0.451057567388, 0.81012108181, 0.446241060268, 0.649290242869, 0.0182298652362, 0.332278846345, 0.4932
0.0112441540535, 0.229187145371, 0.284171586988, 0.164180740728, 0.819203417791, 0.404141505302, 0.489851314232, 0.671985439284, 0.168157850514, 0.0884342097986, 0.698156391157, 0.325043024658, 0.451057567388, 0.949688491176, 0.446241060268, 0.649290242869, 0.0182298652362, 0.332278846345, 0.4932
0.0112441540535, 0.229187145371, 0.376970242773, 0.343593250076, 0.819203417791, 0.404141505302, 0.287959170734, 0.671985439284, 0.168157850514, 0.0884342097986, 0.890169953113, 0.206840811609, 0.163264367668, 0.81756540747, 0.446241060268, 0.801160324415, 0.0182298652362, 0.332278846345, 0.4932
0.0112441540535, 0.229187145371, 0.376970242773, 0.164180740728, 0.819203417791, 0.250984745092, 0.489851314232, 0.671985439284, 0.00928802785003, 0.0884342097986, 0.698156391157, 0.325043024658, 0.451057567388, 0.633893753489, 0.446241060268, 0.649290242869, 0.0182298652362, 0.332278846345, 0.4932
0.0112441540535, 0.367804954361, 0.376970242773, 0.164180740728, 0.722455458501, 0.685223383524, 0.480734202523, 0.671985439284, 0.168157850514, 0.0884342097986, 0.648553317177, 0.328016089288, 0.497012846264, 0.81012108181, 0.462825268327, 0.649290242869, 0.137829860655, 0.0617418842339, 0.4932
0.0112441540535, 0.229187145371, 0.376970242773, 0.164180740728, 0.631226742048, 0.0582476284642, 0.489851314232, 0.671985439284, 0.168157850514, 0.0884342097986, 0.698156391157, 0.325043024658, 0.0820317475937, 0.81012108181, 0.446241060268, 0.649290242869, 0.0182298652362, 0.332278846345, 0.4932
0.0112441540535, 0.229187145371, 0.284171586988, 0.164180740728, 0.819203417791, 0.404141505302, 0.489851314232, 0.671985439284, 0.168157850514, 0.0884342097986, 0.698156391157, 0.325043024658, 0.451057567388, 0.904642514206, 0.446241060268, 0.649290242869, 0.0182298652362, 0.332278846345, 0.4932
0.0112441540535, 0.229187145371, 0.376970242773, 0.164180740728, 0.819203417791, 0.250984745092, 0.489851314232, 0.671985439284, 0.168157850514, 0.0884342097986, 0.698156391157, 0.325043024658, 0.451057567388, 0.81012108181, 0.446241060268, 0.649290242869, 0.0182298652362, 0.332278846345, 0.4932
0.0112441540535, 0.229187145371, 0.284171586988, 0.164180740728, 0.819203417791, 0.404141505302, 0.489851314232, 0.671985439284, 0.168157850514, 0.0884342097986, 0.698156391157, 0.325043024658, 0.451057567388, 0.949688491176, 0.446241060268, 0.649290242869, 0.0182298652362, 0.332278846345, 0.4932
0.0112441540535, 0.229187145371, 0.376970242773, 0.343593250076, 0.819203417791, 0.404141505302, 0.287959170734, 0.671985439284, 0.168157850514, 0.0884342097986, 0.890169953113, 0.206840811609, 0.163264367668, 0.81756540747, 0.446241060268, 0.801160324415, 0.0182298652362, 0.332278846345, 0.4932
0.0112441540535, 0.229187145371, 0.376970242773, 0.164180740728, 0.819203417791, 0.250984745092, 0.489851314232, 0.671985439284, 0.00928802785003, 0.0884342097986, 0.698156391157, 0.325043024658, 0.451057567388, 0.633893753489, 0.446241060268, 0.649290242869, 0.0182298652362, 0.332278846345, 0.4932
0.061878781993, 0.845468846281, 0.525668681474, 0.806519438885, 0.277605942971, 0.0988334590123, 0.191595103421, 0.973612640666, 0.441379585894, 0.694882415009, 0.366177541548, 0.423450779219, 0.135769644431, 0.703645567561, 0.444306038148, 0.193812738178, 0.976488090682, 0.265546547001, 0.5101
0.254621941634, 0.359042839251, 0.646296005189, 0.986027186288, 0.99877837009, 0.211107214172, 0.362910043448, 0.973612640666, 0.108356306463, 0.665149676842, 0.247184636393, 0.0722195311657, 0.431526174203, 0.604323658148, 0.360829239937, 0.0904365754821, 0.876937377563, 0.00159940882385, 0.5101
0.0975994510188, 0.00938601646038, 0.646296005189, 0.984087920123, 0.997410310869, 0.311058803975, 0.270574827019, 0.973612640666, 0.108356306463, 0.976805021639, 0.247184636393, 0.423450779219, 0.042121022066, 0.703645567561, 0.277608791637, 0.380902480317, 0.864376785753, 0.207731851306, 0.5101
0.254621941634, 0.359042839251, 0.525668681474, 0.979768917043, 0.993979550273, 0.211107214172, 0.362910043448, 0.685381057611, 0.485163770383, 0.975297809267, 0.366177541548, 0.0722195311657, 0.111133509863, 0.703645567561, 0.360829239937, 0.380902480317, 0.889149942011, 0.00159940882385, 0.5101
0.411425110865, 0.914514108075, 0.525668681474, 0.35271899033, 0.334173193748, 0.00317794163867, 0.371807377745, 0.685381057611, 0.109645918831, 0.990140545123, 0.366177541548, 0.423450779219, 0.135769644431, 0.5519896321, 0.432426806587, 0.0743146265848, 0.709064448321, 0.265546547001, 0.5101
0.411425110865, 0.289794107121, 0.826688286628, 0.806519438885, 0.15054164607, 0.0276272207095, 0.371807377745, 0.973612640666, 0.0818328412677, 0.679770273928, 0.366177541548, 0.113611747263, 0.111133509863, 0.935621535377, 0.222669909974, 0.380902480317, 0.584038541696, 0.207731851306, 0.5101
0.037111038504, 0.00379034496654, 0.646296005189, 0.981439868408, 0.997410310869, 0.258769307406, 0.220059345187, 0.973612640666, 0.108356306463, 0.995213736765, 0.366177541548, 0.0464139380823, 0.042121022066, 0.703645567561, 0.277608791637, 0.380902480317, 0.864376785753, 0.207731851306, 0.5101
0.254621941634, 0.359042839251, 0.980153631417, 0.984087920123, 0.993979550273, 0.869078245338, 0.362910043448, 0.973612640666, 0.485163770383, 0.975297809267, 0.247184636393, 0.423450779219, 0.111133509863, 0.703645567561, 0.360829239937, 0.380902480317, 0.584038541696, 0.00159940882385, 0.5101
0.254621941634, 0.359042839251, 0.646296005189, 0.985453113039, 0.99877837009, 0.211107214172, 0.362910043448, 0.973612640666, 0.108356306463, 0.873944005674, 0.247184636393, 0.0722195311657, 0.111133509863, 0.703645567561, 0.28548769212, 0.0904365754821, 0.876937377563, 0.00159940882385, 0.5101
0.395044319309, 0.289794107121, 0.646296005189, 0.806519438885, 0.279100901504, 0.0276272207095, 0.371807377745, 0.973612640666, 0.197140044354, 0.679770273928, 0.366177541548, 0.113611747263, 0.18903350211, 0.935621535377, 0.222669909974, 0.380902480317, 0.584038541696, 0.109555652116, 0.5101
0.254621941634, 0.00938601646038, 0.826688286628, 0.984087920123, 0.997410310869, 0.211107214172, 0.270574827019, 0.973612640666, 0.108356306463, 0.975297809267, 0.366177541548, 0.423450779219, 0.042121022066, 0.703645567561, 0.277608791637, 0.380902480317, 0.980294019675, 0.207731851306, 0.5101
0.254621941634, 0.359042839251, 0.589814701709, 0.979768917043, 0.993979550273, 0.211107214172, 0.362910043448, 0.973612640666, 0.485163770383, 0.975297809267, 0.247184636393, 0.114018477724, 0.111133509863, 0.703645567561, 0.360829239937, 0.380902480317, 0.889149942011, 0.00159940882385, 0.5101
0.254621941634, 0.750045114578, 0.703716273279, 0.300445753514, 0.333863399241, 0.0988334590123, 0.0991157421615, 0.685381057611, 0.388372897373, 0.948334479177, 0.366177541548, 0.113611747263, 0.00865969372252, 0.785078840965, 0.444306038148, 0.477543141256, 0.709064448321, 0.164737975446, 0.5101
0.411425110865, 0.289794107121, 0.582560714558, 0.636120001398, 0.0250956318401, 0.0276272207095, 0.371807377745, 0.973612640666, 0.197140044354, 0.679770273928, 0.366177541548, 0.113611747263, 0.111133509863, 0.97016226206, 0.222669909974, 0.380902480317, 0.584038541696, 0.207731851306, 0.5101
0.254621941634, 0.898465694819, 0.646296005189, 0.984087920123, 0.997410310869, 0.588900103524, 0.270574827019, 0.989549012067, 0.108356306463, 0.995213736765, 0.366177541548, 0.138956456985, 0.042121022066, 0.703645567561, 0.277608791637, 0.380902480317, 0.864376785753, 0.207731851306, 0.5101
0.254621941634, 0.00624962334854, 0.980153631417, 0.981439868408, 0.657886883112, 0.211107214172, 0.362910043448, 0.969917803095, 0.485163770383, 0.975297809267, 0.142268428873, 0.0464139380823, 0.111133509863, 0.703645567561, 0.360829239937, 0.461391927498, 0.584038541696, 0.00159940882385, 0.5101
0.254621941634, 0.750045114578, 0.703716273279, 0.300445753514, 0.277605942971, 0.0988334590123, 0.371807377745, 0.949860152147, 0.388372897373, 0.878777461663, 0.366177541548, 0.0776613281837, 0.0256811964856, 0.785078840965, 0.444306038148, 0.477543141256, 0.709064448321, 0.394772037592, 0.5101
0.411425110865, 0.289794107121, 0.846391844362, 0.0780622784527, 0.715609508868, 0.0545522344117, 0.270574827019, 0.685381057611, 0.35045595909, 0.631296356323, 0.366177541548, 0.0174462900729, 0.042121022066, 0.645334882381, 0.444306038148, 0.477543141256, 0.584038541696, 0.265546547001, 0.5101
0.254621941634, 0.469449473972, 0.646296005189, 0.984087920123, 0.997410310869, 0.00279810143821, 0.373834087906, 0.973612640666, 0.108356306463, 0.975297809267, 0.366177541548, 0.113611747263, 0.135769644431, 0.703645567561, 0.221857091209, 0.380902480317, 0.709064448321, 0.207731851306, 0.5101
0.200134838462, 0.359042839251, 0.646296005189, 0.984087920123, 0.995054586078, 0.104081546861, 0.287243948588, 0.973612640666, 0.108356306463, 0.975297809267, 0.247184636393, 0.0722195311657, 0.111133509863, 0.703645567561, 0.360829239937, 0.114574568837, 0.584038541696, 0.00159940882385, 0.5101
