0.354153840104, 0.956196083032, 0.715295380663, 0.480680587579, 0.724046259752, 0.851974765808, 0.110007832333, 0.938235469685, 0.871504796804, 0.120788619578, 0.357715132761, 0.121315275119, 0.0129140825059, 0.684245281068, 0.0464510062092, 0.126982621406, 0.753260818908, 0.422382156278, 0.3625
0.354153840104, 0.956196083032, 0.791396042729, 0.292325827755, 0.724046259752, 0.851974765808, 0.110007832333, 0.920766806165, 0.871504796804, 0.0736684627608, 0.357715132761, 0.121315275119, 0.0129140825059, 0.684245281068, 0.0464510062092, 0.126982621406, 0.753260818908, 0.422382156278, 0.3625
0.354153840104, 0.956196083032, 0.715295380663, 0.956190518343, 0.724046259752, 0.851974765808, 0.110007832333, 0.920766806165, 0.871504796804, 0.120788619578, 0.357715132761, 0.121315275119, 0.0129140825059, 0.684245281068, 0.0464510062092, 0.126982621406, 0.967313749383, 0.422382156278, 0.3625
0.354153840104, 0.956196083032, 0.715295380663, 0.480680587579, 0.724046259752, 0.851974765808, 0.110007832333, 0.938235469685, 0.871504796804, 0.120788619578, 0.357715132761, 0.121315275119, 0.0129140825059, 0.684245281068, 0.0464510062092, 0.126982621406, 0.753260818908, 0.422382156278, 0.3625
0.354153840104, 0.956196083032, 0.791396042729, 0.292325827755, 0.724046259752, 0.851974765808, 0.110007832333, 0.920766806165, 0.871504796804, 0.0736684627608, 0.357715132761, 0.121315275119, 0.0129140825059, 0.684245281068, 0.0464510062092, 0.126982621406, 0.753260818908, 0.422382156278, 0.3625
0.354153840104, 0.956196083032, 0.715295380663, 0.956190518343, 0.724046259752, 0.851974765808, 0.110007832333, 0.920766806165, 0.871504796804, 0.120788619578, 0.357715132761, 0.121315275119, 0.0129140825059, 0.684245281068, 0.0464510062092, 0.126982621406, 0.967313749383, 0.422382156278, 0.3625
0.355365314051, 0.029008264561, 0.089324406661, 0.113958337744, 0.373694060936, 0.786464839373, 0.675808910099, 0.519224663801, 0.0954119477097, 0.49826341405, 0.915591744699, 0.430723200775, 0.0587339468048, 0.914872932321, 0.126707810203, 0.596542981198, 0.0682554808402, 0.0944031329335, 0.4676
0.0203744607654, 0.00637767663687, 0.347168612236, 0.843718394917, 0.341338516296, 0.956954296919, 0.74385166829, 0.672475400603, 0.0605478722624, 0.116917059374, 0.828852425883, 0.0967590532278, 0.00597885168781, 0.914872932321, 0.0430121890432, 0.596542981198, 0.0682554808402, 0.0401167839354, 0.4676
0.263296909074, 0.367804954361, 0.494479368739, 0.836330088024, 0.553973512813, 0.767847763767, 0.675808910099, 0.519224663801, 0.0695293024141, 0.235917846485, 0.828852425883, 0.430723200775, 0.0736196090742, 0.914872932321, 0.0409453495069, 0.637216587442, 0.0682554808402, 0.0608725978968, 0.4676
0.263296909074, 0.029008264561, 0.0661716212292, 0.960606559352, 0.373694060936, 0.867796932709, 0.965284988404, 0.519224663801, 0.442937933405, 0.402937551608, 0.828852425883, 0.430723200775, 0.0736196090742, 0.914872932321, 0.126707810203, 0.644391368019, 0.0466466054001, 0.0608725978968, 0.4676
0.355365314051, 0.029008264561, 0.089324406661, 0.113958337744, 0.584542603852, 0.956954296919, 0.675808910099, 0.519224663801, 0.0954119477097, 0.0730146218166, 0.915591744699, 0.430723200775, 0.0587339468048, 0.914872932321, 0.0430121890432, 0.596542981198, 0.0682554808402, 0.0944031329335, 0.4676
0.263296909074, 0.00637767663687, 0.479901097659, 0.843718394917, 0.341338516296, 0.786464839373, 0.74385166829, 0.672475400603, 0.0605478722624, 0.116917059374, 0.922386289252, 0.302882780578, 0.00597885168781, 0.914872932321, 0.126707810203, 0.834550658882, 0.0682554808402, 0.0401167839354, 0.4676
0.0112441540535, 0.367804954361, 0.376970242773, 0.164180740728, 0.675115398383, 0.608263972395, 0.506854488424, 0.671985439284, 0.0568431464312, 0.0884342097986, 0.698156391157, 0.283415883847, 0.497012846264, 0.81012108181, 0.462825268327, 0.649290242869, 0.137829860655, 0.0617418842339, 0.4676
0.451528927649, 0.0371020352773, 0.089324406661, 0.960606559352, 0.373694060936, 0.956954296919, 0.675808910099, 0.519224663801, 0.442937933405, 0.287906878684, 0.828852425883, 0.302882780578, 0.0736196090742, 0.914872932321, 0.126707810203, 0.553164421267, 0.0682554808402, 0.0608725978968, 0.4676
0.263296909074, 0.3013812253, 0.42624022404, 0.328323953171, 0.237099056484, 0.651869103021, 0.578447784299, 0.833974995819, 0.0954119477097, 0.991526817185, 0.321849571652, 0.000290335973352, 0.120260541003, 0.852105221652, 0.564121211383, 0.148068672642, 0.0682554808402, 0.0896005553847, 0.4676
0.355365314051, 0.029008264561, 0.089324406661, 0.528372644006, 0.373694060936, 0.844675424096, 0.675808910099, 0.519224663801, 0.232900508764, 0.49826341405, 0.958483134646, 0.430723200775, 0.0587339468048, 0.914872932321, 0.0430121890432, 0.596542981198, 0.0682554808402, 0.0944031329335, 0.4676
0.0203744607654, 0.00637767663687, 0.347168612236, 0.843718394917, 0.341338516296, 0.956954296919, 0.74385166829, 0.519224663801, 0.0954119477097, 0.116917059374, 0.828852425883, 0.302882780578, 0.00597885168781, 0.946706265199, 0.126707810203, 0.596542981198, 0.0682554808402, 0.0401167839354, 0.4676
0.263296909074, 0.367804954361, 0.0661716212292, 0.836330088024, 0.553973512813, 0.767847763767, 0.675808910099, 0.672475400603, 0.259699977283, 0.235917846485, 0.828852425883, 0.430723200775, 0.0736196090742, 0.914872932321, 0.0409453495069, 0.637216587442, 0.0682554808402, 0.0608725978968, 0.4676
0.0112441540535, 0.029008264561, 0.0138866292772, 0.960606559352, 0.373694060936, 0.867796932709, 0.675808910099, 0.519224663801, 0.442937933405, 0.287906878684, 0.828852425883, 0.430723200775, 0.0736196090742, 0.914872932321, 0.126707810203, 0.859031063081, 0.0682554808402, 0.0608725978968, 0.4676
0.263296909074, 0.207351760965, 0.376970242773, 0.455072085446, 0.675115398383, 0.553327262464, 0.506854488424, 0.671985439284, 0.225454349233, 0.4419580289, 0.698156391157, 0.328016089288, 0.43443429319, 0.81012108181, 0.462825268327, 0.649290242869, 0.137829860655, 0.332278846345, 0.4676
0.355365314051, 0.029008264561, 0.089324406661, 0.113958337744, 0.584542603852, 0.956954296919, 0.675808910099, 0.519224663801, 0.0954119477097, 0.0730146218166, 0.915591744699, 0.430723200775, 0.0587339468048, 0.914872932321, 0.0430121890432, 0.596542981198, 0.0682554808402, 0.0944031329335, 0.4676
0.0112441540535, 0.367804954361, 0.376970242773, 0.164180740728, 0.675115398383, 0.662324182767, 0.506854488424, 0.671985439284, 0.0568431464312, 0.0884342097986, 0.698156391157, 0.328016089288, 0.497012846264, 0.81012108181, 0.462825268327, 0.649290242869, 0.137829860655, 0.0617418842339, 0.4676
0.263296909074, 0.25159508929, 0.089324406661, 0.947548103932, 0.553973512813, 0.91874859297, 0.675808910099, 0.519224663801, 0.0954119477097, 0.235917846485, 0.752965191603, 0.430723200775, 0.0736196090742, 0.914872932321, 0.126707810203, 0.596542981198, 0.286890605958, 0.0608725978968, 0.4676
0.355365314051, 0.029008264561, 0.089324406661, 0.113958337744, 0.373694060936, 0.786464839373, 0.675808910099, 0.519224663801, 0.0954119477097, 0.49826341405, 0.915591744699, 0.430723200775, 0.0587339468048, 0.914872932321, 0.126707810203, 0.596542981198, 0.0682554808402, 0.0944031329335, 0.4676
0.0203744607654, 0.00637767663687, 0.347168612236, 0.843718394917, 0.341338516296, 0.956954296919, 0.74385166829, 0.672475400603, 0.0605478722624, 0.116917059374, 0.828852425883, 0.0967590532278, 0.00597885168781, 0.914872932321, 0.0430121890432, 0.596542981198, 0.0682554808402, 0.0401167839354, 0.4676
0.263296909074, 0.367804954361, 0.494479368739, 0.836330088024, 0.553973512813, 0.767847763767, 0.675808910099, 0.519224663801, 0.0695293024141, 0.235917846485, 0.828852425883, 0.430723200775, 0.0736196090742, 0.914872932321, 0.0409453495069, 0.637216587442, 0.0682554808402, 0.0608725978968, 0.4676
0.263296909074, 0.029008264561, 0.0661716212292, 0.960606559352, 0.373694060936, 0.867796932709, 0.965284988404, 0.519224663801, 0.442937933405, 0.402937551608, 0.828852425883, 0.430723200775, 0.0736196090742, 0.914872932321, 0.126707810203, 0.644391368019, 0.0466466054001, 0.0608725978968, 0.4676
0.355365314051, 0.029008264561, 0.089324406661, 0.113958337744, 0.584542603852, 0.956954296919, 0.675808910099, 0.519224663801, 0.0954119477097, 0.0730146218166, 0.915591744699, 0.430723200775, 0.0587339468048, 0.914872932321, 0.0430121890432, 0.596542981198, 0.0682554808402, 0.0944031329335, 0.4676
0.263296909074, 0.00637767663687, 0.479901097659, 0.843718394917, 0.341338516296, 0.786464839373, 0.74385166829, 0.672475400603, 0.0605478722624, 0.116917059374, 0.922386289252, 0.302882780578, 0.00597885168781, 0.914872932321, 0.126707810203, 0.834550658882, 0.0682554808402, 0.0401167839354, 0.4676
0.0112441540535, 0.367804954361, 0.376970242773, 0.164180740728, 0.675115398383, 0.608263972395, 0.506854488424, 0.671985439284, 0.0568431464312, 0.0884342097986, 0.698156391157, 0.283415883847, 0.497012846264, 0.81012108181, 0.462825268327, 0.649290242869, 0.137829860655, 0.0617418842339, 0.4676
0.451528927649, 0.0371020352773, 0.089324406661, 0.960606559352, 0.373694060936, 0.956954296919, 0.675808910099, 0.519224663801, 0.442937933405, 0.287906878684, 0.828852425883, 0.302882780578, 0.0736196090742, 0.914872932321, 0.126707810203, 0.553164421267, 0.0682554808402, 0.0608725978968, 0.4676
0.263296909074, 0.3013812253, 0.42624022404, 0.328323953171, 0.237099056484, 0.651869103021, 0.578447784299, 0.833974995819, 0.0954119477097, 0.991526817185, 0.321849571652, 0.000290335973352, 0.120260541003, 0.852105221652, 0.564121211383, 0.148068672642, 0.0682554808402, 0.0896005553847, 0.4676
0.355365314051, 0.029008264561, 0.089324406661, 0.528372644006, 0.373694060936, 0.844675424096, 0.675808910099, 0.519224663801, 0.232900508764, 0.49826341405, 0.958483134646, 0.430723200775, 0.0587339468048, 0.914872932321, 0.0430121890432, 0.596542981198, 0.0682554808402, 0.0944031329335, 0.4676
0.0203744607654, 0.00637767663687, 0.347168612236, 0.843718394917, 0.341338516296, 0.956954296919, 0.74385166829, 0.519224663801, 0.0954119477097, 0.116917059374, 0.828852425883, 0.302882780578, 0.00597885168781, 0.946706265199, 0.126707810203, 0.596542981198, 0.0682554808402, 0.0401167839354, 0.4676
0.263296909074, 0.367804954361, 0.0661716212292, 0.836330088024, 0.553973512813, 0.767847763767, 0.675808910099, 0.672475400603, 0.259699977283, 0.235917846485, 0.828852425883, 0.430723200775, 0.0736196090742, 0.914872932321, 0.0409453495069, 0.637216587442, 0.0682554808402, 0.0608725978968, 0.4676
0.0112441540535, 0.029008264561, 0.0138866292772, 0.960606559352, 0.373694060936, 0.867796932709, 0.675808910099, 0.519224663801, 0.442937933405, 0.287906878684, 0.828852425883, 0.430723200775, 0.0736196090742, 0.914872932321, 0.126707810203, 0.859031063081, 0.0682554808402, 0.0608725978968, 0.4676
0.263296909074, 0.207351760965, 0.376970242773, 0.455072085446, 0.675115398383, 0.553327262464, 0.506854488424, 0.671985439284, 0.225454349233, 0.4419580289, 0.698156391157, 0.328016089288, 0.43443429319, 0.81012108181, 0.462825268327, 0.649290242869, 0.137829860655, 0.332278846345, 0.4676
0.355365314051, 0.029008264561, 0.089324406661, 0.113958337744, 0.584542603852, 0.956954296919, 0.675808910099, 0.519224663801, 0.0954119477097, 0.0730146218166, 0.915591744699, 0.430723200775, 0.0587339468048, 0.914872932321, 0.0430121890432, 0.596542981198, 0.0682554808402, 0.0944031329335, 0.4676
0.0112441540535, 0.367804954361, 0.376970242773, 0.164180740728, 0.675115398383, 0.662324182767, 0.506854488424, 0.671985439284, 0.0568431464312, 0.0884342097986, 0.698156391157, 0.328016089288, 0.497012846264, 0.81012108181, 0.462825268327, 0.649290242869, 0.137829860655, 0.0617418842339, 0.4676
0.263296909074, 0.25159508929, 0.089324406661, 0.947548103932, 0.553973512813, 0.91874859297, 0.675808910099, 0.519224663801, 0.0954119477097, 0.235917846485, 0.752965191603, 0.430723200775, 0.0736196090742, 0.914872932321, 0.126707810203, 0.596542981198, 0.286890605958, 0.0608725978968, 0.4676
0.0112441540535, 0.367804954361, 0.376970242773, 0.164180740728, 0.675115398383, 0.336045144719, 0.506854488424, 0.941148397232, 0.168157850514, 0.0884342097986, 0.648553317177, 0.328016089288, 0.497012846264, 0.81012108181, 0.462825268327, 0.649290242869, 0.137829860655, 0.0617418842339, 0.4749
0.019254861284, 0.367804954361, 0.376970242773, 0.154142437524, 0.828338917678, 0.404141505302, 0.506854488424, 0.671985439284, 0.111111773876, 0.0349979372309, 0.698156391157, 0.325043024658, 0.00260676006824, 0.81012108181, 0.462825268327, 0.649290242869, 0.137829860655, 0.332278846345, 0.4749
0.00328733199717, 0.229187145371, 0.376970242773, 0.129333029076, 0.977407075167, 0.235701914723, 0.506854488424, 0.943977097616, 0.432717040636, 0.0884342097986, 0.698156391157, 0.325043024658, 0.451057567388, 0.602370261804, 0.446241060268, 0.649290242869, 0.0182298652362, 0.18829779839, 0.4749
0.415053672448, 0.367804954361, 0.447548799917, 0.154142437524, 0.720959634432, 0.404141505302, 0.506854488424, 0.671985439284, 0.111111773876, 0.0235127628591, 0.648553317177, 0.114254213947, 0.134762203268, 0.81012108181, 0.462825268327, 0.649290242869, 0.0831656958328, 0.332278846345, 0.4749
0.0112441540535, 0.367804954361, 0.376970242773, 0.164180740728, 0.0811320426385, 0.141808764961, 0.506854488424, 0.941148397232, 0.168157850514, 0.0349979372309, 0.698156391157, 0.328016089288, 0.497012846264, 0.81012108181, 0.462825268327, 0.649290242869, 0.137829860655, 0.0617418842339, 0.4749
0.415053672448, 0.474804259948, 0.376970242773, 0.0746076517586, 0.553973512813, 0.106242294359, 0.506854488424, 0.671985439284, 0.168157850514, 0.0884342097986, 0.698156391157, 0.325043024658, 0.451057567388, 0.81012108181, 0.462825268327, 0.649290242869, 0.29245787652, 0.49741495715, 0.4749
0.00328733199717, 0.229187145371, 0.376970242773, 0.164180740728, 0.913767150123, 0.235701914723, 0.506854488424, 0.943977097616, 0.432717040636, 0.0884342097986, 0.698156391157, 0.325043024658, 0.451057567388, 0.81012108181, 0.402161036881, 0.649290242869, 0.0182298652362, 0.18829779839, 0.4749
0.0112441540535, 0.367804954361, 0.376970242773, 0.164180740728, 0.675115398383, 0.336045144719, 0.506854488424, 0.941148397232, 0.168157850514, 0.0884342097986, 0.648553317177, 0.328016089288, 0.497012846264, 0.81012108181, 0.462825268327, 0.649290242869, 0.137829860655, 0.0617418842339, 0.4749
0.019254861284, 0.367804954361, 0.376970242773, 0.154142437524, 0.828338917678, 0.404141505302, 0.506854488424, 0.671985439284, 0.111111773876, 0.0349979372309, 0.698156391157, 0.325043024658, 0.00260676006824, 0.81012108181, 0.462825268327, 0.649290242869, 0.137829860655, 0.332278846345, 0.4749
0.00328733199717, 0.229187145371, 0.376970242773, 0.129333029076, 0.977407075167, 0.235701914723, 0.506854488424, 0.943977097616, 0.432717040636, 0.0884342097986, 0.698156391157, 0.325043024658, 0.451057567388, 0.602370261804, 0.446241060268, 0.649290242869, 0.0182298652362, 0.18829779839, 0.4749
0.415053672448, 0.367804954361, 0.447548799917, 0.154142437524, 0.720959634432, 0.404141505302, 0.506854488424, 0.671985439284, 0.111111773876, 0.0235127628591, 0.648553317177, 0.114254213947, 0.134762203268, 0.81012108181, 0.462825268327, 0.649290242869, 0.0831656958328, 0.332278846345, 0.4749
0.0112441540535, 0.367804954361, 0.376970242773, 0.164180740728, 0.0811320426385, 0.141808764961, 0.506854488424, 0.941148397232, 0.168157850514, 0.0349979372309, 0.698156391157, 0.328016089288, 0.497012846264, 0.81012108181, 0.462825268327, 0.649290242869, 0.137829860655, 0.0617418842339, 0.4749
0.415053672448, 0.474804259948, 0.376970242773, 0.0746076517586, 0.553973512813, 0.106242294359, 0.506854488424, 0.671985439284, 0.168157850514, 0.0884342097986, 0.698156391157, 0.325043024658, 0.451057567388, 0.81012108181, 0.462825268327, 0.649290242869, 0.29245787652, 0.49741495715, 0.4749
0.00328733199717, 0.229187145371, 0.376970242773, 0.164180740728, 0.913767150123, 0.235701914723, 0.506854488424, 0.943977097616, 0.432717040636, 0.0884342097986, 0.698156391157, 0.325043024658, 0.451057567388, 0.81012108181, 0.402161036881, 0.649290242869, 0.0182298652362, 0.18829779839, 0.4749
0.0112441540535, 0.367804954361, 0.0806863969991, 0.113958337744, 0.631226742048, 0.553327262464, 0.448641240571, 0.519224663801, 0.168157850514, 0.0884342097986, 0.698156391157, 0.269171715774, 0.479078928295, 0.81012108181, 0.462825268327, 0.649290242869, 0.0682554808402, 0.332278846345, 0.4932
0.0112441540535, 0.229187145371, 0.376970242773, 0.164180740728, 0.819203417791, 0.404141505302, 0.489851314232, 0.671985439284, 0.168157850514, 0.0884342097986, 0.698156391157, 0.325043024658, 0.451057567388, 0.81012108181, 0.446241060268, 0.649290242869, 0.0182298652362, 0.332278846345, 0.4932
0.0112441540535, 0.229187145371, 0.284171586988, 0.164180740728, 0.819203417791, 0.404141505302, 0.489851314232, 0.671985439284, 0.168157850514, 0.0884342097986, 0.698156391157, 0.325043024658, 0.451057567388, 0.904642514206, 0.446241060268, 0.649290242869, 0.0182298652362, 0.332278846345, 0.4932
0.0112441540535, 0.229187145371, 0.376970242773, 0.343593250076, 0.819203417791, 0.404141505302, 0.287959170734, 0.671985439284, 0.168157850514, 0.0884342097986, 0.698156391157, 0.206840811609, 0.163264367668, 0.81756540747, 0.446241060268, 0.908923280551, 0.0182298652362, 0.332278846345, 0.4932
0.0112441540535, 0.229187145371, 0.376970242773, 0.164180740728, 0.819203417791, 0.250984745092, 0.489851314232, 0.671985439284, 0.168157850514, 0.0884342097986, 0.698156391157, 0.325043024658, 0.451057567388, 0.81012108181, 0.446241060268, 0.649290242869, 0.0182298652362, 0.332278846345, 0.4932
0.0112441540535, 0.367804954361, 0.0806863969991, 0.113958337744, 0.631226742048, 0.553327262464, 0.448641240571, 0.519224663801, 0.168157850514, 0.0884342097986, 0.698156391157, 0.269171715774, 0.479078928295, 0.81012108181, 0.462825268327, 0.649290242869, 0.0682554808402, 0.332278846345, 0.4932
0.0112441540535, 0.229187145371, 0.376970242773, 0.164180740728, 0.819203417791, 0.404141505302, 0.489851314232, 0.671985439284, 0.168157850514, 0.0884342097986, 0.698156391157, 0.325043024658, 0.451057567388, 0.81012108181, 0.446241060268, 0.649290242869, 0.0182298652362, 0.332278846345, 0.4932
0.0112441540535, 0.229187145371, 0.284171586988, 0.164180740728, 0.819203417791, 0.404141505302, 0.489851314232, 0.671985439284, 0.168157850514, 0.0884342097986, 0.698156391157, 0.325043024658, 0.451057567388, 0.904642514206, 0.446241060268, 0.649290242869, 0.0182298652362, 0.332278846345, 0.4932
0.0112441540535, 0.229187145371, 0.376970242773, 0.343593250076, 0.819203417791, 0.404141505302, 0.287959170734, 0.671985439284, 0.168157850514, 0.0884342097986, 0.698156391157, 0.206840811609, 0.163264367668, 0.81756540747, 0.446241060268, 0.908923280551, 0.0182298652362, 0.332278846345, 0.4932
0.0112441540535, 0.229187145371, 0.376970242773, 0.164180740728, 0.819203417791, 0.250984745092, 0.489851314232, 0.671985439284, 0.168157850514, 0.0884342097986, 0.698156391157, 0.325043024658, 0.451057567388, 0.81012108181, 0.446241060268, 0.649290242869, 0.0182298652362, 0.332278846345, 0.4932
0.411425110865, 0.914514108075, 0.525668681474, 0.806519438885, 0.277605942971, 0.0988334590123, 0.191595103421, 0.657861796363, 0.441379585894, 0.694882415009, 0.366177541548, 0.423450779219, 0.135769644431, 0.589280984809, 0.444306038148, 0.193812738178, 0.709064448321, 0.265546547001, 0.5101
0.200134838462, 0.359042839251, 0.646296005189, 0.984087920123, 0.995054586078, 0.211107214172, 0.287243948588, 0.973612640666, 0.108356306463, 0.975297809267, 0.247184636393, 0.0722195311657, 0.111133509863, 0.703645567561, 0.360829239937, 0.114574568837, 0.584038541696, 0.00159940882385, 0.5101
0.427468853513, 0.970632473908, 0.826688286628, 0.806519438885, 0.279100901504, 0.0276272207095, 0.0591772450419, 0.973612640666, 0.197140044354, 0.679770273928, 0.366177541548, 0.113611747263, 0.18903350211, 0.935621535377, 0.222669909974, 0.380902480317, 0.584038541696, 0.109555652116, 0.5101
0.0975994510188, 0.00938601646038, 0.646296005189, 0.984087920123, 0.997410310869, 0.211107214172, 0.270574827019, 0.973612640666, 0.108356306463, 0.975297809267, 0.247184636393, 0.423450779219, 0.042121022066, 0.703645567561, 0.277608791637, 0.380902480317, 0.864376785753, 0.207731851306, 0.5101
0.254621941634, 0.359042839251, 0.525668681474, 0.979768917043, 0.993979550273, 0.211107214172, 0.362910043448, 0.973612640666, 0.485163770383, 0.975297809267, 0.366177541548, 0.0722195311657, 0.111133509863, 0.703645567561, 0.360829239937, 0.380902480317, 0.889149942011, 0.00159940882385, 0.5101
0.254621941634, 0.7810225125, 0.703716273279, 0.743191502602, 0.347115014832, 0.0988334590123, 0.0991157421615, 0.685381057611, 0.388372897373, 0.878777461663, 0.366177541548, 0.113611747263, 0.042121022066, 0.785078840965, 0.444306038148, 0.477543141256, 0.709064448321, 0.164737975446, 0.5101
0.411425110865, 0.914514108075, 0.525668681474, 0.35271899033, 0.334173193748, 0.0107186533023, 0.371807377745, 0.685381057611, 0.109645918831, 0.990140545123, 0.366177541548, 0.423450779219, 0.135769644431, 0.5519896321, 0.432426806587, 0.0743146265848, 0.709064448321, 0.265546547001, 0.5101
0.411425110865, 0.289794107121, 0.826688286628, 0.806519438885, 0.0250956318401, 0.0276272207095, 0.371807377745, 0.973612640666, 0.197140044354, 0.679770273928, 0.366177541548, 0.113611747263, 0.111133509863, 0.935621535377, 0.222669909974, 0.380902480317, 0.584038541696, 0.207731851306, 0.5101
0.254621941634, 0.00938601646038, 0.646296005189, 0.984087920123, 0.997410310869, 0.258769307406, 0.270574827019, 0.973612640666, 0.108356306463, 0.995213736765, 0.366177541548, 0.423450779219, 0.042121022066, 0.703645567561, 0.277608791637, 0.380902480317, 0.864376785753, 0.207731851306, 0.5101
0.254621941634, 0.359042839251, 0.980153631417, 0.981439868408, 0.993979550273, 0.869078245338, 0.362910043448, 0.973612640666, 0.485163770383, 0.975297809267, 0.247184636393, 0.0464139380823, 0.111133509863, 0.703645567561, 0.360829239937, 0.380902480317, 0.584038541696, 0.00159940882385, 0.5101
0.411425110865, 0.289794107121, 0.525668681474, 0.806519438885, 0.277605942971, 0.0988334590123, 0.122048802178, 0.685381057611, 0.441379585894, 0.694882415009, 0.34193551404, 0.113611747263, 0.236336975135, 0.5519896321, 0.444306038148, 0.477543141256, 0.709064448321, 0.265546547001, 0.5101
0.254621941634, 0.359042839251, 0.646296005189, 0.984087920123, 0.99877837009, 0.211107214172, 0.362910043448, 0.973612640666, 0.108356306463, 0.665149676842, 0.247184636393, 0.0722195311657, 0.111133509863, 0.703645567561, 0.360829239937, 0.0904365754821, 0.876937377563, 0.00159940882385, 0.5101
0.200134838462, 0.359042839251, 0.646296005189, 0.984087920123, 0.995054586078, 0.39135236338, 0.287243948588, 0.973612640666, 0.284043389583, 0.979525417345, 0.247184636393, 0.0722195311657, 0.111133509863, 0.703645567561, 0.360829239937, 0.114574568837, 0.584038541696, 0.00159940882385, 0.5101
0.411425110865, 0.994471300343, 0.525668681474, 0.806519438885, 0.277605942971, 0.0988334590123, 0.371807377745, 0.657861796363, 0.108356306463, 0.694882415009, 0.366177541548, 0.423450779219, 0.135769644431, 0.589280984809, 0.444306038148, 0.273355879019, 0.709064448321, 0.265546547001, 0.5101
0.395044319309, 0.289794107121, 0.826688286628, 0.806519438885, 0.279100901504, 0.0276272207095, 0.371807377745, 0.973612640666, 0.197140044354, 0.679770273928, 0.366177541548, 0.113611747263, 0.18903350211, 0.935621535377, 0.222669909974, 0.380902480317, 0.584038541696, 0.109555652116, 0.5101
0.254621941634, 0.00938601646038, 0.646296005189, 0.984087920123, 0.997410310869, 0.211107214172, 0.270574827019, 0.973612640666, 0.108356306463, 0.975297809267, 0.366177541548, 0.423450779219, 0.042121022066, 0.703645567561, 0.277608791637, 0.380902480317, 0.980294019675, 0.207731851306, 0.5101
0.254621941634, 0.359042839251, 0.525668681474, 0.979768917043, 0.993979550273, 0.211107214172, 0.362910043448, 0.973612640666, 0.485163770383, 0.975297809267, 0.247184636393, 0.0722195311657, 0.111133509863, 0.703645567561, 0.360829239937, 0.380902480317, 0.889149942011, 0.00159940882385, 0.5101
0.254621941634, 0.750045114578, 0.703716273279, 0.300445753514, 0.277605942971, 0.0988334590123, 0.0991157421615, 0.685381057611, 0.388372897373, 0.878777461663, 0.366177541548, 0.113611747263, 0.042121022066, 0.785078840965, 0.444306038148, 0.477543141256, 0.709064448321, 0.164737975446, 0.5101
0.411425110865, 0.289794107121, 0.582560714558, 0.636120001398, 0.0250956318401, 0.0276272207095, 0.371807377745, 0.973612640666, 0.197140044354, 0.679770273928, 0.366177541548, 0.113611747263, 0.111133509863, 0.935621535377, 0.222669909974, 0.380902480317, 0.584038541696, 0.207731851306, 0.5101
0.254621941634, 0.898465694819, 0.646296005189, 0.984087920123, 0.997410310869, 0.588900103524, 0.270574827019, 0.973612640666, 0.108356306463, 0.995213736765, 0.366177541548, 0.138956456985, 0.042121022066, 0.703645567561, 0.277608791637, 0.380902480317, 0.864376785753, 0.207731851306, 0.5101
0.254621941634, 0.359042839251, 0.980153631417, 0.981439868408, 0.657886883112, 0.211107214172, 0.362910043448, 0.973612640666, 0.485163770383, 0.975297809267, 0.142268428873, 0.0464139380823, 0.111133509863, 0.703645567561, 0.360829239937, 0.380902480317, 0.584038541696, 0.00159940882385, 0.5101
0.254621941634, 0.750045114578, 0.703716273279, 0.300445753514, 0.277605942971, 0.0988334590123, 0.371807377745, 0.949860152147, 0.388372897373, 0.878777461663, 0.366177541548, 0.191974001758, 0.0256811964856, 0.785078840965, 0.444306038148, 0.477543141256, 0.709064448321, 0.394772037592, 0.5101
0.411425110865, 0.289794107121, 0.521922920227, 0.0780622784527, 0.715609508868, 0.0577611787734, 0.270574827019, 0.685381057611, 0.35045595909, 0.631296356323, 0.366177541548, 0.113611747263, 0.042121022066, 0.645334882381, 0.444306038148, 0.477543141256, 0.709064448321, 0.265546547001, 0.5101
0.254621941634, 0.469449473972, 0.646296005189, 0.984087920123, 0.997410310869, 0.00279810143821, 0.373834087906, 0.973612640666, 0.108356306463, 0.975297809267, 0.366177541548, 0.0174462900729, 0.135769644431, 0.703645567561, 0.221857091209, 0.380902480317, 0.584038541696, 0.207731851306, 0.5101
0.200134838462, 0.359042839251, 0.646296005189, 0.984087920123, 0.995054586078, 0.211107214172, 0.287243948588, 0.973612640666, 0.108356306463, 0.975297809267, 0.247184636393, 0.0722195311657, 0.111133509863, 0.703645567561, 0.360829239937, 0.114574568837, 0.584038541696, 0.00159940882385, 0.5101
0.411425110865, 0.914514108075, 0.525668681474, 0.806519438885, 0.277605942971, 0.0988334590123, 0.191595103421, 0.657861796363, 0.441379585894, 0.694882415009, 0.366177541548, 0.423450779219, 0.135769644431, 0.589280984809, 0.444306038148, 0.193812738178, 0.709064448321, 0.265546547001, 0.5101
0.427468853513, 0.970632473908, 0.826688286628, 0.806519438885, 0.279100901504, 0.0276272207095, 0.0591772450419, 0.973612640666, 0.197140044354, 0.679770273928, 0.366177541548, 0.113611747263, 0.18903350211, 0.935621535377, 0.222669909974, 0.380902480317, 0.584038541696, 0.109555652116, 0.5101
0.0975994510188, 0.00938601646038, 0.646296005189, 0.984087920123, 0.997410310869, 0.211107214172, 0.270574827019, 0.973612640666, 0.108356306463, 0.975297809267, 0.247184636393, 0.423450779219, 0.042121022066, 0.703645567561, 0.277608791637, 0.380902480317, 0.864376785753, 0.207731851306, 0.5101
0.254621941634, 0.359042839251, 0.525668681474, 0.979768917043, 0.993979550273, 0.211107214172, 0.362910043448, 0.973612640666, 0.485163770383, 0.975297809267, 0.366177541548, 0.0722195311657, 0.111133509863, 0.703645567561, 0.360829239937, 0.380902480317, 0.889149942011, 0.00159940882385, 0.5101
0.254621941634, 0.7810225125, 0.703716273279, 0.743191502602, 0.347115014832, 0.0988334590123, 0.0991157421615, 0.685381057611, 0.388372897373, 0.878777461663, 0.366177541548, 0.113611747263, 0.042121022066, 0.785078840965, 0.444306038148, 0.477543141256, 0.709064448321, 0.164737975446, 0.5101
0.411425110865, 0.914514108075, 0.525668681474, 0.35271899033, 0.334173193748, 0.0107186533023, 0.371807377745, 0.685381057611, 0.109645918831, 0.990140545123, 0.366177541548, 0.423450779219, 0.135769644431, 0.5519896321, 0.432426806587, 0.0743146265848, 0.709064448321, 0.265546547001, 0.5101
0.411425110865, 0.289794107121, 0.826688286628, 0.806519438885, 0.0250956318401, 0.0276272207095, 0.371807377745, 0.973612640666, 0.197140044354, 0.679770273928, 0.366177541548, 0.113611747263, 0.111133509863, 0.935621535377, 0.222669909974, 0.380902480317, 0.584038541696, 0.207731851306, 0.5101
0.254621941634, 0.00938601646038, 0.646296005189, 0.984087920123, 0.997410310869, 0.258769307406, 0.270574827019, 0.973612640666, 0.108356306463, 0.995213736765, 0.366177541548, 0.423450779219, 0.042121022066, 0.703645567561, 0.277608791637, 0.380902480317, 0.864376785753, 0.207731851306, 0.5101
0.254621941634, 0.359042839251, 0.980153631417, 0.981439868408, 0.993979550273, 0.869078245338, 0.362910043448, 0.973612640666, 0.485163770383, 0.975297809267, 0.247184636393, 0.0464139380823, 0.111133509863, 0.703645567561, 0.360829239937, 0.380902480317, 0.584038541696, 0.00159940882385, 0.5101
0.411425110865, 0.289794107121, 0.525668681474, 0.806519438885, 0.277605942971, 0.0988334590123, 0.122048802178, 0.685381057611, 0.441379585894, 0.694882415009, 0.34193551404, 0.113611747263, 0.236336975135, 0.5519896321, 0.444306038148, 0.477543141256, 0.709064448321, 0.265546547001, 0.5101
0.254621941634, 0.359042839251, 0.646296005189, 0.984087920123, 0.99877837009, 0.211107214172, 0.362910043448, 0.973612640666, 0.108356306463, 0.665149676842, 0.247184636393, 0.0722195311657, 0.111133509863, 0.703645567561, 0.360829239937, 0.0904365754821, 0.876937377563, 0.00159940882385, 0.5101
