0.601665025773, 0.584535657961, 0.0, 0.0975948200035, 0.416359554112, 1.0, 0.891561846551, 0.168245410664, 0.10637278885, 930.0
0.731989834083, 0.858338666052, 0.0, 0.59171457754, 0.816834696892, 0.957288233413, 0.378836801414, 0.174246047579, 0.448523644034, 930.0
0.549217918842, 1.0, 0.401821755642, 0.423178806713, 0.903774973598, 0.530179863817, 0.572866565473, 0.0, 0.898226609504, 930.0
0.599876934166, 0.574253623819, 0.2981261989, 0.792691799612, 0.802983422441, 0.829274849957, 0.65283934299, 0.0233291532744, 0.722421863617, 930.0
0.570679694119, 1.0, 0.218820484588, 0.0, 0.532973657878, 0.958138309752, 0.519042083213, 0.365351287074, 0.214622768801, 930.0
0.584749552882, 0.85192368141, 0.182702160589, 0.526477385627, 1.0, 0.810781086272, 0.616666466768, 0.18918652137, 0.36925670886, 930.0
0.748315331391, 0.521654394268, 0.0, 0.0175580822063, 0.313331304213, 0.851914481019, 0.902430002723, 0.42091434525, 0.0, 930.0
0.811929200151, 0.837081321881, 0.249738796899, 0.0, 0.116748241554, 1.0, 1.0, 0.37407450223, 0.453275879572, 930.0
0.637582384632, 0.804568284323, 0.445293406319, 0.0, 0.431991571601, 0.837546425282, 0.556020954475, 0.388808619208, 0.322967607375, 930.0
0.538500220173, 1.0, 0.327033180766, 0.277914057604, 0.574577353604, 0.868433933995, 0.746166255698, 0.27460824089, 0.900066114534, 930.0
0.960677979748, 0.792188765081, 0.290479559176, 0.451104158049, 0.644435805428, 0.798779700799, 0.0, 0.0813639899739, 0.105017551664, 930.0
0.591485369607, 0.754461736267, 0.186993800599, 0.155481150291, 0.506919651119, 0.912046790649, 0.187138456206, 0.474322415071, 1.0, 930.0
1.0, 0.678066980907, 0.0564821471087, 1.0, 1.0, 0.855766146569, 0.734117110193, 0.154433998742, 0.344641901667, 930.0
0.516422261327, 0.666056133409, 0.307976574434, 0.650401048582, 0.951496525051, 0.952599127881, 0.152253712358, 0.0228750047534, 0.372777539572, 930.0
0.642514378068, 0.864843915664, 0.471163961014, 0.0455589896748, 0.718760362007, 0.503497415008, 1.0, 0.454219922148, 0.13626680519, 930.0
0.958760313774, 0.882021296473, 0.224207620611, 0.338801140133, 0.397263498496, 0.64122733449, 0.57083050763, 0.214287151244, 0.537673673947, 930.0
0.822973582618, 0.724438049048, 0.440719636448, 0.271419398033, 0.819988103371, 0.742727489423, 1.0, 0.0, 0.755956702643, 930.0
0.988935380017, 0.551653206507, 0.219389724095, 1.0, 0.685269489606, 0.547015323023, 0.348360354959, 0.303366223045, 0.656477286453, 930.0
0.790097605493, 0.645428503804, 0.134050786681, 0.944652694792, 0.969195667656, 0.717803564263, 0.738452843729, 0.451186985849, 0.887473849839, 930.0
0.929059248103, 0.680323408333, 0.0, 0.267774665106, 0.0, 0.978344038486, 0.717816641242, 0.173721707738, 0.0, 930.0
1.0, 1.0, 0.0228492414586, 0.963742855405, 0.372323503844, 0.760006258349, 0.73488629604, 0.170152240683, 0.0, 930.0
0.576172066881, 0.8341841205, 0.297839668128, 1.0, 0.445377126168, 0.826135708755, 0.682670367016, 0.30850875641, 0.718789719262, 930.0
0.636220704649, 1.0, 0.0331878505203, 0.366777111713, 0.654546906031, 0.565576370527, 0.930511334056, 0.473006069859, 0.300995451284, 930.0
0.518630980287, 0.546902628482, 0.417746910976, 0.890868470528, 0.265213916024, 0.764466547337, 0.414547337391, 0.324964480797, 0.39290741508, 930.0
0.597118271375, 1.0, 0.0, 0.164610883564, 0.211682753862, 0.990469994533, 1.0, 0.444657619109, 1.0, 930.0
0.567517729844, 0.783702078275, 0.219344733483, 0.780563746154, 0.0295277964129, 0.942051705519, 0.609031145573, 0.0123368514001, 0.39092730623, 930.0
0.983581815339, 0.802366400934, 0.0803966600602, 0.95317397067, 0.622364790241, 0.749551502332, 0.624692636091, 0.230964149476, 0.479997552014, 930.0
0.512158215225, 1.0, 0.0, 0.337770471694, 0.112616086701, 0.876002421734, 0.590142411991, 0.0, 0.0, 930.0
0.527519646036, 0.670930035396, 0.0650626242726, 0.592096682836, 0.554453951846, 0.803004462506, 0.985572474092, 0.489697191617, 0.0, 930.0
0.825399657215, 0.899978480223, 0.482307461309, 0.634723016423, 0.387032489178, 0.851525011578, 0.00836793790419, 0.210384283463, 0.476692385448, 930.0
0.824587815265, 1.0, 0.215209638563, 0.827609940691, 1.0, 0.546100272845, 0.557817337703, 0.392069505238, 0.417468295962, 930.0
0.570529609236, 0.468105216219, 0.541485750024, 0.351894594877, 0.341541721294, 0.978772787963, 0.472520070529, 0.0, 0.641011084723, 1020.0
0.770803833636, 0.564147845274, 0.211521159253, 0.644215237046, 0.283634468351, 1.0, 0.256475889422, 0.389998087097, 0.845457982417, 930.0
0.707948076871, 0.939924615706, 0.0, 0.0, 0.910056858235, 1.0, 0.693869600487, 0.0699928781634, 0.231832238416, 930.0
0.788157362931, 1.0, 0.14339274594, 0.0, 0.224975577246, 0.561946344524, 0.561777738828, 0.347788293341, 0.885507763529, 930.0
0.970201942121, 0.567176417787, 0.053678965686, 0.321677992437, 0.99216272582, 0.505438752046, 0.937903993409, 0.373635529688, 0.482360741611, 930.0
1.0, 0.583484140439, 0.0, 0.0, 0.0, 0.552429959867, 0.290011796919, 0.459589902982, 1.0, 930.0
0.575604047396, 0.655989225479, 0.0, 0.415369944797, 0.0623958213552, 0.660090626867, 0.960933643955, 0.00396886035296, 0.281225420181, 930.0
0.67805390664, 1.0, 0.362234169837, 0.887130301326, 0.658527450311, 0.524685795952, 0.400991613234, 0.0, 0.337026836099, 930.0
1.0, 0.679886403379, 0.0610103647706, 0.930055513885, 0.57234944877, 0.519817702996, 0.122020404621, 0.0, 0.683067285835, 930.0
0.688090268772, 1.0, 0.0, 0.0, 0.0, 0.582669221971, 0.901590606438, 0.0, 0.192922956688, 930.0
0.779174213689, 0.507739426398, 0.0, 0.935220344929, 0.171887188724, 0.690957961262, 0.305876185558, 0.35441591677, 1.0, 930.0
1.0, 0.784193103719, 0.237977628456, 0.649769245747, 0.891172272984, 0.822676478752, 0.523745269849, 0.0, 0.360025533438, 930.0
0.990651852323, 0.59147769345, 0.249731359032, 0.839109320706, 0.000680959432072, 0.992089433229, 0.872751483813, 0.0, 0.0016346646099, 930.0
0.776427590438, 0.621969662425, 0.241078949645, 0.614484599844, 0.00509546782109, 0.82669091065, 0.591795902454, 0.449656774573, 0.698922681676, 930.0
0.526268931732, 0.657610963431, 0.107156809122, 0.679971656302, 0.283989348702, 0.749717749837, 0.657554417784, 0.307703898759, 0.807367873554, 930.0
0.704737719585, 0.653036101301, 0.165467970906, 0.741487297527, 0.295952811234, 1.0, 0.530168408902, 0.298760299225, 1.0, 930.0
0.95319463618, 1.0, 0.395761513132, 0.1561607523, 0.792063919381, 0.524685795952, 0.326048279103, 0.0, 0.272978516339, 930.0
0.559577064416, 1.0, 0.102427712282, 0.920166736466, 0.226867777093, 0.796042448104, 0.903544936273, 0.149974515039, 0.0622451333007, 930.0
0.984096234371, 0.536673712777, 0.10440149461, 0.452752005428, 0.859179482079, 0.566213927782, 0.376177469289, 0.0825627375432, 0.654515803681, 930.0
0.904957607953, 0.732160336672, 0.101932408236, 0.355867131848, 0.525952928, 0.87529736427, 0.248497102184, 0.322183386072, 0.461175246144, 930.0
0.642228129055, 0.836283043803, 0.0, 0.341289318609, 0.444886523243, 0.958312985673, 0.254561557367, 0.250945725657, 0.308335614948, 930.0
0.543566282038, 0.788475955811, 0.0175335831308, 0.602154956888, 0.667866748969, 0.605274951418, 0.120633112386, 0.355861454143, 0.507552220714, 930.0
0.575934989098, 0.409862610676, 0.776018291784, 0.624869331511, 0.0303785008237, 0.900898756593, 0.675702307274, 0.426758295878, 0.707346155495, 1020.0
1.0, 1.0, 0.0359720029015, 0.0, 0.528048356325, 0.849401795862, 0.684209188088, 0.280805319804, 0.142517281225, 930.0
0.554955280798, 0.556286792203, 0.467061264224, 0.466949562441, 1.0, 0.821475420364, 0.0385609701569, 0.325074705856, 0.419554868574, 930.0
1.0, 0.599534059637, 0.0, 0.027128838768, 0.540021622828, 0.793619864727, 0.276641340604, 0.128337732192, 0.966835883606, 930.0
0.563148456567, 0.794286353869, 0.0308580709344, 0.764817455437, 0.524780098721, 0.64326336601, 0.386577343, 0.0490136117074, 0.571807600081, 930.0
0.888519186705, 0.976031264975, 0.0, 0.0, 0.636641836481, 0.531392984801, 1.0, 0.191384629835, 0.113187816683, 930.0
0.954151776372, 0.720783960816, 0.129681663039, 0.771050278415, 1.0, 0.50020550006, 0.881468336399, 0.163900705625, 0.231054140918, 930.0
0.659189751159, 0.883262294553, 0.382718356912, 0.718513851674, 0.850451902552, 0.666565867277, 0.0113977375006, 0.456478799653, 0.909810497849, 930.0
0.832667787855, 0.958617874556, 0.0725845571033, 0.904042189874, 0.763940831025, 0.818931316541, 0.624384581252, 0.0, 0.922012504444, 930.0
0.812670108853, 1.0, 0.255690620248, 1.0, 0.768244746762, 0.704017390871, 0.210301173648, 0.0, 0.648146479188, 930.0
0.558976574503, 0.703575332269, 0.0622859232339, 0.769673804901, 0.824177704385, 0.579049147964, 0.603157539883, 0.184097947535, 0.778327923297, 930.0
0.621425528766, 0.555501409873, 0.295491704605, 0.885313956639, 0.672073328503, 0.53730224299, 0.351260981222, 0.0418217528845, 0.598489889454, 930.0
0.754141980716, 1.0, 0.196069706403, 0.476748742485, 0.44709326286, 0.621130475119, 0.0, 0.311450061357, 0.983366802882, 930.0
0.867073444176, 0.923013435467, 0.0, 0.218694953779, 0.0771128530214, 0.936389392676, 0.747389723966, 0.275746115999, 0.928279640007, 930.0
1.0, 0.971990745573, 0.355836264318, 0.278668981098, 1.0, 0.592896349381, 0.212919457481, 0.424668691708, 0.0, 930.0
0.883837279568, 0.860673916447, 0.205035672506, 0.78347497768, 0.225147853312, 1.0, 0.379157231754, 0.33933565221, 0.977809077792, 930.0
0.974851416128, 0.782679465801, 0.392180430128, 1.0, 0.852017800435, 0.748036634166, 0.213935179593, 0.393454080366, 0.678770738081, 930.0
0.836909448601, 0.602826224797, 0.0, 0.0901142937763, 0.0, 0.560391331259, 0.473298886609, 0.470925193278, 0.195430951955, 930.0
0.551149237049, 0.583484140439, 0.0, 0.357964991253, 0.657479705567, 0.948310284019, 0.488925056656, 0.104835350587, 0.96454666749, 930.0
0.622815647743, 1.0, 0.187498773139, 0.961691274703, 0.419102635627, 0.803556510945, 0.297894692693, 0.403811573342, 0.206516076391, 930.0
0.897240016709, 1.0, 0.180106297798, 0.620532352789, 0.33774349258, 0.873733826758, 0.541075537974, 0.00250451440061, 0.905324456645, 930.0
0.825837593401, 0.674532805873, 0.264908651876, 0.289054295501, 0.182547593931, 0.769222263528, 0.737454833307, 0.234085540222, 0.752092286505, 930.0
0.620319730749, 0.771746008177, 0.177511816019, 0.944385364784, 0.578985756392, 0.588278589621, 0.253009204273, 0.176468036685, 0.684871745876, 930.0
0.532254225165, 0.654354136211, 0.155198803237, 0.432719507149, 0.129434283588, 1.0, 0.396240168534, 0.477747502429, 0.167671271349, 930.0
0.791560483064, 0.635926359848, 0.0284806921373, 0.36844582527, 0.458808470814, 0.690749515433, 0.284950361325, 0.144670046849, 0.528886778521, 930.0
0.591543632163, 0.662139928656, 0.0, 0.394013135482, 0.155102390674, 0.864052989195, 0.875362744111, 0.0969417772028, 0.950732383328, 930.0
0.911543065765, 0.58241417233, 0.189150519518, 0.142827176904, 0.550486499531, 1.0, 0.96625834401, 0.0152216802314, 0.610991159825, 930.0
0.904677651775, 0.642158605334, 0.0, 0.542931323747, 0.765383680341, 0.808709541715, 1.0, 0.296703771921, 0.0, 930.0
0.654854013725, 0.735032125024, 0.340837495582, 0.485087119655, 0.925605075389, 0.864553082683, 0.245329938241, 0.137779480842, 0.717766501463, 930.0
0.922969733868, 0.892489238374, 0.244911559821, 0.861190712023, 1.0, 1.0, 0.452454433502, 0.0, 0.0, 930.0
0.594876532548, 0.542662411455, 0.159356647308, 0.305355877942, 0.742705748014, 0.690427953325, 0.319336145241, 0.265295628757, 0.66837431379, 930.0
0.760024761938, 0.801013095063, 0.216654150845, 0.53931183045, 0.253487861269, 0.70310816334, 0.118360762689, 0.171290567, 0.834628371318, 930.0
0.740941500402, 0.646165648684, 0.0641444121272, 0.958747769228, 0.341541721294, 0.833072756865, 0.855413665728, 0.438124387152, 0.608863016539, 930.0
0.542316017817, 0.54045324916, 0.18569121048, 0.574631192897, 0.872142851281, 0.619393017151, 0.582169899075, 0.154434251819, 0.317054212133, 930.0
0.513964722199, 0.862036465161, 0.145102990705, 0.915382480387, 0.964996417406, 0.977706770151, 0.294972278955, 0.125588568788, 0.0658706591506, 930.0
0.917937158692, 0.761826769081, 0.0, 0.345715296737, 0.912958467402, 0.90739868942, 1.0, 0.27702835158, 0.548180103576, 930.0
0.629629090486, 0.525776370041, 0.309181069834, 0.820022183242, 0.68844373263, 0.656120237244, 0.680503318365, 0.0, 0.0924579039552, 930.0
0.552542429948, 1.0, 0.0, 0.411265597371, 1.0, 0.608704219493, 0.155845547592, 0.261114513148, 0.16623741044, 930.0
0.968303308914, 1.0, 0.107195546747, 0.0886798370134, 0.744803003797, 0.699552338033, 0.23928465129, 0.147079606164, 0.228882582755, 930.0
0.708981637621, 0.849532865174, 0.0324353966006, 0.688177377322, 0.147890829621, 0.871371671862, 0.0505172712965, 0.39856382621, 0.424482926127, 930.0
0.836024305475, 0.581742860121, 0.198045081501, 0.333312804856, 1.0, 0.606376081589, 0.154348859033, 0.203980560738, 0.027055437456, 930.0
0.898516627752, 0.620186267607, 0.355721073084, 0.273759329114, 0.576878478605, 0.988362788942, 0.707768764971, 0.0179716585311, 0.789199806235, 930.0
0.839489458841, 0.583982799301, 0.0524297809155, 0.0870235141769, 0.887100013883, 0.913548105549, 0.0743836310199, 0.178042359687, 0.0167141124588, 930.0
0.727719048866, 0.804104576893, 0.113241208367, 1.0, 0.40582851255, 0.556262480508, 0.547806433345, 0.0272782084139, 1.0, 930.0
0.601972845171, 0.76984715971, 0.289439971051, 1.0, 0.97415954512, 0.516098770741, 0.10639326582, 0.180854171714, 0.325435821972, 930.0
0.877406697553, 0.834358805946, 0.127642983762, 0.0102502036992, 0.811298838197, 0.692565641544, 0.446488516981, 0.244968685729, 0.580623602792, 930.0
0.516054144368, 0.723541236412, 0.247023224513, 1.0, 0.391785493307, 0.843181268469, 0.90183292468, 0.0200386636226, 0.776175389304, 930.0
