0.696188507179, 0.578525716593, 0.218820484588, 0.667132158882, 0.532973657878, 0.175341337256, 0.616666466768, 0.365351287074, 0.214622768801, 990.0
0.811929200151, 0.675368535221, 0.156136219805, 0.155714648335, 0.116748241554, 0.20498758929, 0.209829650187, 0.3409502488, 0.562767187802, 990.0
0.637582384632, 0.806328352768, 0.445293406319, 0.308539745887, 0.0331215318137, 0.837546425282, 0.706513194947, 0.333146845434, 0.793045556925, 990.0
0.821835067412, 0.286683835542, 0.307976574434, 0.650401048582, 0.951496525051, 0.952599127881, 0.152253712358, 0.0228750047534, 0.372777539572, 990.0
0.510292595136, 0.882021296473, 0.471163961014, 0.0455589896748, 0.718760362007, 0.338279452602, 0.986587933477, 0.454219922148, 0.537673673947, 990.0
0.958760313774, 0.445786591845, 0.224207620611, 0.338801140133, 0.0117339583752, 0.64122733449, 0.57083050763, 0.214287151244, 0.13626680519, 990.0
0.567517729844, 0.274739406173, 0.183018290216, 0.842866949772, 0.0295277964129, 0.958312985673, 0.609031145573, 0.0123368514001, 0.274359122713, 990.0
0.713931577259, 0.899978480223, 0.0411037638682, 0.160934447547, 0.971685450254, 0.851525011578, 0.00836793790419, 0.210384283463, 0.667880023363, 990.0
0.824587815265, 0.782264156006, 0.457341187188, 0.351894594877, 0.892869551193, 0.368164366133, 0.637101655393, 0.392069505238, 0.423535842834, 990.0
0.955489206939, 0.154427077588, 0.00856539172583, 0.160675057953, 0.910056858235, 0.974865009992, 0.126104838522, 0.0699928781634, 0.33487376471, 990.0
0.970201942121, 0.567176417787, 0.053678965686, 0.26837907631, 0.99216272582, 0.134042565452, 0.952108857855, 0.102164575594, 0.0154292473124, 990.0
0.817007704739, 0.0224800090534, 0.414443317748, 0.615741510358, 0.973495117568, 0.552429959867, 0.290011796919, 0.204556999969, 0.438808637678, 990.0
0.95319463618, 0.124296748618, 0.395761513132, 0.765584509383, 0.330359823414, 0.524685795952, 0.44372770948, 0.332164228169, 0.272978516339, 990.0
0.575934989098, 0.788475955811, 0.0175335831308, 0.602154956888, 0.667866748969, 0.605274951418, 0.491292379562, 0.355861454143, 0.507552220714, 990.0
0.563148456567, 0.794286353869, 0.0308580709344, 0.764817455437, 0.524780098721, 0.64326336601, 0.386577343, 0.0490136117074, 0.571807600081, 990.0
0.659189751159, 0.947938299716, 0.382718356912, 0.718513851674, 0.850451902552, 0.226158545807, 0.0113977375006, 0.456478799653, 0.909810497849, 990.0
0.754141980716, 0.555501409873, 0.295491704605, 0.885313956639, 0.672073328503, 0.260801783272, 0.16505302169, 0.0418217528845, 0.60597115458, 990.0
0.620319730749, 0.771746008177, 0.177511816019, 0.944385364784, 0.256919031101, 0.588278589621, 0.253009204273, 0.234085540222, 0.684871745876, 990.0
0.979364667674, 0.514281032099, 0.155198803237, 0.432719507149, 0.363537943064, 0.226303338629, 0.45046301603, 0.333569981417, 0.167671271349, 990.0
0.791560483064, 0.635926359848, 0.0284806921373, 0.231947401969, 0.71352277566, 0.318139605551, 0.284950361325, 0.378949626047, 0.528886778521, 990.0
0.760024761938, 0.915566141427, 0.216654150845, 0.958747769228, 0.341541721294, 0.358760928325, 0.855413665728, 0.393034105683, 0.608863016539, 990.0
0.708981637621, 0.581742860121, 0.232090310687, 0.123963196842, 0.381492416295, 0.229578967092, 0.0505172712965, 0.471073188801, 0.381008280405, 990.0
0.898516627752, 0.620186267607, 0.33901865649, 0.436637280362, 0.576878478605, 0.988362788942, 0.707768764971, 0.0179716585311, 0.789199806235, 990.0
0.621124348852, 0.793966848627, 0.187879194763, 0.76382601366, 0.40582851255, 0.805257043876, 0.497889565028, 0.0272782084139, 0.462887773571, 990.0
0.877406697553, 0.667510624421, 0.127642983762, 0.0102502036992, 0.811298838197, 0.692565641544, 0.446488516981, 0.244968685729, 0.580623602792, 990.0
0.696188507179, 0.578525716593, 0.218820484588, 0.667132158882, 0.532973657878, 0.175341337256, 0.616666466768, 0.365351287074, 0.214622768801, 990.0
0.811929200151, 0.675368535221, 0.156136219805, 0.155714648335, 0.116748241554, 0.20498758929, 0.209829650187, 0.3409502488, 0.562767187802, 990.0
0.637582384632, 0.806328352768, 0.445293406319, 0.308539745887, 0.0331215318137, 0.837546425282, 0.706513194947, 0.333146845434, 0.793045556925, 990.0
0.821835067412, 0.286683835542, 0.307976574434, 0.650401048582, 0.951496525051, 0.952599127881, 0.152253712358, 0.0228750047534, 0.372777539572, 990.0
0.510292595136, 0.882021296473, 0.471163961014, 0.0455589896748, 0.718760362007, 0.338279452602, 0.986587933477, 0.454219922148, 0.537673673947, 990.0
0.958760313774, 0.445786591845, 0.224207620611, 0.338801140133, 0.0117339583752, 0.64122733449, 0.57083050763, 0.214287151244, 0.13626680519, 990.0
0.567517729844, 0.274739406173, 0.183018290216, 0.842866949772, 0.0295277964129, 0.958312985673, 0.609031145573, 0.0123368514001, 0.274359122713, 990.0
0.713931577259, 0.899978480223, 0.0411037638682, 0.160934447547, 0.971685450254, 0.851525011578, 0.00836793790419, 0.210384283463, 0.667880023363, 990.0
0.824587815265, 0.782264156006, 0.457341187188, 0.351894594877, 0.892869551193, 0.368164366133, 0.637101655393, 0.392069505238, 0.423535842834, 990.0
0.955489206939, 0.154427077588, 0.00856539172583, 0.160675057953, 0.910056858235, 0.974865009992, 0.126104838522, 0.0699928781634, 0.33487376471, 990.0
0.970201942121, 0.567176417787, 0.053678965686, 0.26837907631, 0.99216272582, 0.134042565452, 0.952108857855, 0.102164575594, 0.0154292473124, 990.0
0.817007704739, 0.0224800090534, 0.414443317748, 0.615741510358, 0.973495117568, 0.552429959867, 0.290011796919, 0.204556999969, 0.438808637678, 990.0
0.95319463618, 0.124296748618, 0.395761513132, 0.765584509383, 0.330359823414, 0.524685795952, 0.44372770948, 0.332164228169, 0.272978516339, 990.0
0.575934989098, 0.788475955811, 0.0175335831308, 0.602154956888, 0.667866748969, 0.605274951418, 0.491292379562, 0.355861454143, 0.507552220714, 990.0
0.563148456567, 0.794286353869, 0.0308580709344, 0.764817455437, 0.524780098721, 0.64326336601, 0.386577343, 0.0490136117074, 0.571807600081, 990.0
0.659189751159, 0.947938299716, 0.382718356912, 0.718513851674, 0.850451902552, 0.226158545807, 0.0113977375006, 0.456478799653, 0.909810497849, 990.0
0.754141980716, 0.555501409873, 0.295491704605, 0.885313956639, 0.672073328503, 0.260801783272, 0.16505302169, 0.0418217528845, 0.60597115458, 990.0
0.620319730749, 0.771746008177, 0.177511816019, 0.944385364784, 0.256919031101, 0.588278589621, 0.253009204273, 0.234085540222, 0.684871745876, 990.0
0.979364667674, 0.514281032099, 0.155198803237, 0.432719507149, 0.363537943064, 0.226303338629, 0.45046301603, 0.333569981417, 0.167671271349, 990.0
0.791560483064, 0.635926359848, 0.0284806921373, 0.231947401969, 0.71352277566, 0.318139605551, 0.284950361325, 0.378949626047, 0.528886778521, 990.0
0.760024761938, 0.915566141427, 0.216654150845, 0.958747769228, 0.341541721294, 0.358760928325, 0.855413665728, 0.393034105683, 0.608863016539, 990.0
0.708981637621, 0.581742860121, 0.232090310687, 0.123963196842, 0.381492416295, 0.229578967092, 0.0505172712965, 0.471073188801, 0.381008280405, 990.0
0.898516627752, 0.620186267607, 0.33901865649, 0.436637280362, 0.576878478605, 0.988362788942, 0.707768764971, 0.0179716585311, 0.789199806235, 990.0
0.621124348852, 0.793966848627, 0.187879194763, 0.76382601366, 0.40582851255, 0.805257043876, 0.497889565028, 0.0272782084139, 0.462887773571, 990.0
0.877406697553, 0.667510624421, 0.127642983762, 0.0102502036992, 0.811298838197, 0.692565641544, 0.446488516981, 0.244968685729, 0.580623602792, 990.0
0.8819135844, 0.174891431121, 0.249738796899, 0.489649501079, 0.313331304213, 0.550142415013, 0.902430002723, 0.406672881037, 0.68034939608, 1080.0
0.802482683616, 0.844694815571, 0.194052021977, 0.122457644565, 0.937848511575, 0.85587860092, 0.746166255698, 0.516625544483, 0.158072585696, 1080.0
0.718617670309, 0.229619759557, 0.242292991942, 0.267774665106, 0.969195667656, 0.717803564263, 0.738452843729, 0.451186985849, 0.887473849839, 1080.0
0.984096234371, 0.099309956866, 0.213560772609, 0.452752005428, 0.44165112677, 0.507956955608, 0.914149289896, 0.0825627375432, 0.665596565686, 1080.0
0.621425528766, 0.317520940244, 0.196069706403, 0.429951196357, 0.980713955372, 0.621130475119, 0.195970232826, 0.311450061357, 0.983366802882, 1080.0
0.825837593401, 0.55458427417, 0.610820220335, 0.429301715098, 0.578985756392, 0.769222263528, 0.737454833307, 0.176468036685, 0.752092286505, 1080.0
0.827958332118, 0.203983873512, 0.0970526653195, 0.629722701824, 0.989899832134, 0.690427953325, 0.319336145241, 0.239016979952, 0.655542162678, 1080.0
0.713154837407, 0.41725998914, 0.0960623011742, 0.173595672792, 0.253487861269, 0.70310816334, 0.850581426866, 0.438124387152, 0.834628371318, 1080.0
0.917937158692, 0.503237346588, 0.970063329939, 0.345715296737, 0.298325423206, 0.375276197074, 0.951453381335, 0.27702835158, 0.548180103576, 1080.0
0.8819135844, 0.174891431121, 0.249738796899, 0.489649501079, 0.313331304213, 0.550142415013, 0.902430002723, 0.406672881037, 0.68034939608, 1080.0
0.802482683616, 0.844694815571, 0.194052021977, 0.122457644565, 0.937848511575, 0.85587860092, 0.746166255698, 0.516625544483, 0.158072585696, 1080.0
0.718617670309, 0.229619759557, 0.242292991942, 0.267774665106, 0.969195667656, 0.717803564263, 0.738452843729, 0.451186985849, 0.887473849839, 1080.0
0.984096234371, 0.099309956866, 0.213560772609, 0.452752005428, 0.44165112677, 0.507956955608, 0.914149289896, 0.0825627375432, 0.665596565686, 1080.0
0.621425528766, 0.317520940244, 0.196069706403, 0.429951196357, 0.980713955372, 0.621130475119, 0.195970232826, 0.311450061357, 0.983366802882, 1080.0
0.825837593401, 0.55458427417, 0.610820220335, 0.429301715098, 0.578985756392, 0.769222263528, 0.737454833307, 0.176468036685, 0.752092286505, 1080.0
0.827958332118, 0.203983873512, 0.0970526653195, 0.629722701824, 0.989899832134, 0.690427953325, 0.319336145241, 0.239016979952, 0.655542162678, 1080.0
0.713154837407, 0.41725998914, 0.0960623011742, 0.173595672792, 0.253487861269, 0.70310816334, 0.850581426866, 0.438124387152, 0.834628371318, 1080.0
0.917937158692, 0.503237346588, 0.970063329939, 0.345715296737, 0.298325423206, 0.375276197074, 0.951453381335, 0.27702835158, 0.548180103576, 1080.0
0.609333035557, 0.0664733451783, 0.401821755642, 0.423178806713, 0.951802702281, 0.0478392553815, 0.705698319039, 0.245789469713, 0.898226609504, 1140.0
0.763455157319, 0.143489848893, 0.182702160589, 0.18705654656, 0.518382095466, 0.477747093511, 0.519042083213, 0.410526331304, 0.896132525516, 1140.0
0.814292016422, 0.0347690942784, 0.0197584117048, 0.963742855405, 0.372323503844, 0.188714238167, 0.854541367775, 0.32467205872, 0.873385183027, 1140.0
0.672876194809, 0.784193103719, 0.249731359032, 0.621898123959, 0.931945771332, 0.870784086504, 0.421571067288, 0.977707507402, 0.0016346646099, 1140.0
0.559577064416, 0.761515949613, 0.102427712282, 0.795736224559, 0.526497344844, 0.796042448104, 0.438966814409, 0.510958411352, 0.0622451333007, 1140.0
0.704178003483, 0.732160336672, 0.101932408236, 0.355867131848, 0.525952928, 0.87529736427, 0.248497102184, 0.587596901175, 0.461175246144, 1140.0
0.524430587427, 0.971990745573, 0.355836264318, 0.278668981098, 0.0386298230999, 0.632560348124, 0.212919457481, 0.597774226608, 0.0230826160574, 1140.0
0.729405217936, 0.498417746302, 0.494401292537, 0.394013135482, 0.550486499531, 0.415981827408, 0.96625834401, 0.0152216802314, 0.610991159825, 1140.0
0.513964722199, 0.862036465161, 0.145102990705, 0.915382480387, 0.964996417406, 0.980751402599, 0.294972278955, 0.717406028341, 0.0658706591506, 1140.0
0.836024305475, 0.726086361561, 0.0324353966006, 0.333312804856, 0.319080874025, 0.606376081589, 0.154348859033, 0.86468092532, 0.271746818918, 1140.0
0.609333035557, 0.0664733451783, 0.401821755642, 0.423178806713, 0.951802702281, 0.0478392553815, 0.705698319039, 0.245789469713, 0.898226609504, 1140.0
0.763455157319, 0.143489848893, 0.182702160589, 0.18705654656, 0.518382095466, 0.477747093511, 0.519042083213, 0.410526331304, 0.896132525516, 1140.0
0.814292016422, 0.0347690942784, 0.0197584117048, 0.963742855405, 0.372323503844, 0.188714238167, 0.854541367775, 0.32467205872, 0.873385183027, 1140.0
0.672876194809, 0.784193103719, 0.249731359032, 0.621898123959, 0.931945771332, 0.870784086504, 0.421571067288, 0.977707507402, 0.0016346646099, 1140.0
0.559577064416, 0.761515949613, 0.102427712282, 0.795736224559, 0.526497344844, 0.796042448104, 0.438966814409, 0.510958411352, 0.0622451333007, 1140.0
0.704178003483, 0.732160336672, 0.101932408236, 0.355867131848, 0.525952928, 0.87529736427, 0.248497102184, 0.587596901175, 0.461175246144, 1140.0
0.524430587427, 0.971990745573, 0.355836264318, 0.278668981098, 0.0386298230999, 0.632560348124, 0.212919457481, 0.597774226608, 0.0230826160574, 1140.0
0.729405217936, 0.498417746302, 0.494401292537, 0.394013135482, 0.550486499531, 0.415981827408, 0.96625834401, 0.0152216802314, 0.610991159825, 1140.0
0.513964722199, 0.862036465161, 0.145102990705, 0.915382480387, 0.964996417406, 0.980751402599, 0.294972278955, 0.717406028341, 0.0658706591506, 1140.0
0.836024305475, 0.726086361561, 0.0324353966006, 0.333312804856, 0.319080874025, 0.606376081589, 0.154348859033, 0.86468092532, 0.271746818918, 1140.0
0.526268931732, 0.657610963431, 0.775989181231, 0.686179537129, 0.283989348702, 0.438170065249, 0.657554417784, 0.307703898759, 0.936962715879, 1170.0
0.543566282038, 0.409862610676, 0.776018291784, 0.624869331511, 0.0303785008237, 0.900898756593, 0.675702307274, 0.426758295878, 0.707346155495, 1170.0
0.980283684824, 0.662139928656, 0.569028636986, 0.859926292923, 0.155102390674, 0.193977536077, 0.875362744111, 0.0969417772028, 0.81237870063, 1170.0
0.526268931732, 0.657610963431, 0.775989181231, 0.686179537129, 0.283989348702, 0.438170065249, 0.657554417784, 0.307703898759, 0.936962715879, 1170.0
0.543566282038, 0.409862610676, 0.776018291784, 0.624869331511, 0.0303785008237, 0.900898756593, 0.675702307274, 0.426758295878, 0.707346155495, 1170.0
0.980283684824, 0.662139928656, 0.569028636986, 0.859926292923, 0.155102390674, 0.193977536077, 0.875362744111, 0.0969417772028, 0.81237870063, 1170.0
0.651871726972, 0.628160754681, 0.838661803195, 0.905787159989, 0.801851803844, 0.957288233413, 0.422391117223, 0.196074580577, 0.8065978235, 1200.0
0.754904426462, 0.911648157598, 0.950346121381, 0.826684186657, 0.102139614388, 0.000508669009174, 0.403909373999, 0.440970969023, 0.768036210833, 1200.0
0.997947303521, 0.338753402569, 0.620592527813, 0.522621822606, 0.685269489606, 0.331420334756, 0.348360354959, 0.262743368076, 0.862240596298, 1200.0
0.828842815457, 0.313887906915, 0.606830741241, 0.891513625564, 0.486644751354, 0.387493954198, 0.256475889422, 0.490105962027, 0.803885884956, 1200.0
0.948157176166, 0.614801196026, 0.901940872439, 0.626823273161, 0.363452136185, 0.383413598756, 0.267991401091, 0.347788293341, 0.885507763529, 1200.0
0.754904426462, 0.911648157598, 0.950346121381, 0.826684186657, 0.102139614388, 0.000508669009174, 0.403909373999, 0.440970969023, 0.768036210833, 1200.0
