0.858920256977, 0.862036465161, 0.489005128623, 0.806621957638, 0.535936790853, 0.588278589621, 0.253009204273, 0.0144290678971, 0.228868186103, 930.0
0.898516627752, 0.834358805946, 0.145102990705, 0.915382480387, 0.990327691713, 0.64122733449, 0.72255803054, 0.418095419552, 0.543934658248, 930.0
0.877406697553, 0.862036465161, 0.212104759812, 0.996064759539, 0.526497344844, 0.540755527058, 0.452733105958, 0.183317313491, 0.580623602792, 930.0
0.620319730749, 0.781076827287, 0.0759208796643, 0.915382480387, 0.15948046846, 0.984068366257, 0.0572588242389, 0.0162196671583, 0.909810497849, 930.0
0.620319730749, 0.983366656343, 0.0255957774244, 0.944385364784, 0.373377688208, 0.583038416171, 0.172488890845, 0.176468036685, 0.909810497849, 930.0
0.973400604945, 0.951092586981, 0.0929215463318, 0.0102502036992, 0.996623671569, 0.998040080762, 0.446488516981, 0.214287151244, 0.862480743602, 930.0
0.513964722199, 0.943721530126, 0.297017302174, 0.609929542616, 0.0155237732733, 0.977706770151, 0.172488890845, 0.125588568788, 0.684871745876, 930.0
0.559577064416, 0.511868681532, 0.0182998435561, 0.886371979612, 0.189142460268, 0.998824189462, 0.780915203865, 0.183317313491, 0.562121644968, 930.0
0.513964722199, 0.624589165357, 0.427029285713, 0.718513851674, 0.389797095141, 0.605274951418, 0.684337895999, 0.17690121209, 0.13626680519, 930.0
0.708548583516, 0.958493773343, 0.145102990705, 0.915382480387, 0.113334697494, 0.64122733449, 0.253009204273, 0.355861454143, 0.909810497849, 930.0
0.898516627752, 0.834358805946, 0.0395788495301, 0.185428756227, 0.990327691713, 0.87529736427, 0.72255803054, 0.418095419552, 0.543934658248, 930.0
0.701771351678, 0.862036465161, 0.145102990705, 0.0102502036992, 0.576878478605, 0.627503440176, 0.452733105958, 0.183317313491, 0.0384801192164, 930.0
0.877406697553, 0.983901234215, 0.489005128623, 0.99697569931, 0.626330280516, 0.691651317169, 0.862336612833, 0.0994056392552, 0.580623602792, 930.0
0.980021406606, 0.910915792567, 0.102427712282, 0.951627729153, 0.526497344844, 0.507956955608, 0.446488516981, 0.0198050097645, 0.297952196685, 930.0
0.559577064416, 0.511868681532, 0.361290745482, 0.165595704488, 0.0607213952378, 0.99961129446, 0.409198400452, 0.0183410811424, 0.13626680519, 930.0
0.513964722199, 0.944915403622, 0.199682681766, 0.606575156784, 0.995202470235, 0.64122733449, 0.840929440312, 0.150442674441, 0.476113956329, 930.0
0.898516627752, 0.600429885526, 0.355721073084, 0.273759329114, 0.576878478605, 0.978094962475, 0.765940144539, 0.00102782788453, 0.228868186103, 930.0
0.513964722199, 0.511868681532, 0.145102990705, 0.718513851674, 0.964996417406, 0.897316657429, 0.707768764971, 0.125588568788, 0.0658706591506, 930.0
0.615379156378, 0.994189609291, 0.197124900505, 0.0102502036992, 0.352379718171, 0.998824189462, 0.452733105958, 0.0822134446534, 0.0167141124588, 930.0
0.559577064416, 0.834358805946, 0.102427712282, 0.951627729153, 0.525952928, 0.682405035119, 0.446488516981, 0.0270057870668, 0.0622451333007, 930.0
0.877406697553, 0.834358805946, 0.224207620611, 0.00910729152186, 0.576878478605, 0.798537886122, 0.684337895999, 0.335053964531, 0.13626680519, 930.0
0.898516627752, 0.970899833562, 0.127642983762, 0.338801140133, 0.996276481983, 0.568847974727, 0.824771461752, 0.0794947124314, 0.445086522493, 930.0
0.559577064416, 0.769473956622, 0.00496153024683, 0.650127144097, 0.182547593931, 0.87529736427, 0.340677719992, 0.322183386072, 0.573209277346, 930.0
0.543566282038, 0.965743035255, 0.0428236693221, 0.951627729153, 0.526497344844, 0.719123453865, 0.46770561843, 0.301681266042, 0.231008231363, 930.0
0.566003826986, 0.838115867461, 0.196875168217, 0.982439755609, 0.526497344844, 0.51614896454, 0.641071410757, 0.0351154875744, 0.669513795985, 930.0
0.615062572836, 0.635926359848, 0.494401292537, 0.889391008384, 0.958009340908, 0.507956955608, 0.707768764971, 0.366616503996, 0.13626680519, 930.0
0.649161031191, 0.568262960453, 0.355721073084, 0.338801140133, 0.576878478605, 0.64122733449, 0.45046301603, 0.085112156128, 0.13626680519, 930.0
0.812660648677, 0.817657266693, 0.101932408236, 0.338801140133, 0.648408617678, 0.692565641544, 0.792450214054, 0.065995275342, 0.134165592655, 930.0
0.708548583516, 0.88403107158, 0.355721073084, 0.273759329114, 0.990327691713, 0.977706770151, 0.707768764971, 0.0144290678971, 0.283663535825, 930.0
0.513964722199, 0.968355401581, 0.145102990705, 0.915382480387, 0.964996417406, 0.64122733449, 0.707768764971, 0.223140768828, 0.0234497610822, 930.0
0.86270840864, 0.511868681532, 0.284134325024, 0.0237367385202, 0.990327691713, 0.977706770151, 0.248497102184, 0.214287151244, 0.0485085699873, 930.0
0.914234637397, 0.936077381209, 0.00346690405405, 0.643378745412, 0.946168916617, 0.605274951418, 0.105918606066, 0.322183386072, 0.590766744797, 930.0
0.543566282038, 0.788475955811, 0.0684008203867, 0.602154956888, 0.667866748969, 0.665657086946, 0.379055706358, 0.355861454143, 0.909810497849, 930.0
0.877406697553, 0.862036465161, 0.145102990705, 0.944385364784, 0.760826027454, 0.588278589621, 0.203830573964, 0.0270057870668, 0.000403911966981, 930.0
0.943044624635, 0.893875587834, 0.355836264318, 0.951627729153, 0.000195206767628, 0.974865009992, 0.289270803553, 0.236646867019, 0.705145047074, 930.0
0.559577064416, 0.910915792567, 0.0428236693221, 0.160675057953, 0.6621507368, 0.507956955608, 0.452733105958, 0.210384283463, 0.00075924573116, 930.0
0.958760313774, 0.834358805946, 0.0929215463318, 0.135780341556, 0.999064365093, 0.64122733449, 0.0767640843739, 0.0182776057374, 0.580623602792, 930.0
0.543566282038, 0.951092586981, 0.101932408236, 0.944385364784, 0.513239615758, 0.87529736427, 0.144565025399, 0.318513735212, 0.553782582745, 930.0
0.620319730749, 0.939059570862, 0.102427712282, 0.970002146494, 0.850451902552, 0.774849233461, 0.549128521466, 0.0270057870668, 0.684871745876, 930.0
0.877406697553, 0.932888396397, 0.0789521941992, 0.0102502036992, 0.526497344844, 0.691651317169, 0.446488516981, 0.307891303019, 0.248341991709, 930.0
0.559577064416, 0.943721530126, 0.197124900505, 0.338801140133, 0.508198844734, 0.507956955608, 0.00922846602728, 0.183317313491, 0.0622451333007, 930.0
0.882331606532, 0.769473956622, 0.27987384022, 0.951627729153, 0.397263498496, 0.506559950713, 0.996917319076, 0.378009372137, 0.13626680519, 930.0
0.559577064416, 0.834358805946, 0.105450250059, 0.386598985698, 0.526497344844, 0.974865009992, 0.237146807579, 0.0270057870668, 0.0622451333007, 930.0
0.739794616337, 0.98025162039, 0.487059163931, 0.969265173005, 0.819454565676, 0.507956955608, 0.064784959787, 0.0275946916466, 0.580623602792, 930.0
0.93733950338, 0.965743035255, 0.0923221783659, 0.408686191974, 0.00255906843067, 0.978414735829, 0.256475889422, 0.0951498582376, 0.610991159825, 930.0
0.958760313774, 0.728554671679, 0.355721073084, 0.260707691748, 0.756246099257, 0.692565641544, 0.707768764971, 0.00726959358684, 0.228868186103, 930.0
0.964213966373, 0.528623607241, 0.0433872767466, 0.126545976899, 0.648408617678, 0.64122733449, 0.51909562478, 0.322183386072, 0.862480743602, 930.0
0.543566282038, 0.750527988271, 0.0609684852599, 0.273759329114, 0.182547593931, 0.588278589621, 0.248497102184, 0.244968685729, 0.939476110239, 930.0
0.616934830045, 0.883262294553, 0.475472703546, 0.863924770203, 0.864315447342, 0.921591453534, 0.951270150931, 0.442232084853, 0.854181199929, 930.0
0.958760313774, 0.788475955811, 0.0872488183536, 0.501758078721, 0.113334697494, 0.64122733449, 0.369087138234, 0.0144290678971, 0.294434748578, 930.0
0.898516627752, 0.511868681532, 0.224693647259, 0.915382480387, 0.32571083538, 0.628757259981, 0.246222386994, 0.355861454143, 0.580623602792, 930.0
0.990424709025, 0.781076827287, 0.0403551394429, 0.408686191974, 0.576878478605, 0.998040080762, 0.215597898682, 0.214287151244, 0.862480743602, 930.0
0.543566282038, 0.769473956622, 0.101932408236, 0.528411935536, 0.395724436849, 0.64122733449, 0.707768764971, 0.25106431554, 0.0620087966709, 930.0
0.958760313774, 0.882021296473, 0.0546799636488, 0.252930667308, 0.181143984002, 0.921591453534, 0.0546702981997, 0.0216355319387, 0.590766744797, 930.0
0.620319730749, 0.962039920498, 0.177511816019, 0.863924770203, 0.939832909931, 0.588278589621, 0.915673714906, 0.456478799653, 0.843723762959, 930.0
0.964531428593, 0.943721530126, 0.224207620611, 0.825273310876, 0.123425404165, 0.977706770151, 0.172488890845, 0.118549084889, 0.0658706591506, 930.0
0.967577778046, 0.883092074643, 0.284988138453, 0.971999489214, 0.0155237732733, 0.731386830796, 0.684337895999, 0.231517155189, 0.0851486567081, 930.0
0.898516627752, 0.83109001018, 0.0255957774244, 0.0102502036992, 0.990327691713, 0.64122733449, 0.72255803054, 0.355861454143, 0.507552220714, 930.0
0.600698277521, 0.834358805946, 0.0872488183536, 0.185428756227, 0.667866748969, 0.87529736427, 0.226053888106, 0.214287151244, 0.580623602792, 930.0
0.877406697553, 0.598817408287, 0.177511816019, 0.0689109042579, 0.964996417406, 0.588278589621, 0.253009204273, 0.0144290678971, 0.909810497849, 930.0
0.620319730749, 0.862036465161, 0.289099812947, 0.408686191974, 0.297556295213, 0.692565641544, 0.521053287082, 0.0850244016124, 0.351108096317, 930.0
0.620319730749, 0.951092586981, 0.355721073084, 0.944385364784, 0.0510354591243, 0.588278589621, 0.120954790984, 0.176468036685, 0.909810497849, 930.0
0.958760313774, 0.658817306351, 0.101932408236, 0.806821371563, 0.647518317199, 0.64122733449, 0.248497102184, 0.244968685729, 0.13626680519, 930.0
0.620319730749, 0.902665037072, 0.297017302174, 0.609929542616, 0.0167761175262, 0.588278589621, 0.172488890845, 0.125588568788, 0.684871745876, 930.0
0.559577064416, 0.943721530126, 0.0182998435561, 0.00416650293867, 0.997562767376, 0.507956955608, 0.64259083463, 0.0668947774848, 0.0167141124588, 930.0
0.777551339646, 0.511868681532, 0.224207620611, 0.951627729153, 0.189142460268, 0.998824189462, 0.452733105958, 0.183317313491, 0.562121644968, 930.0
0.708548583516, 0.511868681532, 0.165736810513, 0.211250122743, 0.389797095141, 0.64122733449, 0.933712011242, 0.17690121209, 0.909810497849, 930.0
0.513964722199, 0.901327956377, 0.145102990705, 0.915382480387, 0.0936384172453, 0.605274951418, 0.253009204273, 0.355861454143, 0.13626680519, 930.0
0.620319730749, 0.862036465161, 0.157618750424, 0.408686191974, 0.535936790853, 0.984068366257, 0.521053287082, 0.001879397574, 0.228868186103, 930.0
0.877406697553, 0.761493310877, 0.0759208796643, 0.915382480387, 0.15948046846, 0.588278589621, 0.0995742581071, 0.125588568788, 0.909810497849, 930.0
0.620319730749, 0.575462218385, 0.0255957774244, 0.601904618819, 0.34971329313, 0.692565641544, 0.446488516981, 0.176468036685, 0.988105666138, 930.0
0.973400604945, 0.951092586981, 0.486571476826, 0.0102502036992, 0.996623671569, 0.998040080762, 0.253009204273, 0.214287151244, 0.97883515942, 930.0
0.620319730749, 0.883262294553, 0.382718356912, 0.863924770203, 0.946105465063, 0.737947064536, 0.0546702981997, 0.456478799653, 0.590766744797, 930.0
0.622675152498, 0.71168661368, 0.297017302174, 0.609929542616, 0.0155237732733, 0.977706770151, 0.172488890845, 0.125588568788, 0.684871745876, 930.0
0.559577064416, 0.867251771138, 0.0182998435561, 0.00416650293867, 0.0603514219152, 0.507956955608, 0.780915203865, 0.0668947774848, 0.0167141124588, 930.0
0.967651553206, 0.511868681532, 0.0506241174022, 0.951627729153, 0.996286513042, 0.998824189462, 0.684379191818, 0.183317313491, 0.562121644968, 930.0
0.513964722199, 0.917739566775, 0.224207620611, 0.915382480387, 0.113334697494, 0.64122733449, 0.253009204273, 0.355861454143, 0.909810497849, 930.0
0.898516627752, 0.834358805946, 0.0255957774244, 0.486553092045, 0.990327691713, 0.64122733449, 0.78490833358, 0.418095419552, 0.624805136732, 930.0
0.543566282038, 0.788475955811, 0.12228936465, 0.205311024135, 0.726230121843, 0.87529736427, 0.379055706358, 0.355861454143, 0.334773063863, 930.0
0.858920256977, 0.862036465161, 0.489005128623, 0.878655890004, 0.0955783100562, 0.540755527058, 0.452733105958, 0.183317313491, 0.0622451333007, 930.0
0.877406697553, 0.862036465161, 0.0123627111051, 0.695291499057, 0.535936790853, 0.984068366257, 0.253009204273, 0.0144290678971, 0.228868186103, 930.0
0.620319730749, 0.983366656343, 0.0759208796643, 0.915382480387, 0.15948046846, 0.588278589621, 0.172488890845, 0.0162196671583, 0.909810497849, 930.0
0.784838814274, 0.781076827287, 0.0255957774244, 0.944385364784, 0.81342319362, 0.692565641544, 0.253009204273, 0.214287151244, 0.862480743602, 930.0
0.973400604945, 0.951092586981, 0.0929215463318, 0.0102502036992, 0.996623671569, 0.998040080762, 0.446488516981, 0.176468036685, 0.909810497849, 930.0
0.513964722199, 0.943721530126, 0.190674714983, 0.609929542616, 0.0155237732733, 0.977706770151, 0.172488890845, 0.125588568788, 0.79264891867, 930.0
0.967651553206, 0.511868681532, 0.165736810513, 0.886371979612, 0.189142460268, 0.998824189462, 0.684337895999, 0.109680134455, 0.562121644968, 930.0
0.708548583516, 0.624589165357, 0.224207620611, 0.718513851674, 0.389797095141, 0.605274951418, 0.886907191282, 0.17690121209, 0.13626680519, 930.0
0.513964722199, 0.917739566775, 0.0255957774244, 0.185428756227, 0.113334697494, 0.812139811555, 0.253009204273, 0.355861454143, 0.909810497849, 930.0
0.898516627752, 0.834358805946, 0.145102990705, 0.915382480387, 0.990327691713, 0.64122733449, 0.72255803054, 0.418095419552, 0.543934658248, 930.0
0.858920256977, 0.862036465161, 0.489005128623, 0.806621957638, 0.535936790853, 0.588278589621, 0.253009204273, 0.0144290678971, 0.228868186103, 930.0
0.877406697553, 0.862036465161, 0.212104759812, 0.996064759539, 0.526497344844, 0.540755527058, 0.452733105958, 0.183317313491, 0.580623602792, 930.0
0.620319730749, 0.781076827287, 0.0759208796643, 0.915382480387, 0.15948046846, 0.984068366257, 0.0572588242389, 0.0162196671583, 0.909810497849, 930.0
0.620319730749, 0.983366656343, 0.0255957774244, 0.944385364784, 0.373377688208, 0.583038416171, 0.172488890845, 0.176468036685, 0.909810497849, 930.0
0.973400604945, 0.951092586981, 0.0929215463318, 0.0102502036992, 0.996623671569, 0.998040080762, 0.446488516981, 0.214287151244, 0.862480743602, 930.0
0.513964722199, 0.943721530126, 0.297017302174, 0.609929542616, 0.0155237732733, 0.977706770151, 0.172488890845, 0.125588568788, 0.684871745876, 930.0
0.559577064416, 0.511868681532, 0.0182998435561, 0.886371979612, 0.189142460268, 0.998824189462, 0.780915203865, 0.183317313491, 0.562121644968, 930.0
0.513964722199, 0.624589165357, 0.427029285713, 0.718513851674, 0.389797095141, 0.605274951418, 0.684337895999, 0.17690121209, 0.13626680519, 930.0
0.708548583516, 0.958493773343, 0.145102990705, 0.915382480387, 0.113334697494, 0.64122733449, 0.253009204273, 0.355861454143, 0.909810497849, 930.0
0.898516627752, 0.834358805946, 0.0395788495301, 0.185428756227, 0.990327691713, 0.87529736427, 0.72255803054, 0.418095419552, 0.543934658248, 930.0
0.701771351678, 0.862036465161, 0.145102990705, 0.0102502036992, 0.576878478605, 0.627503440176, 0.452733105958, 0.183317313491, 0.0384801192164, 930.0
