0.898516627752, 0.834358805946, 0.139331726163, 0.915382480387, 0.189142460268, 0.64122733449, 0.72255803054, 0.418095419552, 0.543934658248, 930.0
0.559577064416, 0.994189609291, 0.0965136007442, 0.951627729153, 0.525952928, 0.682405035119, 0.446488516981, 0.0270057870668, 0.0167141124588, 930.0
0.559577064416, 0.511868681532, 0.0182998435561, 0.574687600897, 0.990327691713, 0.998824189462, 0.780915203865, 0.125588568788, 0.562121644968, 930.0
0.701771351678, 0.834358805946, 0.0395788495301, 0.185428756227, 0.990327691713, 0.87529736427, 0.72255803054, 0.418095419552, 0.543934658248, 930.0
0.902967909388, 0.983366656343, 0.184603647648, 0.915382480387, 0.15948046846, 0.984068366257, 0.0770324918532, 0.0162196671583, 0.909810497849, 930.0
0.620319730749, 0.781076827287, 0.00284937820289, 0.136199642287, 0.996623671569, 0.583038416171, 0.446488516981, 0.176468036685, 0.909810497849, 930.0
0.973400604945, 0.951092586981, 0.0929215463318, 0.449475182102, 0.433602273684, 0.998040080762, 0.172488890845, 0.214287151244, 0.897217726664, 930.0
0.559577064416, 0.511868681532, 0.0182998435561, 0.574687600897, 0.189142460268, 0.977706770151, 0.512182737021, 0.125588568788, 0.562121644968, 930.0
0.513964722199, 0.538983565945, 0.427029285713, 0.915382480387, 0.389797095141, 0.605274951418, 0.684337895999, 0.17690121209, 0.68817740332, 930.0
0.708548583516, 0.958493773343, 0.145102990705, 0.718513851674, 0.113334697494, 0.64122733449, 0.253009204273, 0.355861454143, 0.023525075667, 930.0
0.980021406606, 0.807153103572, 0.0395788495301, 0.0102502036992, 0.699070282715, 0.87529736427, 0.452733105958, 0.0108683814605, 0.0384801192164, 930.0
0.959678611284, 0.607460591427, 0.489005128623, 0.825043238082, 0.626330280516, 0.691651317169, 0.904936760053, 0.0994056392552, 0.297952196685, 930.0
0.559577064416, 0.511868681532, 0.361290745482, 0.165595704488, 0.459057220354, 0.99961129446, 0.409198400452, 0.0183410811424, 0.13626680519, 930.0
0.678972882918, 0.944915403622, 0.199682681766, 0.606575156784, 0.995202470235, 0.64122733449, 0.840929440312, 0.150442674441, 0.476113956329, 930.0
0.571373155786, 0.518166734688, 0.355721073084, 0.398243986096, 0.332590305521, 0.897316657429, 0.765940144539, 0.0822134446534, 0.0491931664915, 930.0
0.513964722199, 0.511868681532, 0.197124900505, 0.00633716425123, 0.352379718171, 0.998824189462, 0.452733105958, 0.0734111004906, 0.0167141124588, 930.0
0.543566282038, 0.994189609291, 0.0428236693221, 0.982439755609, 0.327542877922, 0.616306665786, 0.24844396556, 0.450567702418, 0.669513795985, 930.0
0.855640291352, 0.965743035255, 0.14362205672, 0.951627729153, 0.526497344844, 0.51614896454, 0.641071410757, 0.0351154875744, 0.197837779226, 930.0
0.615062572836, 0.596319190453, 0.494401292537, 0.889391008384, 0.958009340908, 0.507956955608, 0.707768764971, 0.366616503996, 0.13626680519, 930.0
0.649161031191, 0.817657266693, 0.355721073084, 0.0139569769901, 0.971705508654, 0.692565641544, 0.45046301603, 0.065995275342, 0.00815373947489, 930.0
0.812660648677, 0.568262960453, 0.150626392272, 0.338801140133, 0.648408617678, 0.64122733449, 0.701716876151, 0.085112156128, 0.134165592655, 930.0
0.513964722199, 0.770171205317, 0.355721073084, 0.273759329114, 0.990327691713, 0.977706770151, 0.707768764971, 0.0144290678971, 0.283663535825, 930.0
0.86270840864, 0.938729838901, 0.284134325024, 0.0237367385202, 0.771999538227, 0.977706770151, 0.2283658314, 0.214287151244, 0.371205835133, 930.0
0.914234637397, 0.511868681532, 0.145102990705, 0.643378745412, 0.667866748969, 0.605274951418, 0.0593396740748, 0.322183386072, 0.30788299126, 930.0
0.943044624635, 0.788475955811, 0.145102990705, 0.602154956888, 0.946168916617, 0.665657086946, 0.379055706358, 0.355861454143, 0.909810497849, 930.0
0.543566282038, 0.862036465161, 0.0684008203867, 0.944385364784, 0.760826027454, 0.588278589621, 0.203830573964, 0.0270057870668, 0.000343092627168, 930.0
0.877406697553, 0.893875587834, 0.355836264318, 0.911954726972, 0.000195206767628, 0.974865009992, 0.289270803553, 0.236646867019, 0.705145047074, 930.0
0.559577064416, 0.910915792567, 0.0428236693221, 0.037629091313, 0.635786738293, 0.505400037857, 0.452733105958, 0.210384283463, 0.00075924573116, 930.0
0.643974534535, 0.901265701272, 0.0929215463318, 0.135780341556, 0.999064365093, 0.564859632105, 0.0767640843739, 0.0182776057374, 0.893977902046, 930.0
0.620319730749, 0.834358805946, 0.0789521941992, 0.976674203555, 0.957733330437, 0.774849233461, 0.549128521466, 0.0270057870668, 0.684871745876, 930.0
0.873748982565, 0.769473956622, 0.197124900505, 0.400292532129, 0.397263498496, 0.507956955608, 0.996917319076, 0.183317313491, 0.13626680519, 930.0
0.739794616337, 0.98025162039, 0.487059163931, 0.631313202883, 0.819454565676, 0.506559950713, 0.237146807579, 0.0239436675468, 0.287049689409, 930.0
0.93733950338, 0.965743035255, 0.0286326579813, 0.408686191974, 0.00255906843067, 0.978414735829, 0.256475889422, 0.0951498582376, 0.0723405948397, 930.0
0.964213966373, 0.883262294553, 0.0433872767466, 0.126545976899, 0.182547593931, 0.64122733449, 0.516659905242, 0.322183386072, 0.862480743602, 930.0
0.616934830045, 0.528623607241, 0.475472703546, 0.525282531717, 0.864315447342, 0.921591453534, 0.989483559051, 0.442232084853, 0.294434748578, 930.0
0.958760313774, 0.848557527367, 0.0872488183536, 0.947444333572, 0.113334697494, 0.64122733449, 0.107644768644, 0.0144290678971, 0.854181199929, 930.0
0.898516627752, 0.579282245962, 0.101932408236, 0.408686191974, 0.617986384598, 0.599674976128, 0.369087138234, 0.355861454143, 0.817836283064, 930.0
0.990424709025, 0.781076827287, 0.224693647259, 0.528411935536, 0.576878478605, 0.998040080762, 0.215597898682, 0.162377035804, 0.358336450436, 930.0
0.972537084622, 0.63931255445, 0.0403551394429, 0.105539475166, 0.181143984002, 0.966383479825, 0.0546702981997, 0.0966238387163, 0.98602173875, 930.0
0.964531428593, 0.943721530126, 0.177511816019, 0.945719224003, 0.123425404165, 0.588278589621, 0.915673714906, 0.118549084889, 0.843723762959, 930.0
0.620319730749, 0.77980319105, 0.224207620611, 0.173036956285, 0.751373087787, 0.977706770151, 0.172488890845, 0.456478799653, 0.0658706591506, 930.0
0.898516627752, 0.83109001018, 0.220896666379, 0.0092929210966, 0.990327691713, 0.64122733449, 0.226053888106, 0.214287151244, 0.507552220714, 930.0
0.671831811083, 0.674339237878, 0.0872488183536, 0.0680181086392, 0.667866748969, 0.87529736427, 0.72255803054, 0.355861454143, 0.909810497849, 930.0
0.962919102684, 0.902665037072, 0.297017302174, 0.609929542616, 0.647518317199, 0.64122733449, 0.248497102184, 0.244968685729, 0.909810497849, 930.0
0.620319730749, 0.548464143718, 0.0594640643523, 0.806821371563, 0.0167761175262, 0.588278589621, 0.197033257163, 0.125588568788, 0.184980275637, 930.0
0.559577064416, 0.943721530126, 0.0182998435561, 0.219538041015, 0.997562767376, 0.507956955608, 0.64259083463, 0.219802428822, 0.684871745876, 930.0
0.708548583516, 0.547094329444, 0.224207620611, 0.9995434509, 0.0936384172453, 0.998824189462, 0.327680545936, 0.355861454143, 0.562121644968, 930.0
0.825005154104, 0.912916468819, 0.396721284768, 0.211250122743, 0.189142460268, 0.64122733449, 0.979591674262, 4.89778671349e-05, 0.875095933285, 930.0
0.620319730749, 0.862036465161, 0.157618750424, 0.408686191974, 0.15948046846, 0.984068366257, 0.521053287082, 0.30235273723, 0.305539910461, 930.0
0.620319730749, 0.575462218385, 0.0255957774244, 0.601904618819, 0.182514760994, 0.692565641544, 0.446488516981, 0.176468036685, 0.99474445069, 930.0
0.973400604945, 0.955728376309, 0.486571476826, 0.846426662783, 0.996623671569, 0.999035529964, 0.253009204273, 0.214287151244, 0.97883515942, 930.0
0.620319730749, 0.71168661368, 0.382718356912, 0.609929542616, 0.0155237732733, 0.737947064536, 0.121763702383, 0.456478799653, 0.590766744797, 930.0
0.559577064416, 0.508169948255, 0.0182998435561, 0.00416650293867, 0.0603514219152, 0.998824189462, 0.780915203865, 0.258534214053, 0.251639467652, 930.0
0.513964722199, 0.917739566775, 0.224207620611, 0.935961208831, 0.113334697494, 0.64122733449, 0.253009204273, 0.355861454143, 0.810559441503, 930.0
0.858920256977, 0.788475955811, 0.12228936465, 0.205311024135, 0.726230121843, 0.540755527058, 0.379055706358, 0.183317313491, 0.334773063863, 930.0
0.905337319066, 0.862036465161, 0.0123627111051, 0.695291499057, 0.15948046846, 0.984068366257, 0.253009204273, 0.0162196671583, 0.197543746104, 930.0
0.620319730749, 0.983366656343, 0.0759208796643, 0.915382480387, 0.608366549823, 0.588278589621, 0.172488890845, 0.0144290678971, 0.961303750893, 930.0
0.784838814274, 0.951092586981, 0.0255957774244, 0.944385364784, 0.81342319362, 0.692565641544, 0.446488516981, 0.054306287888, 0.909810497849, 930.0
0.973400604945, 0.781076827287, 0.0929215463318, 0.0102502036992, 0.996623671569, 0.998040080762, 0.253009204273, 0.176468036685, 0.862480743602, 930.0
0.513964722199, 0.95061636048, 0.165736810513, 0.609929542616, 0.0155237732733, 0.998824189462, 0.172488890845, 0.109680134455, 0.562121644968, 930.0
0.967651553206, 0.511868681532, 0.190674714983, 0.766985273748, 0.189142460268, 0.58087675498, 0.7079577089, 0.121462370359, 0.79264891867, 930.0
0.708548583516, 0.917739566775, 0.00933363057199, 0.583964091149, 0.397347054626, 0.605274951418, 0.886907191282, 0.17690121209, 0.0174721663176, 930.0
0.732567258358, 0.624589165357, 0.224207620611, 0.368767417261, 0.0411315490308, 0.812139811555, 0.253009204273, 0.410638873405, 0.909810497849, 930.0
0.935097673658, 0.847980558649, 0.0808849820687, 0.806621957638, 0.990327691713, 0.64122733449, 0.393234978995, 0.418095419552, 0.543934658248, 930.0
0.788153435558, 0.983366656343, 0.0255957774244, 0.0102502036992, 0.996623671569, 0.935405020627, 0.172488890845, 0.214287151244, 0.909810497849, 930.0
0.973400604945, 0.951092586981, 0.0929215463318, 0.944385364784, 0.373377688208, 0.583038416171, 0.780915203865, 0.176468036685, 0.862480743602, 930.0
0.559577064416, 0.943721530126, 0.297017302174, 0.609929542616, 0.0155237732733, 0.977706770151, 0.446488516981, 0.125588568788, 0.684871745876, 930.0
0.513964722199, 0.741000433664, 0.0119278943176, 0.886371979612, 0.189142460268, 0.998824189462, 0.172488890845, 0.183317313491, 0.562121644968, 930.0
0.708548583516, 0.958493773343, 0.145102990705, 0.915382480387, 0.389797095141, 0.64122733449, 0.253009204273, 0.355861454143, 0.543934658248, 930.0
0.998514179121, 0.834358805946, 0.145102990705, 0.915382480387, 0.526497344844, 0.64122733449, 0.72255803054, 0.418095419552, 0.982297442482, 930.0
0.554116459648, 0.862036465161, 0.172880864938, 0.865191798911, 0.990327691713, 0.540755527058, 0.193637884871, 0.183317313491, 0.580623602792, 930.0
0.620319730749, 0.781076827287, 0.0759208796643, 0.964821541984, 0.15948046846, 0.984068366257, 0.0572588242389, 0.0162196671583, 0.909810497849, 930.0
0.620319730749, 0.983366656343, 0.0255957774244, 0.449475182102, 0.433602273684, 0.583038416171, 0.172488890845, 0.176468036685, 0.909810497849, 930.0
0.513964722199, 0.993170756556, 0.297017302174, 0.609929542616, 0.012885148552, 0.977706770151, 0.605958281059, 0.183317313491, 0.803444281544, 930.0
0.559577064416, 0.943721530126, 0.0182998435561, 0.574687600897, 0.189142460268, 0.817663170111, 0.780915203865, 0.125588568788, 0.562121644968, 930.0
0.898516627752, 0.834358805946, 0.139331726163, 0.915382480387, 0.990327691713, 0.64122733449, 0.72255803054, 0.418095419552, 0.543934658248, 930.0
0.701771351678, 0.834358805946, 0.0395788495301, 0.185428756227, 0.990327691713, 0.87529736427, 0.657323243891, 0.418095419552, 0.543934658248, 930.0
0.562030936015, 0.982767948388, 0.0759208796643, 0.712827666277, 0.15948046846, 0.540755527058, 0.472940307114, 0.183317313491, 0.580623602792, 930.0
0.902967909388, 0.781076827287, 0.212104759812, 0.915382480387, 0.526497344844, 0.984068366257, 0.0770324918532, 0.0162196671583, 0.909810497849, 930.0
0.620319730749, 0.983366656343, 0.0255957774244, 0.449475182102, 0.996623671569, 0.998040080762, 0.446488516981, 0.176468036685, 0.909810497849, 930.0
0.973400604945, 0.951092586981, 0.454806594405, 0.0102502036992, 0.433602273684, 0.583038416171, 0.172488890845, 0.214287151244, 0.897217726664, 930.0
0.559577064416, 0.511868681532, 0.0182998435561, 0.574687600897, 0.189142460268, 0.977706770151, 0.512182737021, 0.125588568788, 0.562121644968, 930.0
0.708548583516, 0.610580181218, 0.145102990705, 0.000921289077339, 0.113334697494, 0.605274951418, 0.452733105958, 0.0108683814605, 0.0218426523821, 930.0
0.959678611284, 0.807153103572, 0.0267304724711, 0.915382480387, 0.576878478605, 0.87529736427, 0.253009204273, 0.17196752514, 0.0384801192164, 930.0
0.559577064416, 0.870957437088, 0.489005128623, 0.99697569931, 0.626330280516, 0.691651317169, 0.904936760053, 0.0148272728653, 0.297952196685, 930.0
0.980021406606, 0.511868681532, 0.361290745482, 0.165595704488, 0.459057220354, 0.99961129446, 0.409198400452, 0.0183410811424, 0.13626680519, 930.0
0.513964722199, 0.656909547798, 0.199682681766, 0.606575156784, 0.995202470235, 0.64122733449, 0.840929440312, 0.150442674441, 0.476113956329, 930.0
0.513964722199, 0.511868681532, 0.355721073084, 0.718513851674, 0.576878478605, 0.897316657429, 0.765940144539, 0.0734111004906, 0.0491931664915, 930.0
0.571373155786, 0.834358805946, 0.197124900505, 0.00633716425123, 0.352379718171, 0.998824189462, 0.452733105958, 0.0822134446534, 0.0622451333007, 930.0
0.559577064416, 0.994189609291, 0.0965136007442, 0.951627729153, 0.525952928, 0.682405035119, 0.446488516981, 0.0270057870668, 0.0167141124588, 930.0
0.898516627752, 0.834358805946, 0.139331726163, 0.915382480387, 0.189142460268, 0.64122733449, 0.72255803054, 0.418095419552, 0.543934658248, 930.0
0.559577064416, 0.511868681532, 0.0182998435561, 0.574687600897, 0.990327691713, 0.998824189462, 0.780915203865, 0.125588568788, 0.562121644968, 930.0
0.701771351678, 0.834358805946, 0.0395788495301, 0.185428756227, 0.990327691713, 0.87529736427, 0.72255803054, 0.418095419552, 0.543934658248, 930.0
0.902967909388, 0.983366656343, 0.184603647648, 0.915382480387, 0.15948046846, 0.984068366257, 0.0770324918532, 0.0162196671583, 0.909810497849, 930.0
0.620319730749, 0.781076827287, 0.00284937820289, 0.136199642287, 0.996623671569, 0.583038416171, 0.446488516981, 0.176468036685, 0.909810497849, 930.0
0.973400604945, 0.951092586981, 0.0929215463318, 0.449475182102, 0.433602273684, 0.998040080762, 0.172488890845, 0.214287151244, 0.897217726664, 930.0
0.559577064416, 0.511868681532, 0.0182998435561, 0.574687600897, 0.189142460268, 0.977706770151, 0.512182737021, 0.125588568788, 0.562121644968, 930.0
0.513964722199, 0.538983565945, 0.427029285713, 0.915382480387, 0.389797095141, 0.605274951418, 0.684337895999, 0.17690121209, 0.68817740332, 930.0
0.708548583516, 0.958493773343, 0.145102990705, 0.718513851674, 0.113334697494, 0.64122733449, 0.253009204273, 0.355861454143, 0.023525075667, 930.0
0.980021406606, 0.807153103572, 0.0395788495301, 0.0102502036992, 0.699070282715, 0.87529736427, 0.452733105958, 0.0108683814605, 0.0384801192164, 930.0
