0.898516627752, 0.884027364324, 0.139331726163, 0.915382480387, 0.189142460268, 0.64122733449, 0.446488516981, 0.418095419552, 0.543934658248, 930.0
0.708548583516, 0.958493773343, 0.0269305974199, 0.718513851674, 0.113334697494, 0.64122733449, 0.253009204273, 0.355861454143, 0.023525075667, 930.0
0.980021406606, 0.807153103572, 0.0395788495301, 0.00657107421812, 0.699070282715, 0.64122733449, 0.452733105958, 0.0108683814605, 0.0384801192164, 930.0
0.559577064416, 0.511868681532, 0.0965136007442, 0.951627729153, 0.525952928, 0.578316539897, 0.72255803054, 0.0270057870668, 0.0167141124588, 930.0
0.559577064416, 0.994189609291, 0.0182998435561, 0.574687600897, 0.991433400042, 0.998824189462, 0.780915203865, 0.125588568788, 0.562121644968, 930.0
0.701771351678, 0.983366656343, 0.323386716318, 0.185428756227, 0.990327691713, 0.87529736427, 0.72255803054, 0.418095419552, 0.543934658248, 930.0
0.620319730749, 0.834358805946, 0.184603647648, 0.954526206818, 0.15948046846, 0.984068366257, 0.0770324918532, 0.0162196671583, 0.909810497849, 930.0
0.902967909388, 0.781076827287, 0.00284937820289, 0.136199642287, 0.996623671569, 0.847753214609, 0.446488516981, 0.176468036685, 0.909810497849, 930.0
0.973400604945, 0.951092586981, 0.0182998435561, 0.226195136778, 0.944987821737, 0.998040080762, 0.172488890845, 0.125588568788, 0.562121644968, 930.0
0.559577064416, 0.511868681532, 0.0929215463318, 0.77610155799, 0.189142460268, 0.977706770151, 0.512182737021, 0.214287151244, 0.941529673796, 930.0
0.750032949807, 0.538983565945, 0.191888041202, 0.915382480387, 0.389797095141, 0.605274951418, 0.684337895999, 0.330794604913, 0.68817740332, 930.0
0.980021406606, 0.958493773343, 0.145102990705, 0.0102502036992, 0.113334697494, 0.64122733449, 0.253009204273, 0.355861454143, 0.023525075667, 930.0
0.708548583516, 0.807153103572, 0.0395788495301, 0.520778701039, 0.898160721772, 0.87529736427, 0.452733105958, 0.0108683814605, 0.0384801192164, 930.0
0.559577064416, 0.984590279103, 0.361290745482, 0.0148737518361, 0.459057220354, 0.71061688703, 0.409198400452, 0.0183410811424, 0.476113956329, 930.0
0.571373155786, 0.518166734688, 0.355721073084, 0.398243986096, 0.325219736599, 0.897316657429, 0.765940144539, 0.0822134446534, 0.0491931664915, 930.0
0.513964722199, 0.511868681532, 0.0428236693221, 0.00633716425123, 0.352379718171, 0.998824189462, 0.452733105958, 0.0734111004906, 0.0167141124588, 930.0
0.855640291352, 0.994189609291, 0.197124900505, 0.982439755609, 0.526497344844, 0.616306665786, 0.641071410757, 0.450567702418, 0.669513795985, 930.0
0.543566282038, 0.965743035255, 0.14362205672, 0.968619507403, 0.192309406271, 0.51614896454, 0.24844396556, 0.0351154875744, 0.13626680519, 930.0
0.615062572836, 0.817657266693, 0.494401292537, 0.889391008384, 0.958009340908, 0.8573708954, 0.45046301603, 0.065995275342, 0.963076672462, 930.0
0.649161031191, 0.596319190453, 0.355721073084, 0.0139569769901, 0.973295695656, 0.64122733449, 0.701716876151, 0.366616503996, 0.00811318082623, 930.0
0.812660648677, 0.568262960453, 0.150626392272, 0.338801140133, 0.648408617678, 0.507956955608, 0.602169156182, 0.085112156128, 0.134165592655, 930.0
0.86270840864, 0.511868681532, 0.145102990705, 0.643378745412, 0.760826027454, 0.605274951418, 0.0593396740748, 0.322183386072, 0.30788299126, 930.0
0.543566282038, 0.788475955811, 0.0684008203867, 0.602154956888, 0.667866748969, 0.588278589621, 0.203830573964, 0.0540035277651, 0.126858751495, 930.0
0.877406697553, 0.893875587834, 0.147293290028, 0.911954726972, 0.000195206767628, 0.974865009992, 0.289270803553, 0.236646867019, 0.00075924573116, 930.0
0.559577064416, 0.910915792567, 0.0027683119473, 0.037629091313, 0.635786738293, 0.505400037857, 0.452733105958, 0.210384283463, 0.705145047074, 930.0
0.643974534535, 0.901265701272, 0.197124900505, 0.976674203555, 0.999064365093, 0.564859632105, 0.996917319076, 0.0182776057374, 0.893977902046, 930.0
0.951300760069, 0.769473956622, 0.0929215463318, 0.400292532129, 0.397263498496, 0.506559950713, 0.0767640843739, 0.183317313491, 0.13626680519, 930.0
0.739794616337, 0.965743035255, 0.0286326579813, 0.408686191974, 0.00255906843067, 0.978414735829, 0.256475889422, 0.0951498582376, 0.862480743602, 930.0
0.964213966373, 0.83234878993, 0.0433872767466, 0.126545976899, 0.175504978774, 0.64122733449, 0.516659905242, 0.322183386072, 0.0723405948397, 930.0
0.616934830045, 0.534849448272, 0.475472703546, 0.525282531717, 0.922862265049, 0.523849924019, 0.989483559051, 0.442232084853, 0.294434748578, 930.0
0.813898078856, 0.543547434588, 0.224693647259, 0.528411935536, 0.617986384598, 0.599674976128, 0.215597898682, 0.162377035804, 0.562222568521, 930.0
0.972537084622, 0.63931255445, 0.00762877810278, 0.105539475166, 0.181143984002, 0.999630468376, 0.0518514789313, 0.0966238387163, 0.623568129914, 930.0
0.964531428593, 0.943721530126, 0.177511816019, 0.945719224003, 0.915375133175, 0.588278589621, 0.915673714906, 0.118549084889, 0.98602173875, 930.0
0.620319730749, 0.77980319105, 0.224207620611, 0.0092929210966, 0.751373087787, 0.977706770151, 0.172488890845, 0.456478799653, 0.0658706591506, 930.0
0.898516627752, 0.83109001018, 0.220896666379, 0.173036956285, 0.990327691713, 0.844596248941, 0.6989611525, 0.214287151244, 0.507552220714, 930.0
0.726298287595, 0.674339237878, 0.0872488183536, 0.0680181086392, 0.667866748969, 0.87529736427, 0.72255803054, 0.179040840099, 0.909810497849, 930.0
0.962919102684, 0.902665037072, 0.346713813633, 0.609929542616, 0.647518317199, 0.644740753012, 0.248497102184, 0.355861454143, 0.909810497849, 930.0
0.620319730749, 0.548464143718, 0.0594640643523, 0.952794754948, 0.0167761175262, 0.588278589621, 0.835663837803, 0.125588568788, 0.184980275637, 930.0
0.559577064416, 0.943721530126, 0.0182998435561, 0.153586226603, 0.997562767376, 0.507956955608, 0.64259083463, 0.219802428822, 0.684871745876, 930.0
0.758592145462, 0.547094329444, 0.224207620611, 0.211250122743, 0.0936384172453, 0.998824189462, 0.327680545936, 0.355861454143, 0.562121644968, 930.0
0.620319730749, 0.862036465161, 0.157618750424, 0.408686191974, 0.15948046846, 0.984068366257, 0.521053287082, 0.30235273723, 0.99474445069, 930.0
0.973400604945, 0.955728376309, 0.382718356912, 0.846426662783, 0.996623671569, 0.692565641544, 0.253009204273, 0.456478799653, 0.97883515942, 930.0
0.559577064416, 0.71168661368, 0.486571476826, 0.293021344303, 0.0155237732733, 0.999035529964, 0.121763702383, 0.214287151244, 0.590766744797, 930.0
0.620319730749, 0.508169948255, 0.0182998435561, 0.935961208831, 0.0603514219152, 0.998824189462, 0.780915203865, 0.258534214053, 0.251639467652, 930.0
0.513964722199, 0.917739566775, 0.224207620611, 0.00416650293867, 0.029488869384, 0.64122733449, 0.253009204273, 0.355861454143, 0.810559441503, 930.0
0.892431504685, 0.788475955811, 0.12228936465, 0.205311024135, 0.726230121843, 0.984068366257, 0.379055706358, 0.161261554594, 0.334773063863, 930.0
0.905337319066, 0.987673042801, 0.0123627111051, 0.695291499057, 0.15948046846, 0.540755527058, 0.253009204273, 0.208242256804, 0.197543746104, 930.0
0.620319730749, 0.983366656343, 0.0759208796643, 0.948851244746, 0.608366549823, 0.588278589621, 0.172488890845, 0.141023705558, 0.961303750893, 930.0
0.784838814274, 0.951092586981, 0.0255957774244, 0.0102502036992, 0.81342319362, 0.692565641544, 0.446488516981, 0.054306287888, 0.909810497849, 930.0
0.973400604945, 0.781076827287, 0.0929215463318, 0.944385364784, 0.998872650733, 0.998040080762, 0.253009204273, 0.179410599194, 0.934405742202, 930.0
0.513964722199, 0.95061636048, 0.165736810513, 0.609929542616, 0.104559446231, 0.998824189462, 0.172488890845, 0.0563110472783, 0.562121644968, 930.0
0.967651553206, 0.511868681532, 0.131127250227, 0.766985273748, 0.0155237732733, 0.605274951418, 0.7079577089, 0.121462370359, 0.876237349101, 930.0
0.708548583516, 0.917739566775, 0.00713504474229, 0.583964091149, 0.397347054626, 0.58087675498, 0.822343695483, 0.17690121209, 0.266718471875, 930.0
0.935097673658, 0.847980558649, 0.0808849820687, 0.806621957638, 0.996770129949, 0.64122733449, 0.393234978995, 0.418095419552, 0.543934658248, 930.0
0.973400604945, 0.847961189907, 0.0193853835598, 0.0102502036992, 0.996623671569, 0.583038416171, 0.172488890845, 0.454723652232, 0.909810497849, 930.0
0.788153435558, 0.951092586981, 0.0110463536391, 0.944385364784, 0.373377688208, 0.935405020627, 0.780915203865, 0.414017672407, 0.862480743602, 930.0
0.559577064416, 0.943721530126, 0.297017302174, 0.886371979612, 0.221356484687, 0.977706770151, 0.140220033375, 0.025232861592, 0.684871745876, 930.0
0.513964722199, 0.765432449462, 0.0119278943176, 0.609929542616, 0.189142460268, 0.999802899234, 0.779958127095, 0.183317313491, 0.562121644968, 930.0
0.708548583516, 0.958493773343, 0.145102990705, 0.915382480387, 0.389797095141, 0.64122733449, 0.253009204273, 0.355861454143, 0.543934658248, 930.0
0.998514179121, 0.97127692122, 0.145102990705, 0.915382480387, 0.526497344844, 0.64122733449, 0.72255803054, 0.120490305373, 0.989064821732, 930.0
0.554116459648, 0.961505752133, 0.172880864938, 0.12223519014, 0.990327691713, 0.540755527058, 0.193637884871, 0.183317313491, 0.580623602792, 930.0
0.620319730749, 0.781076827287, 0.0759208796643, 0.818871551014, 0.15948046846, 0.984068366257, 0.0282319634967, 0.0162196671583, 0.909810497849, 930.0
0.620319730749, 0.983366656343, 0.0255957774244, 0.407409616243, 0.012885148552, 0.643878592871, 0.605958281059, 0.176468036685, 0.803444281544, 930.0
0.513964722199, 0.993170756556, 0.297017302174, 0.609929542616, 0.433602273684, 0.977706770151, 0.172488890845, 0.183317313491, 0.941442080639, 930.0
0.559577064416, 0.943721530126, 0.139331726163, 0.574687600897, 0.0249526063415, 0.545381861561, 0.780915203865, 0.125588568788, 0.274002901412, 930.0
0.898516627752, 0.834358805946, 0.0182998435561, 0.549701995122, 0.990327691713, 0.64122733449, 0.221694844242, 0.418095419552, 0.543934658248, 930.0
0.701771351678, 0.834358805946, 0.0395788495301, 0.050227584769, 0.15948046846, 0.898795244643, 0.657323243891, 0.418095419552, 0.543934658248, 930.0
0.585653365558, 0.982767948388, 0.0759208796643, 0.712827666277, 0.990327691713, 0.540755527058, 0.764926071058, 0.183317313491, 0.713271544491, 930.0
0.902967909388, 0.722911727381, 0.212104759812, 0.449475182102, 0.526497344844, 0.984068366257, 0.0770324918532, 0.176468036685, 0.909810497849, 930.0
0.620319730749, 0.781076827287, 0.0255957774244, 0.231768827385, 0.996623671569, 0.998530028686, 0.446488516981, 0.00471939881549, 0.909810497849, 930.0
0.559577064416, 0.511868681532, 0.0182998435561, 0.574687600897, 0.189142460268, 0.759321567808, 0.512182737021, 0.125588568788, 0.897217726664, 930.0
0.708548583516, 0.610580181218, 0.385997043267, 0.915382480387, 0.113334697494, 0.605274951418, 0.452733105958, 0.17196752514, 0.0384801192164, 930.0
0.959678611284, 0.807153103572, 0.218971638834, 0.000921289077339, 0.656567863652, 0.87529736427, 0.253009204273, 0.0108683814605, 0.0218426523821, 930.0
0.74231428652, 0.870957437088, 0.361290745482, 0.999542109002, 0.626330280516, 0.691651317169, 0.904936760053, 0.0148272728653, 0.13626680519, 930.0
0.980021406606, 0.511868681532, 0.380431886888, 0.165595704488, 0.459057220354, 0.99961129446, 0.409198400452, 0.0183410811424, 0.297952196685, 930.0
0.513964722199, 0.656909547798, 0.199682681766, 0.65345381625, 0.995202470235, 0.64122733449, 0.840929440312, 0.150442674441, 0.0491931664915, 930.0
0.898516627752, 0.834358805946, 0.0182998435561, 0.915382480387, 0.247226881644, 0.64122733449, 0.72255803054, 0.418095419552, 0.543934658248, 930.0
0.869906864704, 0.834358805946, 0.139331726163, 0.574687600897, 0.990327691713, 0.998824189462, 0.780915203865, 0.125588568788, 0.562121644968, 930.0
0.701771351678, 0.511868681532, 0.0149860237843, 0.185428756227, 0.9911515345, 0.87529736427, 0.72255803054, 0.418095419552, 0.720810279527, 930.0
0.902967909388, 0.983366656343, 0.184603647648, 0.915382480387, 0.296979519721, 0.984068366257, 0.0770324918532, 0.0162196671583, 0.909810497849, 930.0
0.973400604945, 0.951092586981, 0.0929215463318, 0.449475182102, 0.433602273684, 0.998040080762, 0.172488890845, 0.214287151244, 0.897217726664, 930.0
0.513964722199, 0.511868681532, 0.0182998435561, 0.574687600897, 0.189142460268, 0.977706770151, 0.684337895999, 0.125588568788, 0.562121644968, 930.0
0.559577064416, 0.538983565945, 0.427029285713, 0.915382480387, 0.0220983994273, 0.605274951418, 0.512182737021, 0.17690121209, 0.68817740332, 930.0
0.708548583516, 0.958493773343, 0.124058009441, 0.307717458175, 0.113334697494, 0.87529736427, 0.253009204273, 0.355861454143, 0.023525075667, 930.0
0.980021406606, 0.807153103572, 0.00383852076908, 0.0102502036992, 0.699070282715, 0.64122733449, 0.452733105958, 0.0108683814605, 0.0384801192164, 930.0
0.719473613168, 0.834358805946, 0.0965136007442, 0.915382480387, 0.189142460268, 0.64122733449, 0.446488516981, 0.418095419552, 0.0167141124588, 930.0
0.559577064416, 0.994189609291, 0.139331726163, 0.951627729153, 0.525952928, 0.682405035119, 0.72255803054, 0.0270057870668, 0.543934658248, 930.0
0.701771351678, 0.834358805946, 0.124486057224, 0.185428756227, 0.990327691713, 0.87529736427, 0.72255803054, 0.418095419552, 0.543934658248, 930.0
0.620319730749, 0.983366656343, 0.184603647648, 0.998181352811, 0.996623671569, 0.984068366257, 0.0770324918532, 0.176468036685, 0.909810497849, 930.0
0.902967909388, 0.781076827287, 0.00284937820289, 0.136199642287, 0.15948046846, 0.847753214609, 0.446488516981, 0.0162196671583, 0.909810497849, 930.0
0.973400604945, 0.951092586981, 0.0182998435561, 0.449475182102, 0.944987821737, 0.998040080762, 0.512182737021, 0.125588568788, 0.562121644968, 930.0
0.708548583516, 0.958493773343, 0.0269305974199, 0.718513851674, 0.113334697494, 0.64122733449, 0.253009204273, 0.355861454143, 0.023525075667, 930.0
0.898516627752, 0.884027364324, 0.139331726163, 0.915382480387, 0.189142460268, 0.64122733449, 0.446488516981, 0.418095419552, 0.543934658248, 930.0
0.980021406606, 0.807153103572, 0.0395788495301, 0.00657107421812, 0.699070282715, 0.64122733449, 0.452733105958, 0.0108683814605, 0.0384801192164, 930.0
0.559577064416, 0.511868681532, 0.0965136007442, 0.951627729153, 0.525952928, 0.578316539897, 0.72255803054, 0.0270057870668, 0.0167141124588, 930.0
0.559577064416, 0.994189609291, 0.0182998435561, 0.574687600897, 0.991433400042, 0.998824189462, 0.780915203865, 0.125588568788, 0.562121644968, 930.0
0.701771351678, 0.983366656343, 0.323386716318, 0.185428756227, 0.990327691713, 0.87529736427, 0.72255803054, 0.418095419552, 0.543934658248, 930.0
0.620319730749, 0.834358805946, 0.184603647648, 0.954526206818, 0.15948046846, 0.984068366257, 0.0770324918532, 0.0162196671583, 0.909810497849, 930.0
0.902967909388, 0.781076827287, 0.00284937820289, 0.136199642287, 0.996623671569, 0.847753214609, 0.446488516981, 0.176468036685, 0.909810497849, 930.0
0.973400604945, 0.951092586981, 0.0182998435561, 0.226195136778, 0.944987821737, 0.998040080762, 0.172488890845, 0.125588568788, 0.562121644968, 930.0
