0.898516627752, 0.950004427606, 0.139331726163, 0.835631898458, 0.424630295762, 0.847753214609, 0.656850580557, 0.125588568788, 0.543934658248, 930.0
0.855640291352, 0.817657266693, 0.494401292537, 0.889391008384, 0.192309406271, 0.8573708954, 0.497697636415, 0.220152525779, 0.766164971593, 930.0
0.980021406606, 0.781076827287, 0.0182998435561, 0.226195136778, 0.944987821737, 0.64122733449, 0.940764027705, 0.418095419552, 0.562121644968, 930.0
0.848599130114, 0.790390575523, 0.0395788495301, 0.00657107421812, 0.699070282715, 0.771741535439, 0.903869023553, 0.0270057870668, 0.00107027048234, 930.0
0.559577064416, 0.98744140086, 0.0899725312466, 0.951627729153, 0.525952928, 0.578316539897, 0.72255803054, 0.0108683814605, 0.244148629466, 930.0
0.620319730749, 0.834358805946, 0.0956256731746, 0.0534110947791, 0.15948046846, 0.984068366257, 0.496083872652, 0.0162196671583, 0.562121644968, 930.0
0.902967909388, 0.818928715909, 0.109139575908, 0.81837191627, 0.996623671569, 0.998040080762, 0.446488516981, 0.176468036685, 0.909810497849, 930.0
0.559577064416, 0.951092586981, 0.00260803339676, 0.472499432395, 0.57000119967, 0.847753214609, 0.512182737021, 0.214287151244, 0.292091410864, 930.0
0.980021406606, 0.538983565945, 0.0929215463318, 0.000181154749382, 0.0685889570528, 0.64122733449, 0.253009204273, 0.355861454143, 0.023525075667, 930.0
0.513964722199, 0.511868681532, 0.0428236693221, 0.00633716425123, 0.352379718171, 0.998824189462, 0.189509042959, 0.0734111004906, 0.0167141124588, 930.0
0.543566282038, 0.994189609291, 0.197124900505, 0.982439755609, 0.526497344844, 0.88373445107, 0.939177590394, 0.450567702418, 0.669513795985, 930.0
0.649161031191, 0.965743035255, 0.133883175212, 0.968619507403, 0.3737657416, 0.51614896454, 0.613248520961, 0.0351154875744, 0.13626680519, 930.0
0.855640291352, 0.817657266693, 0.494401292537, 0.889391008384, 0.192309406271, 0.8573708954, 0.497697636415, 0.065995275342, 0.766164971593, 930.0
0.812660648677, 0.511868681532, 0.145102990705, 0.0206012505698, 0.122290498218, 0.507956955608, 0.602169156182, 0.317510480483, 0.869101537531, 930.0
0.584834579892, 0.568262960453, 0.0720364409796, 0.338801140133, 0.234896930359, 0.605274951418, 0.0593396740748, 0.322183386072, 0.30788299126, 930.0
0.634916508875, 0.822541555627, 0.0684008203867, 0.911954726972, 0.000195206767628, 0.588278589621, 0.361563978975, 0.236646867019, 0.126858751495, 930.0
0.877406697553, 0.977848545728, 0.147293290028, 0.602154956888, 0.976861016449, 0.974865009992, 0.289270803553, 0.0540035277651, 0.00075924573116, 930.0
0.643974534535, 0.507517479009, 0.0027683119473, 0.0110540748087, 0.635786738293, 0.505400037857, 0.452733105958, 0.210384283463, 0.910400480263, 930.0
0.670965317194, 0.978222758732, 0.197124900505, 0.99240840229, 0.999064365093, 0.941568357959, 0.998955523635, 0.0182776057374, 0.705145047074, 930.0
0.739794616337, 0.769473956622, 0.0286326579813, 0.443803966108, 0.00229745250696, 0.978414735829, 0.516659905242, 0.00404425781769, 0.862480743602, 930.0
0.972537084622, 0.63931255445, 0.00762877810278, 0.105539475166, 0.181143984002, 0.999630468376, 0.0518514789313, 0.0966238387163, 0.623568129914, 930.0
0.770414763506, 0.943721530126, 0.177511816019, 0.383893556827, 0.751373087787, 0.588278589621, 0.949553254454, 0.118549084889, 0.98602173875, 930.0
0.620319730749, 0.77980319105, 0.224207620611, 0.00723017905971, 0.915375133175, 0.977706770151, 0.72255803054, 0.456478799653, 0.0332583537476, 930.0
0.726298287595, 0.674339237878, 0.241109221361, 0.0680181086392, 0.667866748969, 0.844596248941, 0.172488890845, 0.214287151244, 0.909810497849, 930.0
0.962919102684, 0.902665037072, 0.346713813633, 0.609929542616, 0.618090527025, 0.75498938963, 0.131262310855, 0.355861454143, 0.987622211311, 930.0
0.620319730749, 0.548464143718, 0.0594640643523, 0.141986202676, 0.0167761175262, 0.552117546295, 0.835663837803, 0.125588568788, 0.184980275637, 930.0
0.650482247252, 0.837772534825, 0.224207620611, 0.153586226603, 0.0936384172453, 0.507956955608, 0.64259083463, 0.355861454143, 0.731033730452, 930.0
0.758592145462, 0.547094329444, 0.0182998435561, 0.211250122743, 0.997562767376, 0.998824189462, 0.327680545936, 0.219802428822, 0.562121644968, 930.0
0.664840894631, 0.862036465161, 0.157618750424, 0.718806564578, 0.996623671569, 0.882433555804, 0.521053287082, 0.30235273723, 0.99474445069, 930.0
0.973400604945, 0.955728376309, 0.382718356912, 0.408686191974, 0.15948046846, 0.692565641544, 0.253009204273, 0.456478799653, 0.97883515942, 930.0
0.620319730749, 0.71168661368, 0.486571476826, 0.935961208831, 0.0155237732733, 0.999035529964, 0.121763702383, 0.214287151244, 0.590766744797, 930.0
0.559577064416, 0.508169948255, 0.0182998435561, 0.293021344303, 0.0603514219152, 0.998824189462, 0.780915203865, 0.258534214053, 0.251639467652, 930.0
0.800501986314, 0.788475955811, 0.0329141643913, 0.205311024135, 0.726230121843, 0.984068366257, 0.379055706358, 0.355861454143, 0.334773063863, 930.0
0.784838814274, 0.962704141253, 0.0255957774244, 0.0102502036992, 0.81342319362, 0.692565641544, 0.446488516981, 0.179410599194, 0.632769434405, 930.0
0.973400604945, 0.781076827287, 0.0929215463318, 0.944385364784, 0.998872650733, 0.999820310037, 0.253009204273, 0.054306287888, 0.934405742202, 930.0
0.513964722199, 0.511868681532, 0.131127250227, 0.609929542616, 0.104559446231, 0.605274951418, 0.172488890845, 0.0563110472783, 0.562121644968, 930.0
0.967651553206, 0.97831410371, 0.165736810513, 0.766985273748, 0.0155237732733, 0.998824189462, 0.7079577089, 0.121462370359, 0.834054435695, 930.0
0.935097673658, 0.847980558649, 0.00713504474229, 0.583964091149, 0.397347054626, 0.58087675498, 0.822343695483, 0.17690121209, 0.266718471875, 930.0
0.708548583516, 0.917739566775, 0.434547515523, 0.806621957638, 0.998467714855, 0.841301374654, 0.393234978995, 0.418095419552, 0.00181808111425, 930.0
0.991337789781, 0.847961189907, 0.106850510443, 0.130947214193, 0.996770129949, 0.955679278598, 0.172488890845, 0.454723652232, 0.909810497849, 930.0
0.962206568938, 0.951092586981, 0.0110463536391, 0.944385364784, 0.221356484687, 0.583038416171, 0.780915203865, 0.414017672407, 0.862480743602, 930.0
0.513964722199, 0.731930568826, 0.0119278943176, 0.611124396378, 0.189142460268, 0.589847353537, 0.253009204273, 0.00269393368982, 0.562121644968, 930.0
0.708548583516, 0.958493773343, 0.145102990705, 0.327323785093, 0.389797095141, 0.64122733449, 0.140220033375, 0.120490305373, 0.543934658248, 930.0
0.998514179121, 0.97127692122, 0.145102990705, 0.915382480387, 0.526497344844, 0.522559769555, 0.72255803054, 0.355861454143, 0.989064821732, 930.0
0.620319730749, 0.61153467984, 0.0759208796643, 0.818871551014, 0.990327691713, 0.984068366257, 0.0282319634967, 0.0162196671583, 0.432368091308, 930.0
0.620319730749, 0.983366656343, 0.0255957774244, 0.407409616243, 0.012885148552, 0.977706770151, 0.605958281059, 0.176468036685, 0.803444281544, 930.0
0.929394097009, 0.993170756556, 0.297017302174, 0.609929542616, 0.433602273684, 0.643878592871, 0.172488890845, 0.183317313491, 0.271327240719, 930.0
0.898516627752, 0.943721530126, 0.440067022805, 0.574687600897, 0.0197998848195, 0.64122733449, 0.780915203865, 0.056951250644, 0.274002901412, 930.0
0.559577064416, 0.834358805946, 0.0182998435561, 0.549701995122, 0.990327691713, 0.981781815563, 0.221694844242, 0.418095419552, 0.343268977531, 930.0
0.585653365558, 0.834358805946, 0.0759208796643, 0.050227584769, 0.15948046846, 0.898795244643, 0.210466353964, 0.418095419552, 0.670363679508, 930.0
0.701771351678, 0.982767948388, 0.23436951183, 0.0100613246622, 0.990327691713, 0.983085417643, 0.764926071058, 0.183317313491, 0.713271544491, 930.0
0.62687655481, 0.722911727381, 0.0255957774244, 0.117142532415, 0.526497344844, 0.998530028686, 0.446488516981, 0.176468036685, 0.909810497849, 930.0
0.708548583516, 0.670446935364, 0.385997043267, 0.508532814291, 0.0536297341785, 0.759321567808, 0.512182737021, 0.125588568788, 0.897217726664, 930.0
0.627790102831, 0.511868681532, 0.0135802339848, 0.965508260492, 0.113334697494, 0.812268329295, 0.937546555399, 0.17196752514, 0.0384801192164, 930.0
0.74231428652, 0.968178764883, 0.218971638834, 0.000921289077339, 0.656567863652, 0.691651317169, 0.452733105958, 0.0108683814605, 0.111186582905, 930.0
0.513964722199, 0.656909547798, 0.199682681766, 0.65345381625, 0.953085971092, 0.64122733449, 0.840929440312, 0.150442674441, 0.297952196685, 930.0
0.869906864704, 0.834358805946, 0.0816579091328, 0.915382480387, 0.990327691713, 0.878338501999, 0.780915203865, 0.418095419552, 0.244220144324, 930.0
0.973400604945, 0.951092586981, 0.0182998435561, 0.307717458175, 0.433602273684, 0.998040080762, 0.46652985587, 0.214287151244, 0.562121644968, 930.0
0.708548583516, 0.981465347244, 0.124058009441, 0.449475182102, 0.699070282715, 0.87529736427, 0.253009204273, 0.369207219463, 0.023525075667, 930.0
0.980021406606, 0.807153103572, 0.000452056028598, 0.0102502036992, 0.113334697494, 0.682405035119, 0.72255803054, 0.00762091838234, 0.0384801192164, 930.0
0.551067482663, 0.994189609291, 0.139331726163, 0.729615418915, 0.525952928, 0.64122733449, 0.452733105958, 0.0270057870668, 0.186651334844, 930.0
0.559577064416, 0.834358805946, 0.124486057224, 0.998181352811, 0.996623671569, 0.984068366257, 0.0770324918532, 0.176468036685, 0.909810497849, 930.0
0.897860046853, 0.951092586981, 0.00284937820289, 0.136199642287, 0.944987821737, 0.95729068259, 0.446488516981, 0.0162196671583, 0.909810497849, 930.0
0.902967909388, 0.781076827287, 0.0182998435561, 0.449475182102, 0.15948046846, 0.998040080762, 0.512182737021, 0.430614095666, 0.978713676381, 930.0
0.708548583516, 0.884027364324, 0.00205159288722, 0.969597753337, 0.113334697494, 0.64122733449, 0.236691222957, 0.418095419552, 0.023525075667, 930.0
0.898516627752, 0.958493773343, 0.0395788495301, 0.915382480387, 0.201135972058, 0.64122733449, 0.253009204273, 0.139188783683, 0.0458257119009, 930.0
0.980021406606, 0.529025824285, 0.139331726163, 0.00657107421812, 0.575928449055, 0.64122733449, 0.826976846994, 0.0108683814605, 0.562121644968, 930.0
0.996431540819, 0.994189609291, 0.0182998435561, 0.574687600897, 0.991433400042, 0.998824189462, 0.831376615468, 0.125588568788, 0.136849170284, 930.0
0.620319730749, 0.834358805946, 0.323386716318, 0.954526206818, 0.15948046846, 0.87529736427, 0.0827665239651, 0.0162196671583, 0.909810497849, 930.0
0.902967909388, 0.951092586981, 0.0182998435561, 0.136199642287, 0.996623671569, 0.998040080762, 0.940764027705, 0.176468036685, 0.909810497849, 930.0
0.982995061116, 0.807153103572, 0.0395788495301, 0.00657107421812, 0.723214122605, 0.771741535439, 0.452733105958, 0.345373406481, 0.00107027048234, 930.0
0.559577064416, 0.98744140086, 0.0899725312466, 0.951627729153, 0.525952928, 0.578316539897, 0.559326166231, 0.0270057870668, 0.0167141124588, 930.0
0.620319730749, 0.835329531075, 0.0956256731746, 0.954526206818, 0.944987821737, 0.984068366257, 0.446488516981, 0.00276467225919, 0.909810497849, 930.0
0.559577064416, 0.951092586981, 0.0182998435561, 0.0787532988253, 0.15948046846, 0.998040080762, 0.172488890845, 0.214287151244, 0.562121644968, 930.0
0.990894780999, 0.511868681532, 0.0929215463318, 0.77610155799, 0.357840746927, 0.64122733449, 0.253009204273, 0.116263983962, 0.0363649511116, 930.0
0.886628581169, 0.538983565945, 0.145102990705, 0.520778701039, 0.785253931531, 0.977706770151, 0.81473067893, 0.419268007529, 0.941529673796, 930.0
0.708548583516, 0.807153103572, 0.0395788495301, 0.0102502036992, 0.898160721772, 0.684159075863, 0.452733105958, 0.0108683814605, 0.023525075667, 930.0
0.686679012914, 0.984590279103, 0.361290745482, 0.255127373857, 0.459057220354, 0.71061688703, 0.409198400452, 0.0183410811424, 0.476113956329, 930.0
0.513964722199, 0.950004427606, 0.0428236693221, 0.00633716425123, 0.352379718171, 0.998824189462, 0.470442462686, 0.0734111004906, 0.0167141124588, 930.0
0.898516627752, 0.511868681532, 0.139331726163, 0.995797936467, 0.424630295762, 0.847753214609, 0.656850580557, 0.125588568788, 0.543934658248, 930.0
0.848599130114, 0.790390575523, 0.043587073731, 0.226195136778, 0.944987821737, 0.771741535439, 0.940764027705, 0.418095419552, 0.562121644968, 930.0
0.980021406606, 0.781076827287, 0.0395788495301, 0.00657107421812, 0.699070282715, 0.64122733449, 0.903869023553, 0.0270057870668, 0.00107027048234, 930.0
0.559577064416, 0.98744140086, 0.0899725312466, 0.951627729153, 0.617872452172, 0.578316539897, 0.72255803054, 0.0108683814605, 0.909810497849, 930.0
0.559577064416, 0.983366656343, 0.0182998435561, 0.574687600897, 0.991433400042, 0.87529736427, 0.780915203865, 0.125588568788, 0.244148629466, 930.0
0.902967909388, 0.818928715909, 0.109139575908, 0.0787532988253, 0.996623671569, 0.998040080762, 0.446488516981, 0.176468036685, 0.909810497849, 930.0
0.980021406606, 0.951092586981, 0.00260803339676, 0.472499432395, 0.944987821737, 0.847753214609, 0.512182737021, 0.214287151244, 0.292091410864, 930.0
0.559577064416, 0.538983565945, 0.0929215463318, 0.0102502036992, 0.0523373812971, 0.64122733449, 0.253009204273, 0.355861454143, 0.023525075667, 930.0
0.513964722199, 0.511868681532, 0.0428236693221, 0.00633716425123, 0.352379718171, 0.998824189462, 0.189509042959, 0.0734111004906, 0.0167141124588, 930.0
0.543566282038, 0.994189609291, 0.197124900505, 0.982439755609, 0.526497344844, 0.616306665786, 0.939177590394, 0.450567702418, 0.70799025083, 930.0
0.649161031191, 0.965743035255, 0.133883175212, 0.842100207319, 0.3737657416, 0.573715414101, 0.613248520961, 0.0351154875744, 0.13626680519, 930.0
0.855640291352, 0.817657266693, 0.494401292537, 0.889391008384, 0.192309406271, 0.8573708954, 0.497697636415, 0.220152525779, 0.766164971593, 930.0
0.898516627752, 0.950004427606, 0.139331726163, 0.835631898458, 0.424630295762, 0.847753214609, 0.656850580557, 0.125588568788, 0.543934658248, 930.0
0.980021406606, 0.781076827287, 0.0182998435561, 0.226195136778, 0.944987821737, 0.64122733449, 0.940764027705, 0.418095419552, 0.562121644968, 930.0
0.848599130114, 0.790390575523, 0.0395788495301, 0.00657107421812, 0.699070282715, 0.771741535439, 0.903869023553, 0.0270057870668, 0.00107027048234, 930.0
0.559577064416, 0.98744140086, 0.0899725312466, 0.951627729153, 0.525952928, 0.578316539897, 0.72255803054, 0.0108683814605, 0.244148629466, 930.0
0.620319730749, 0.834358805946, 0.0956256731746, 0.0534110947791, 0.15948046846, 0.984068366257, 0.496083872652, 0.0162196671583, 0.562121644968, 930.0
0.902967909388, 0.818928715909, 0.109139575908, 0.81837191627, 0.996623671569, 0.998040080762, 0.446488516981, 0.176468036685, 0.909810497849, 930.0
0.559577064416, 0.951092586981, 0.00260803339676, 0.472499432395, 0.57000119967, 0.847753214609, 0.512182737021, 0.214287151244, 0.292091410864, 930.0
0.980021406606, 0.538983565945, 0.0929215463318, 0.000181154749382, 0.0685889570528, 0.64122733449, 0.253009204273, 0.355861454143, 0.023525075667, 930.0
0.513964722199, 0.511868681532, 0.0428236693221, 0.00633716425123, 0.352379718171, 0.998824189462, 0.189509042959, 0.0734111004906, 0.0167141124588, 930.0
