0.958760313774, 0.882021296473, 0.224207620611, 0.338801140133, 0.397263498496, 0.64122733449, 0.684337895999, 0.214287151244, 0.13626680519, 930.0
0.904957607953, 0.769473956622, 0.101932408236, 0.571527094943, 0.525952928, 0.87529736427, 0.248497102184, 0.322183386072, 0.581817631759, 930.0
0.543566282038, 0.788475955811, 0.0175335831308, 0.602154956888, 0.667866748969, 0.605274951418, 0.0119154742325, 0.355861454143, 0.507552220714, 930.0
0.616934830045, 0.883262294553, 0.382718356912, 0.718513851674, 0.850451902552, 0.581905507723, 0.0113977375006, 0.456478799653, 0.909810497849, 930.0
0.513964722199, 0.862036465161, 0.145102990705, 0.915382480387, 0.964996417406, 0.977706770151, 0.253009204273, 0.0144290678971, 0.0658706591506, 930.0
0.877406697553, 0.511868681532, 0.355721073084, 0.273759329114, 0.576878478605, 0.692565641544, 0.707768764971, 0.150442674441, 0.228868186103, 930.0
0.898516627752, 0.834358805946, 0.127642983762, 0.0102502036992, 0.990327691713, 0.992850015193, 0.446488516981, 0.244968685729, 0.580623602792, 930.0
0.958760313774, 0.769473956622, 0.224207620611, 0.338801140133, 0.397263498496, 0.64122733449, 0.57083050763, 0.214287151244, 0.13626680519, 930.0
0.904957607953, 0.882021296473, 0.101932408236, 0.571527094943, 0.525952928, 0.87529736427, 0.248497102184, 0.322183386072, 0.590766744797, 930.0
0.543566282038, 0.788475955811, 0.0175335831308, 0.602154956888, 0.667866748969, 0.605274951418, 0.379055706358, 0.355861454143, 0.507552220714, 930.0
0.616934830045, 0.883262294553, 0.382718356912, 0.718513851674, 0.850451902552, 0.581905507723, 0.0113977375006, 0.456478799653, 0.909810497849, 930.0
0.620319730749, 0.951092586981, 0.177511816019, 0.944385364784, 0.182547593931, 0.588278589621, 0.253009204273, 0.176468036685, 0.684871745876, 930.0
0.513964722199, 0.862036465161, 0.145102990705, 0.915382480387, 0.964996417406, 0.977706770151, 0.172488890845, 0.125588568788, 0.0658706591506, 930.0
0.898516627752, 0.511868681532, 0.355721073084, 0.273759329114, 0.990327691713, 0.988362788942, 0.707768764971, 0.0179716585311, 0.0167141124588, 930.0
0.877406697553, 0.834358805946, 0.127642983762, 0.0102502036992, 0.576878478605, 0.691651317169, 0.446488516981, 0.0270057870668, 0.580623602792, 930.0
0.559577064416, 0.943721530126, 0.102427712282, 0.951627729153, 0.526497344844, 0.507956955608, 0.452733105958, 0.183317313491, 0.0622451333007, 930.0
0.958760313774, 0.882021296473, 0.224207620611, 0.338801140133, 0.397263498496, 0.64122733449, 0.684337895999, 0.214287151244, 0.13626680519, 930.0
0.904957607953, 0.769473956622, 0.101932408236, 0.571527094943, 0.525952928, 0.87529736427, 0.248497102184, 0.322183386072, 0.581817631759, 930.0
0.543566282038, 0.788475955811, 0.0175335831308, 0.602154956888, 0.667866748969, 0.605274951418, 0.0119154742325, 0.355861454143, 0.507552220714, 930.0
0.616934830045, 0.883262294553, 0.382718356912, 0.718513851674, 0.850451902552, 0.581905507723, 0.0113977375006, 0.456478799653, 0.909810497849, 930.0
0.513964722199, 0.862036465161, 0.145102990705, 0.915382480387, 0.964996417406, 0.977706770151, 0.253009204273, 0.0144290678971, 0.0658706591506, 930.0
0.877406697553, 0.511868681532, 0.355721073084, 0.273759329114, 0.576878478605, 0.692565641544, 0.707768764971, 0.150442674441, 0.228868186103, 930.0
0.898516627752, 0.834358805946, 0.127642983762, 0.0102502036992, 0.990327691713, 0.992850015193, 0.446488516981, 0.244968685729, 0.580623602792, 930.0
0.958760313774, 0.769473956622, 0.224207620611, 0.338801140133, 0.397263498496, 0.64122733449, 0.57083050763, 0.214287151244, 0.13626680519, 930.0
0.904957607953, 0.882021296473, 0.101932408236, 0.571527094943, 0.525952928, 0.87529736427, 0.248497102184, 0.322183386072, 0.590766744797, 930.0
0.543566282038, 0.788475955811, 0.0175335831308, 0.602154956888, 0.667866748969, 0.605274951418, 0.379055706358, 0.355861454143, 0.507552220714, 930.0
0.616934830045, 0.883262294553, 0.382718356912, 0.718513851674, 0.850451902552, 0.581905507723, 0.0113977375006, 0.456478799653, 0.909810497849, 930.0
0.620319730749, 0.951092586981, 0.177511816019, 0.944385364784, 0.182547593931, 0.588278589621, 0.253009204273, 0.176468036685, 0.684871745876, 930.0
0.513964722199, 0.862036465161, 0.145102990705, 0.915382480387, 0.964996417406, 0.977706770151, 0.172488890845, 0.125588568788, 0.0658706591506, 930.0
0.898516627752, 0.511868681532, 0.355721073084, 0.273759329114, 0.990327691713, 0.988362788942, 0.707768764971, 0.0179716585311, 0.0167141124588, 930.0
0.877406697553, 0.834358805946, 0.127642983762, 0.0102502036992, 0.576878478605, 0.691651317169, 0.446488516981, 0.0270057870668, 0.580623602792, 930.0
0.559577064416, 0.943721530126, 0.102427712282, 0.951627729153, 0.526497344844, 0.507956955608, 0.452733105958, 0.183317313491, 0.0622451333007, 930.0
0.620319730749, 0.951092586981, 0.177511816019, 0.998906353455, 0.182547593931, 0.271467916373, 0.172488890845, 0.176468036685, 0.684871745876, 960.0
0.763455157319, 0.675368535221, 0.218820484588, 0.212576455767, 0.532973657878, 0.175341337256, 0.586914030887, 0.365351287074, 0.214622768801, 960.0
0.811929200151, 0.578525716593, 0.156136219805, 0.489649501079, 0.116748241554, 0.20498758929, 0.209829650187, 0.3409502488, 0.562767187802, 960.0
0.970441518824, 0.555501409873, 0.155198803237, 0.885313956639, 0.672073328503, 0.260801783272, 0.284950361325, 0.333569981417, 0.60597115458, 960.0
0.979364667674, 0.654354136211, 0.196069706403, 0.432719507149, 0.363537943064, 0.226303338629, 0.16505302169, 0.0418217528845, 0.167671271349, 960.0
0.791560483064, 0.635926359848, 0.258315473849, 0.929482451626, 0.272602218996, 0.0629199017541, 0.45046301603, 0.378949626047, 0.528886778521, 960.0
0.729405217936, 0.58241417233, 0.494401292537, 0.859926292923, 0.410912851204, 0.415981827408, 0.96625834401, 0.0351154875744, 0.610991159825, 960.0
0.763455157319, 0.726086361561, 0.0324353966006, 0.355415541836, 0.381492416295, 0.0115554290976, 0.647618041099, 0.471073188801, 0.00817747122536, 960.0
0.708981637621, 0.578525716593, 0.218820484588, 0.212576455767, 0.532973657878, 0.229578967092, 0.586914030887, 0.365351287074, 0.214622768801, 960.0
0.970441518824, 0.675368535221, 0.156136219805, 0.489649501079, 0.116748241554, 0.20498758929, 0.0321038697213, 0.3409502488, 0.60597115458, 960.0
0.811929200151, 0.555501409873, 0.196069706403, 0.885313956639, 0.672073328503, 0.260801783272, 0.16505302169, 0.0418217528845, 0.562767187802, 960.0
0.830558781139, 0.654354136211, 0.155198803237, 0.432719507149, 0.363537943064, 0.226303338629, 0.284950361325, 0.333569981417, 0.162807138651, 960.0
0.729405217936, 0.58241417233, 0.0324353966006, 0.859926292923, 0.747372692709, 0.415981827408, 0.96625834401, 0.0351154875744, 0.610991159825, 960.0
0.708981637621, 0.726086361561, 0.494401292537, 0.355415541836, 0.410912851204, 0.229578967092, 0.0505172712965, 0.471073188801, 0.271746818918, 960.0
0.814292016422, 0.567176417787, 0.0228492414586, 0.963742855405, 0.372323503844, 0.188714238167, 0.854541367775, 0.32467205872, 0.0154292473124, 960.0
0.620319730749, 0.951092586981, 0.177511816019, 0.998906353455, 0.182547593931, 0.271467916373, 0.172488890845, 0.176468036685, 0.684871745876, 960.0
0.763455157319, 0.675368535221, 0.218820484588, 0.212576455767, 0.532973657878, 0.175341337256, 0.586914030887, 0.365351287074, 0.214622768801, 960.0
0.811929200151, 0.578525716593, 0.156136219805, 0.489649501079, 0.116748241554, 0.20498758929, 0.209829650187, 0.3409502488, 0.562767187802, 960.0
0.970441518824, 0.555501409873, 0.155198803237, 0.885313956639, 0.672073328503, 0.260801783272, 0.284950361325, 0.333569981417, 0.60597115458, 960.0
0.979364667674, 0.654354136211, 0.196069706403, 0.432719507149, 0.363537943064, 0.226303338629, 0.16505302169, 0.0418217528845, 0.167671271349, 960.0
0.791560483064, 0.635926359848, 0.258315473849, 0.929482451626, 0.272602218996, 0.0629199017541, 0.45046301603, 0.378949626047, 0.528886778521, 960.0
0.729405217936, 0.58241417233, 0.494401292537, 0.859926292923, 0.410912851204, 0.415981827408, 0.96625834401, 0.0351154875744, 0.610991159825, 960.0
0.763455157319, 0.726086361561, 0.0324353966006, 0.355415541836, 0.381492416295, 0.0115554290976, 0.647618041099, 0.471073188801, 0.00817747122536, 960.0
0.708981637621, 0.578525716593, 0.218820484588, 0.212576455767, 0.532973657878, 0.229578967092, 0.586914030887, 0.365351287074, 0.214622768801, 960.0
0.970441518824, 0.675368535221, 0.156136219805, 0.489649501079, 0.116748241554, 0.20498758929, 0.0321038697213, 0.3409502488, 0.60597115458, 960.0
0.811929200151, 0.555501409873, 0.196069706403, 0.885313956639, 0.672073328503, 0.260801783272, 0.16505302169, 0.0418217528845, 0.562767187802, 960.0
0.830558781139, 0.654354136211, 0.155198803237, 0.432719507149, 0.363537943064, 0.226303338629, 0.284950361325, 0.333569981417, 0.162807138651, 960.0
0.729405217936, 0.58241417233, 0.0324353966006, 0.859926292923, 0.747372692709, 0.415981827408, 0.96625834401, 0.0351154875744, 0.610991159825, 960.0
0.708981637621, 0.726086361561, 0.494401292537, 0.355415541836, 0.410912851204, 0.229578967092, 0.0505172712965, 0.471073188801, 0.271746818918, 960.0
0.814292016422, 0.567176417787, 0.0228492414586, 0.963742855405, 0.372323503844, 0.188714238167, 0.854541367775, 0.32467205872, 0.0154292473124, 960.0
0.802482683616, 0.844694815571, 0.194052021977, 0.122457644565, 0.0331215318137, 0.85587860092, 0.746166255698, 0.516625544483, 0.158072585696, 990.0
0.930646498139, 0.939141513602, 0.414443317748, 0.415369944797, 0.289950037245, 0.552429959867, 0.587564539036, 0.582792432242, 0.0121944786486, 990.0
0.524430587427, 0.979326638223, 0.355836264318, 0.278668981098, 0.0386298230999, 0.632560348124, 0.480379206997, 0.772429236956, 0.0766031121944, 990.0
0.844696733427, 0.581742860121, 0.232090310687, 0.333312804856, 0.319080874025, 0.938432113579, 0.154348859033, 0.650481019784, 0.424482926127, 990.0
0.908883318114, 0.844694815571, 0.194052021977, 0.122457644565, 0.0331215318137, 0.85587860092, 0.41874832283, 0.516625544483, 0.158072585696, 990.0
0.575604047396, 0.939141513602, 0.102427712282, 0.415369944797, 0.289950037245, 0.552429959867, 0.587564539036, 0.582792432242, 0.0260670026796, 990.0
0.559577064416, 0.761515949613, 0.414443317748, 0.969265173005, 0.526497344844, 0.507956955608, 0.452733105958, 0.510958411352, 0.0622451333007, 990.0
0.524430587427, 0.971990745573, 0.355836264318, 0.278668981098, 0.0386298230999, 0.632560348124, 0.353644542997, 0.597774226608, 0.0766031121944, 990.0
0.802482683616, 0.844694815571, 0.194052021977, 0.122457644565, 0.0331215318137, 0.85587860092, 0.746166255698, 0.516625544483, 0.158072585696, 990.0
0.930646498139, 0.939141513602, 0.414443317748, 0.415369944797, 0.289950037245, 0.552429959867, 0.587564539036, 0.582792432242, 0.0121944786486, 990.0
0.524430587427, 0.979326638223, 0.355836264318, 0.278668981098, 0.0386298230999, 0.632560348124, 0.480379206997, 0.772429236956, 0.0766031121944, 990.0
0.844696733427, 0.581742860121, 0.232090310687, 0.333312804856, 0.319080874025, 0.938432113579, 0.154348859033, 0.650481019784, 0.424482926127, 990.0
0.908883318114, 0.844694815571, 0.194052021977, 0.122457644565, 0.0331215318137, 0.85587860092, 0.41874832283, 0.516625544483, 0.158072585696, 990.0
0.575604047396, 0.939141513602, 0.102427712282, 0.415369944797, 0.289950037245, 0.552429959867, 0.587564539036, 0.582792432242, 0.0260670026796, 990.0
0.559577064416, 0.761515949613, 0.414443317748, 0.969265173005, 0.526497344844, 0.507956955608, 0.452733105958, 0.510958411352, 0.0622451333007, 990.0
0.524430587427, 0.971990745573, 0.355836264318, 0.278668981098, 0.0386298230999, 0.632560348124, 0.353644542997, 0.597774226608, 0.0766031121944, 990.0
0.651871726972, 0.628160754681, 0.838661803195, 0.905787159989, 0.385053580423, 0.957288233413, 0.422391117223, 0.169511320421, 0.8065978235, 1020.0
0.827958332118, 0.154710591579, 0.710506846871, 0.429301715098, 0.578985756392, 0.690427953325, 0.319336145241, 0.239016979952, 0.655542162678, 1020.0
0.560738476981, 0.899978480223, 0.794647182066, 0.751135487875, 0.387032489178, 0.851525011578, 0.00836793790419, 0.210384283463, 0.667880023363, 1020.0
0.530256066099, 0.724278228772, 0.606830741241, 0.53520263279, 0.283634468351, 0.974865009992, 0.591795902454, 0.490105962027, 0.699951677323, 1020.0
0.713640049068, 0.175231136283, 0.719839670785, 0.718736779985, 0.00509546782109, 0.82669091065, 0.256475889422, 0.449656774573, 0.698922681676, 1020.0
0.680916929038, 0.0881084624645, 0.883311668178, 0.172137680439, 0.927931010079, 0.821475420364, 0.0385609701569, 0.357158043169, 0.81476278585, 1020.0
0.836907240604, 0.55458427417, 0.610820220335, 0.00957905712051, 0.578985756392, 0.769222263528, 0.737454833307, 0.325074705856, 0.752092286505, 1020.0
0.827958332118, 0.154710591579, 0.710506846871, 0.629722701824, 0.648833805588, 0.690427953325, 0.319336145241, 0.0487536676675, 0.655542162678, 1020.0
0.651871726972, 0.628160754681, 0.838661803195, 0.905787159989, 0.816834696892, 0.957288233413, 0.90060720512, 0.169511320421, 0.8065978235, 1020.0
0.560738476981, 0.899978480223, 0.794647182066, 0.751135487875, 0.387032489178, 0.851525011578, 0.00836793790419, 0.490105962027, 0.667880023363, 1020.0
0.530256066099, 0.313887906915, 0.606830741241, 0.160675057953, 0.283634468351, 0.974865009992, 0.256475889422, 0.210384283463, 0.699951677323, 1020.0
0.905678622751, 0.175231136283, 0.719839670785, 0.908137389068, 0.00509546782109, 0.82669091065, 0.591795902454, 0.18221023069, 0.698922681676, 1020.0
0.825837593401, 0.55458427417, 0.610820220335, 0.629722701824, 0.648833805588, 0.769222263528, 0.737454833307, 0.195178178151, 0.752092286505, 1020.0
0.827958332118, 0.154710591579, 0.710506846871, 0.429301715098, 0.578985756392, 0.690427953325, 0.319336145241, 0.239016979952, 0.655542162678, 1020.0
0.651871726972, 0.628160754681, 0.838661803195, 0.905787159989, 0.385053580423, 0.957288233413, 0.422391117223, 0.169511320421, 0.8065978235, 1020.0
0.560738476981, 0.899978480223, 0.794647182066, 0.751135487875, 0.387032489178, 0.851525011578, 0.00836793790419, 0.210384283463, 0.667880023363, 1020.0
0.530256066099, 0.724278228772, 0.606830741241, 0.53520263279, 0.283634468351, 0.974865009992, 0.591795902454, 0.490105962027, 0.699951677323, 1020.0
0.713640049068, 0.175231136283, 0.719839670785, 0.718736779985, 0.00509546782109, 0.82669091065, 0.256475889422, 0.449656774573, 0.698922681676, 1020.0
0.680916929038, 0.0881084624645, 0.883311668178, 0.172137680439, 0.927931010079, 0.821475420364, 0.0385609701569, 0.357158043169, 0.81476278585, 1020.0
0.836907240604, 0.55458427417, 0.610820220335, 0.00957905712051, 0.578985756392, 0.769222263528, 0.737454833307, 0.325074705856, 0.752092286505, 1020.0
0.827958332118, 0.154710591579, 0.710506846871, 0.629722701824, 0.648833805588, 0.690427953325, 0.319336145241, 0.0487536676675, 0.655542162678, 1020.0
0.651871726972, 0.628160754681, 0.838661803195, 0.905787159989, 0.816834696892, 0.957288233413, 0.90060720512, 0.169511320421, 0.8065978235, 1020.0
