0.958760313774, 0.769473956622, 0.224207620611, 0.338801140133, 0.397263498496, 0.64122733449, 0.684337895999, 0.340465335017, 0.13626680519, 930.0
0.513964722199, 0.511868681532, 0.220972812502, 0.273759329114, 0.964996417406, 0.977706770151, 0.253009204273, 0.150442674441, 0.476113956329, 930.0
0.877406697553, 0.862036465161, 0.355721073084, 0.408686191974, 0.576878478605, 0.692565641544, 0.707768764971, 0.0144290678971, 0.228868186103, 930.0
0.958760313774, 0.834358805946, 0.0929215463318, 0.0102502036992, 0.990327691713, 0.998040080762, 0.446488516981, 0.244968685729, 0.580623602792, 930.0
0.964213966373, 0.769473956622, 0.224207620611, 0.338801140133, 0.397263498496, 0.64122733449, 0.51909562478, 0.214287151244, 0.13626680519, 930.0
0.543566282038, 0.882021296473, 0.101932408236, 0.571527094943, 0.525952928, 0.87529736427, 0.248497102184, 0.322183386072, 0.590766744797, 930.0
0.616934830045, 0.883262294553, 0.177511816019, 0.944385364784, 0.182547593931, 0.581905507723, 0.0113977375006, 0.456478799653, 0.909810497849, 930.0
0.620319730749, 0.951092586981, 0.382718356912, 0.718513851674, 0.850451902552, 0.588278589621, 0.253009204273, 0.176468036685, 0.684871745876, 930.0
0.513964722199, 0.862036465161, 0.145102990705, 0.915382480387, 0.964996417406, 0.977706770151, 0.172488890845, 0.125588568788, 0.0658706591506, 930.0
0.898516627752, 0.511868681532, 0.355721073084, 0.273759329114, 0.990327691713, 0.998824189462, 0.707768764971, 0.0179716585311, 0.0167141124588, 930.0
0.877406697553, 0.834358805946, 0.127642983762, 0.0102502036992, 0.576878478605, 0.691651317169, 0.446488516981, 0.0270057870668, 0.580623602792, 930.0
0.559577064416, 0.943721530126, 0.102427712282, 0.951627729153, 0.526497344844, 0.507956955608, 0.452733105958, 0.183317313491, 0.0622451333007, 930.0
0.958760313774, 0.769473956622, 0.224207620611, 0.338801140133, 0.397263498496, 0.64122733449, 0.684337895999, 0.214287151244, 0.13626680519, 930.0
0.882331606532, 0.882021296473, 0.101932408236, 0.571527094943, 0.525952928, 0.87529736427, 0.248497102184, 0.322183386072, 0.581817631759, 930.0
0.543566282038, 0.788475955811, 0.0175335831308, 0.602154956888, 0.667866748969, 0.605274951418, 0.0119154742325, 0.355861454143, 0.507552220714, 930.0
0.708548583516, 0.883262294553, 0.382718356912, 0.718513851674, 0.850451902552, 0.581905507723, 0.0113977375006, 0.456478799653, 0.909810497849, 930.0
0.513964722199, 0.862036465161, 0.145102990705, 0.915382480387, 0.964996417406, 0.977706770151, 0.253009204273, 0.0144290678971, 0.0658706591506, 930.0
0.877406697553, 0.511868681532, 0.355721073084, 0.273759329114, 0.119963283271, 0.692565641544, 0.707768764971, 0.150442674441, 0.228868186103, 930.0
0.898516627752, 0.834358805946, 0.127642983762, 0.0102502036992, 0.990327691713, 0.64122733449, 0.105918606066, 0.214287151244, 0.580623602792, 930.0
0.904957607953, 0.882021296473, 0.101932408236, 0.185428756227, 0.525952928, 0.605274951418, 0.248497102184, 0.322183386072, 0.590766744797, 930.0
0.543566282038, 0.788475955811, 0.0255957774244, 0.602154956888, 0.667866748969, 0.87529736427, 0.379055706358, 0.355861454143, 0.507552220714, 930.0
0.620319730749, 0.951092586981, 0.177511816019, 0.944385364784, 0.182547593931, 0.588278589621, 0.253009204273, 0.176468036685, 0.909810497849, 930.0
0.513964722199, 0.862036465161, 0.145102990705, 0.915382480387, 0.964996417406, 0.977706770151, 0.172488890845, 0.125588568788, 0.0658706591506, 930.0
0.877406697553, 0.834358805946, 0.127642983762, 0.0102502036992, 0.576878478605, 0.691651317169, 0.446488516981, 0.0270057870668, 0.0622451333007, 930.0
0.559577064416, 0.943721530126, 0.102427712282, 0.951627729153, 0.526497344844, 0.507956955608, 0.452733105958, 0.183317313491, 0.580623602792, 930.0
0.559577064416, 0.98025162039, 0.355836264318, 0.969265173005, 0.526497344844, 0.507956955608, 0.641071410757, 0.366616503996, 0.0030539241136, 930.0
0.905678622751, 0.838115867461, 0.0428236693221, 0.160675057953, 0.00255906843067, 0.974865009992, 0.256475889422, 0.210384283463, 0.699951677323, 930.0
0.958760313774, 0.769473956622, 0.224207620611, 0.338801140133, 0.397263498496, 0.64122733449, 0.684337895999, 0.340465335017, 0.13626680519, 930.0
0.513964722199, 0.511868681532, 0.220972812502, 0.273759329114, 0.964996417406, 0.977706770151, 0.253009204273, 0.150442674441, 0.476113956329, 930.0
0.877406697553, 0.862036465161, 0.355721073084, 0.408686191974, 0.576878478605, 0.692565641544, 0.707768764971, 0.0144290678971, 0.228868186103, 930.0
0.958760313774, 0.834358805946, 0.0929215463318, 0.0102502036992, 0.990327691713, 0.998040080762, 0.446488516981, 0.244968685729, 0.580623602792, 930.0
0.964213966373, 0.769473956622, 0.224207620611, 0.338801140133, 0.397263498496, 0.64122733449, 0.51909562478, 0.214287151244, 0.13626680519, 930.0
0.543566282038, 0.882021296473, 0.101932408236, 0.571527094943, 0.525952928, 0.87529736427, 0.248497102184, 0.322183386072, 0.590766744797, 930.0
0.616934830045, 0.883262294553, 0.177511816019, 0.944385364784, 0.182547593931, 0.581905507723, 0.0113977375006, 0.456478799653, 0.909810497849, 930.0
0.620319730749, 0.951092586981, 0.382718356912, 0.718513851674, 0.850451902552, 0.588278589621, 0.253009204273, 0.176468036685, 0.684871745876, 930.0
0.513964722199, 0.862036465161, 0.145102990705, 0.915382480387, 0.964996417406, 0.977706770151, 0.172488890845, 0.125588568788, 0.0658706591506, 930.0
0.898516627752, 0.511868681532, 0.355721073084, 0.273759329114, 0.990327691713, 0.998824189462, 0.707768764971, 0.0179716585311, 0.0167141124588, 930.0
0.877406697553, 0.834358805946, 0.127642983762, 0.0102502036992, 0.576878478605, 0.691651317169, 0.446488516981, 0.0270057870668, 0.580623602792, 930.0
0.559577064416, 0.943721530126, 0.102427712282, 0.951627729153, 0.526497344844, 0.507956955608, 0.452733105958, 0.183317313491, 0.0622451333007, 930.0
0.958760313774, 0.769473956622, 0.224207620611, 0.338801140133, 0.397263498496, 0.64122733449, 0.684337895999, 0.214287151244, 0.13626680519, 930.0
0.882331606532, 0.882021296473, 0.101932408236, 0.571527094943, 0.525952928, 0.87529736427, 0.248497102184, 0.322183386072, 0.581817631759, 930.0
0.543566282038, 0.788475955811, 0.0175335831308, 0.602154956888, 0.667866748969, 0.605274951418, 0.0119154742325, 0.355861454143, 0.507552220714, 930.0
0.708548583516, 0.883262294553, 0.382718356912, 0.718513851674, 0.850451902552, 0.581905507723, 0.0113977375006, 0.456478799653, 0.909810497849, 930.0
0.513964722199, 0.862036465161, 0.145102990705, 0.915382480387, 0.964996417406, 0.977706770151, 0.253009204273, 0.0144290678971, 0.0658706591506, 930.0
0.877406697553, 0.511868681532, 0.355721073084, 0.273759329114, 0.119963283271, 0.692565641544, 0.707768764971, 0.150442674441, 0.228868186103, 930.0
0.898516627752, 0.834358805946, 0.127642983762, 0.0102502036992, 0.990327691713, 0.64122733449, 0.105918606066, 0.214287151244, 0.580623602792, 930.0
0.904957607953, 0.882021296473, 0.101932408236, 0.185428756227, 0.525952928, 0.605274951418, 0.248497102184, 0.322183386072, 0.590766744797, 930.0
0.543566282038, 0.788475955811, 0.0255957774244, 0.602154956888, 0.667866748969, 0.87529736427, 0.379055706358, 0.355861454143, 0.507552220714, 930.0
0.620319730749, 0.951092586981, 0.177511816019, 0.944385364784, 0.182547593931, 0.588278589621, 0.253009204273, 0.176468036685, 0.909810497849, 930.0
0.513964722199, 0.862036465161, 0.145102990705, 0.915382480387, 0.964996417406, 0.977706770151, 0.172488890845, 0.125588568788, 0.0658706591506, 930.0
0.877406697553, 0.834358805946, 0.127642983762, 0.0102502036992, 0.576878478605, 0.691651317169, 0.446488516981, 0.0270057870668, 0.0622451333007, 930.0
0.559577064416, 0.943721530126, 0.102427712282, 0.951627729153, 0.526497344844, 0.507956955608, 0.452733105958, 0.183317313491, 0.580623602792, 930.0
0.559577064416, 0.98025162039, 0.355836264318, 0.969265173005, 0.526497344844, 0.507956955608, 0.641071410757, 0.366616503996, 0.0030539241136, 930.0
0.905678622751, 0.838115867461, 0.0428236693221, 0.160675057953, 0.00255906843067, 0.974865009992, 0.256475889422, 0.210384283463, 0.699951677323, 930.0
0.616934830045, 0.788475955811, 0.0175335831308, 0.718513851674, 0.667866748969, 0.350852765318, 0.0119154742325, 0.355861454143, 0.507552220714, 960.0
0.708981637621, 0.567176417787, 0.494401292537, 0.963742855405, 0.372323503844, 0.188714238167, 0.0505172712965, 0.471073188801, 0.0154292473124, 960.0
0.904957607953, 0.788475955811, 0.0175335831308, 0.602154956888, 0.667866748969, 0.0936805259274, 0.379055706358, 0.355861454143, 0.507552220714, 960.0
0.620319730749, 0.951092586981, 0.177511816019, 0.998906353455, 0.182547593931, 0.271467916373, 0.452829640554, 0.176468036685, 0.214622768801, 960.0
0.763455157319, 0.675368535221, 0.218820484588, 0.212576455767, 0.532973657878, 0.175341337256, 0.586914030887, 0.365351287074, 0.684871745876, 960.0
0.970441518824, 0.555501409873, 0.351636816262, 0.885313956639, 0.74955112814, 0.260801783272, 0.284950361325, 0.3409502488, 0.60597115458, 960.0
0.979364667674, 0.654354136211, 0.196069706403, 0.432719507149, 0.363537943064, 0.226303338629, 0.16505302169, 0.0553799187846, 0.346462307366, 960.0
0.791560483064, 0.635926359848, 0.258315473849, 0.929482451626, 0.272602218996, 0.0629199017541, 0.45046301603, 0.378949626047, 0.528886778521, 960.0
0.729405217936, 0.739269091677, 0.494401292537, 0.154735104007, 0.410912851204, 0.0110200717558, 0.647618041099, 0.0205654000325, 0.610991159825, 960.0
0.763455157319, 0.58241417233, 0.0324353966006, 0.355415541836, 0.381492416295, 0.415981827408, 0.96625834401, 0.471073188801, 0.00817747122536, 960.0
0.970441518824, 0.675368535221, 0.156136219805, 0.489649501079, 0.0408522013323, 0.20498758929, 0.0321038697213, 0.3409502488, 0.60597115458, 960.0
0.830558781139, 0.654354136211, 0.155198803237, 0.432719507149, 0.363537943064, 0.226303338629, 0.284950361325, 0.333569981417, 0.162807138651, 960.0
0.708981637621, 0.726086361561, 0.0324353966006, 0.859926292923, 0.747372692709, 0.152734044302, 0.96625834401, 0.229303452523, 0.0428102793565, 960.0
0.729405217936, 0.58241417233, 0.494401292537, 0.563077027142, 0.410912851204, 0.229578967092, 0.0505172712965, 0.0351154875744, 0.610991159825, 960.0
0.620319730749, 0.951092586981, 0.177511816019, 0.998906353455, 0.182547593931, 0.271467916373, 0.218589591958, 0.176468036685, 0.684871745876, 960.0
0.763455157319, 0.675368535221, 0.156136219805, 0.212576455767, 0.532973657878, 0.175341337256, 0.586914030887, 0.365351287074, 0.214622768801, 960.0
0.811929200151, 0.578525716593, 0.218820484588, 0.489649501079, 0.116748241554, 0.20498758929, 0.209829650187, 0.3409502488, 0.562767187802, 960.0
0.98660882802, 0.555501409873, 0.155198803237, 0.432719507149, 0.0303543433532, 0.00730388593893, 0.284950361325, 0.0418217528845, 0.60597115458, 960.0
0.979364667674, 0.654354136211, 0.196069706403, 0.885313956639, 0.363537943064, 0.226303338629, 0.16505302169, 0.333569981417, 0.167671271349, 960.0
0.791560483064, 0.58241417233, 0.258315473849, 0.929482451626, 0.764013680491, 0.0629199017541, 0.96625834401, 0.378949626047, 0.528886778521, 960.0
0.729405217936, 0.635926359848, 0.494401292537, 0.859926292923, 0.410912851204, 0.415981827408, 0.45046301603, 0.0351154875744, 0.610991159825, 960.0
0.763455157319, 0.726086361561, 0.0324353966006, 0.355415541836, 0.381492416295, 0.0115554290976, 0.586914030887, 0.13572831569, 0.00817747122536, 960.0
0.708981637621, 0.578525716593, 0.218820484588, 0.212576455767, 0.532973657878, 0.229578967092, 0.647618041099, 0.365351287074, 0.214622768801, 960.0
0.970441518824, 0.675368535221, 0.156136219805, 0.489649501079, 0.116748241554, 0.260801783272, 0.0321038697213, 0.3409502488, 0.60597115458, 960.0
0.811929200151, 0.555501409873, 0.196069706403, 0.885313956639, 0.672073328503, 0.20498758929, 0.16505302169, 0.0418217528845, 0.562767187802, 960.0
0.830558781139, 0.654354136211, 0.155198803237, 0.432719507149, 0.363537943064, 0.226303338629, 0.284950361325, 0.333569981417, 0.162807138651, 960.0
0.729405217936, 0.58241417233, 0.0324353966006, 0.859926292923, 0.747372692709, 0.415981827408, 0.96625834401, 0.0351154875744, 0.610991159825, 960.0
0.814292016422, 0.726086361561, 0.0228492414586, 0.355415541836, 0.410912851204, 0.229578967092, 0.854541367775, 0.32467205872, 0.271746818918, 960.0
0.708981637621, 0.567176417787, 0.494401292537, 0.963742855405, 0.372323503844, 0.188714238167, 0.0505172712965, 0.471073188801, 0.0154292473124, 960.0
0.616934830045, 0.788475955811, 0.0175335831308, 0.718513851674, 0.667866748969, 0.350852765318, 0.0119154742325, 0.355861454143, 0.507552220714, 960.0
0.904957607953, 0.788475955811, 0.0175335831308, 0.602154956888, 0.667866748969, 0.0936805259274, 0.379055706358, 0.355861454143, 0.507552220714, 960.0
0.620319730749, 0.951092586981, 0.177511816019, 0.998906353455, 0.182547593931, 0.271467916373, 0.452829640554, 0.176468036685, 0.214622768801, 960.0
0.763455157319, 0.675368535221, 0.218820484588, 0.212576455767, 0.532973657878, 0.175341337256, 0.586914030887, 0.365351287074, 0.684871745876, 960.0
0.970441518824, 0.555501409873, 0.351636816262, 0.885313956639, 0.74955112814, 0.260801783272, 0.284950361325, 0.3409502488, 0.60597115458, 960.0
0.979364667674, 0.654354136211, 0.196069706403, 0.432719507149, 0.363537943064, 0.226303338629, 0.16505302169, 0.0553799187846, 0.346462307366, 960.0
0.791560483064, 0.635926359848, 0.258315473849, 0.929482451626, 0.272602218996, 0.0629199017541, 0.45046301603, 0.378949626047, 0.528886778521, 960.0
0.729405217936, 0.739269091677, 0.494401292537, 0.154735104007, 0.410912851204, 0.0110200717558, 0.647618041099, 0.0205654000325, 0.610991159825, 960.0
0.763455157319, 0.58241417233, 0.0324353966006, 0.355415541836, 0.381492416295, 0.415981827408, 0.96625834401, 0.471073188801, 0.00817747122536, 960.0
0.970441518824, 0.675368535221, 0.156136219805, 0.489649501079, 0.0408522013323, 0.20498758929, 0.0321038697213, 0.3409502488, 0.60597115458, 960.0
0.830558781139, 0.654354136211, 0.155198803237, 0.432719507149, 0.363537943064, 0.226303338629, 0.284950361325, 0.333569981417, 0.162807138651, 960.0
0.708981637621, 0.726086361561, 0.0324353966006, 0.859926292923, 0.747372692709, 0.152734044302, 0.96625834401, 0.229303452523, 0.0428102793565, 960.0
0.729405217936, 0.58241417233, 0.494401292537, 0.563077027142, 0.410912851204, 0.229578967092, 0.0505172712965, 0.0351154875744, 0.610991159825, 960.0
0.620319730749, 0.951092586981, 0.177511816019, 0.998906353455, 0.182547593931, 0.271467916373, 0.218589591958, 0.176468036685, 0.684871745876, 960.0
0.763455157319, 0.675368535221, 0.156136219805, 0.212576455767, 0.532973657878, 0.175341337256, 0.586914030887, 0.365351287074, 0.214622768801, 960.0
0.811929200151, 0.578525716593, 0.218820484588, 0.489649501079, 0.116748241554, 0.20498758929, 0.209829650187, 0.3409502488, 0.562767187802, 960.0
0.98660882802, 0.555501409873, 0.155198803237, 0.432719507149, 0.0303543433532, 0.00730388593893, 0.284950361325, 0.0418217528845, 0.60597115458, 960.0
