0.877406697553, 0.862036465161, 0.355721073084, 0.408686191974, 0.576878478605, 0.692565641544, 0.707768764971, 0.0144290678971, 0.228868186103, 930.0
0.620319730749, 0.951092586981, 0.0255957774244, 0.944385364784, 0.182547593931, 0.588278589621, 0.253009204273, 0.176468036685, 0.909810497849, 930.0
0.958760313774, 0.781076827287, 0.0929215463318, 0.0102502036992, 0.990327691713, 0.998040080762, 0.446488516981, 0.214287151244, 0.862480743602, 930.0
0.964213966373, 0.769473956622, 0.101932408236, 0.00964369092643, 0.648408617678, 0.64122733449, 0.248497102184, 0.244968685729, 0.13626680519, 930.0
0.543566282038, 0.882021296473, 0.177511816019, 0.571527094943, 0.649291683261, 0.921591453534, 0.870486288497, 0.322183386072, 0.590766744797, 930.0
0.620319730749, 0.883262294553, 0.382718356912, 0.863924770203, 0.939832909931, 0.588278589621, 0.0546702981997, 0.456478799653, 0.909810497849, 930.0
0.574435929317, 0.968355401581, 0.224207620611, 0.718513851674, 0.182547593931, 0.67184130284, 0.474602317053, 0.176468036685, 0.684871745876, 930.0
0.513964722199, 0.867251771138, 0.297017302174, 0.915382480387, 0.0155237732733, 0.977706770151, 0.172488890845, 0.125588568788, 0.0658706591506, 930.0
0.559577064416, 0.511868681532, 0.0515528523392, 0.273759329114, 0.990327691713, 0.507956955608, 0.64259083463, 0.0179716585311, 0.0167141124588, 930.0
0.967577778046, 0.943721530126, 0.224207620611, 0.951627729153, 0.189142460268, 0.998824189462, 0.452733105958, 0.183317313491, 0.562121644968, 930.0
0.708548583516, 0.769473956622, 0.355721073084, 0.718513851674, 0.80233112631, 0.605274951418, 0.684337895999, 0.17690121209, 0.13626680519, 930.0
0.513964722199, 0.511868681532, 0.145102990705, 0.915382480387, 0.113334697494, 0.64122733449, 0.253009204273, 0.355861454143, 0.909810497849, 930.0
0.898516627752, 0.834358805946, 0.0872488183536, 0.0102502036992, 0.990327691713, 0.64122733449, 0.72255803054, 0.214287151244, 0.507552220714, 930.0
0.543566282038, 0.788475955811, 0.0255957774244, 0.185428756227, 0.667866748969, 0.87529736427, 0.379055706358, 0.355861454143, 0.580623602792, 930.0
0.513964722199, 0.573502294614, 0.177511816019, 0.42795285812, 0.182547593931, 0.588278589621, 0.253009204273, 0.176468036685, 0.909810497849, 930.0
0.620319730749, 0.951092586981, 0.0759208796643, 0.915382480387, 0.964996417406, 0.984068366257, 0.172488890845, 0.125588568788, 0.0658706591506, 930.0
0.877406697553, 0.862036465161, 0.145102990705, 0.0102502036992, 0.576878478605, 0.691651317169, 0.446488516981, 0.0270057870668, 0.0622451333007, 930.0
0.858920256977, 0.943721530126, 0.102427712282, 0.969265173005, 0.526497344844, 0.540755527058, 0.452733105958, 0.183317313491, 0.580623602792, 930.0
0.559577064416, 0.910915792567, 0.489005128623, 0.951627729153, 0.526497344844, 0.507956955608, 0.471505326427, 0.366616503996, 0.0030539241136, 930.0
0.669646036176, 0.838115867461, 0.0428236693221, 0.160675057953, 0.00255906843067, 0.982620313294, 0.256475889422, 0.210384283463, 0.699951677323, 930.0
0.980021406606, 0.769473956622, 0.361290745482, 0.165595704488, 0.397263498496, 0.64122733449, 0.684337895999, 0.254029898501, 0.13626680519, 930.0
0.513964722199, 0.511868681532, 0.355721073084, 0.606575156784, 0.995202470235, 0.984918106902, 0.409198400452, 0.150442674441, 0.476113956329, 930.0
0.877406697553, 0.884544530919, 0.220972812502, 0.408686191974, 0.576878478605, 0.692565641544, 0.253009204273, 0.0144290678971, 0.580623602792, 930.0
0.958760313774, 0.834358805946, 0.0929215463318, 0.0102502036992, 0.990327691713, 0.998040080762, 0.765940144539, 0.244968685729, 0.228868186103, 930.0
0.543566282038, 0.882021296473, 0.224207620611, 0.254527111518, 0.525952928, 0.573245200154, 0.446488516981, 0.214287151244, 0.13626680519, 930.0
0.964213966373, 0.769473956622, 0.101932408236, 0.944385364784, 0.397263498496, 0.87529736427, 0.248497102184, 0.322183386072, 0.590766744797, 930.0
0.898516627752, 0.600429885526, 0.145102990705, 0.273759329114, 0.990327691713, 0.977706770151, 0.172488890845, 0.0179716585311, 0.580623602792, 930.0
0.513964722199, 0.511868681532, 0.355721073084, 0.718513851674, 0.964996417406, 0.998824189462, 0.707768764971, 0.125588568788, 0.0658706591506, 930.0
0.877406697553, 0.834358805946, 0.197124900505, 0.0102502036992, 0.526497344844, 0.691651317169, 0.446488516981, 0.0270057870668, 0.0167141124588, 930.0
0.559577064416, 0.992530690405, 0.102427712282, 0.951627729153, 0.576878478605, 0.507956955608, 0.452733105958, 0.183317313491, 0.0622451333007, 930.0
0.958760313774, 0.769473956622, 0.224207620611, 0.338801140133, 0.525952928, 0.798537886122, 0.684337895999, 0.322183386072, 0.13626680519, 930.0
0.877406697553, 0.511868681532, 0.355721073084, 0.273759329114, 0.0438821842929, 0.692565641544, 0.105918606066, 0.214287151244, 0.228868186103, 930.0
0.898516627752, 0.834358805946, 0.127642983762, 0.0102502036992, 0.996276481983, 0.568847974727, 0.824771461752, 0.0830318962783, 0.445086522493, 930.0
0.904957607953, 0.882021296473, 0.101932408236, 0.185428756227, 0.525952928, 0.605274951418, 0.248497102184, 0.355861454143, 0.559585226221, 930.0
0.543566282038, 0.876081042395, 0.0255957774244, 0.650127144097, 0.182547593931, 0.87529736427, 0.340677719992, 0.322183386072, 0.582444134955, 930.0
0.78648407949, 0.951092586981, 0.177511816019, 0.944385364784, 0.764445866746, 0.977706770151, 0.253009204273, 0.0270057870668, 0.67556009696, 930.0
0.877406697553, 0.834358805946, 0.127642983762, 0.208006917481, 0.104197021162, 0.691651317169, 0.452733105958, 0.176468036685, 0.0622451333007, 930.0
0.559577064416, 0.965743035255, 0.0428236693221, 0.951627729153, 0.526497344844, 0.652366210714, 0.446488516981, 0.301681266042, 0.231008231363, 930.0
0.559577064416, 0.838115867461, 0.102427712282, 0.969265173005, 0.526497344844, 0.507956955608, 0.641071410757, 0.366616503996, 0.634387578978, 930.0
0.829750596619, 0.98025162039, 0.355836264318, 0.160675057953, 0.00255906843067, 0.989991878787, 0.256475889422, 0.210384283463, 0.699951677323, 930.0
0.615062572836, 0.635926359848, 0.494401292537, 0.859926292923, 0.958009340908, 0.51614896454, 0.45046301603, 0.0351154875744, 0.13626680519, 930.0
0.649161031191, 0.862036465161, 0.355721073084, 0.338801140133, 0.576878478605, 0.692565641544, 0.707768764971, 0.0144290678971, 0.134165592655, 930.0
0.964213966373, 0.769473956622, 0.101932408236, 0.338801140133, 0.648408617678, 0.64122733449, 0.0504021958486, 0.065995275342, 0.13626680519, 930.0
0.812660648677, 0.968355401581, 0.382718356912, 0.915382480387, 0.957005301761, 0.581905507723, 0.474602317053, 0.176468036685, 0.684871745876, 930.0
0.513964722199, 0.809708290209, 0.128917827297, 0.718513851674, 0.0155237732733, 0.977706770151, 0.0960084838201, 0.00968556374089, 0.0658706591506, 930.0
0.708548583516, 0.511868681532, 0.355721073084, 0.273759329114, 0.990327691713, 0.998824189462, 0.707768764971, 0.125588568788, 0.283663535825, 930.0
0.513964722199, 0.511868681532, 0.145102990705, 0.915382480387, 0.964996417406, 0.977706770151, 0.707768764971, 0.0144290678971, 0.0658706591506, 930.0
0.898516627752, 0.834358805946, 0.0872488183536, 0.0237367385202, 0.990327691713, 0.64122733449, 0.248497102184, 0.214287151244, 0.580623602792, 930.0
0.86270840864, 0.882021296473, 0.101932408236, 0.0102502036992, 0.787421558629, 0.605274951418, 0.105918606066, 0.322183386072, 0.590766744797, 930.0
0.543566282038, 0.788475955811, 0.0255957774244, 0.602154956888, 0.667866748969, 0.665657086946, 0.379055706358, 0.355861454143, 0.909810497849, 930.0
0.620319730749, 0.951092586981, 0.145102990705, 0.944385364784, 0.182547593931, 0.588278589621, 0.446488516981, 0.176468036685, 0.507552220714, 930.0
0.877406697553, 0.862036465161, 0.142674986668, 0.0102502036992, 0.576878478605, 0.691651317169, 0.253009204273, 0.0270057870668, 0.0622451333007, 930.0
0.559577064416, 0.910915792567, 0.355836264318, 0.951627729153, 0.59951621874, 0.507956955608, 0.452733105958, 0.366616503996, 0.00075924573116, 930.0
0.905678622751, 0.893875587834, 0.0428236693221, 0.160675057953, 0.00255906843067, 0.974865009992, 0.684337895999, 0.210384283463, 0.154976389955, 930.0
0.958760313774, 0.769473956622, 0.224207620611, 0.165595704488, 0.397263498496, 0.64122733449, 0.256475889422, 0.340465335017, 0.699951677323, 930.0
0.513964722199, 0.511868681532, 0.220972812502, 0.606575156784, 0.964996417406, 0.977706770151, 0.409198400452, 0.130877959927, 0.256862891174, 930.0
0.877406697553, 0.862036465161, 0.355721073084, 0.408686191974, 0.576878478605, 0.692565641544, 0.0767640843739, 0.0144290678971, 0.228868186103, 930.0
0.958760313774, 0.834358805946, 0.0929215463318, 0.0102502036992, 0.990327691713, 0.64122733449, 0.51909562478, 0.244968685729, 0.580623602792, 930.0
0.964213966373, 0.769473956622, 0.224207620611, 0.254527111518, 0.0757044285662, 0.998040080762, 0.351312716862, 0.0883604894768, 0.13626680519, 930.0
0.543566282038, 0.951092586981, 0.382718356912, 0.944385364784, 0.525952928, 0.87529736427, 0.144565025399, 0.322183386072, 0.590766744797, 930.0
0.620319730749, 0.939059570862, 0.101932408236, 0.915382480387, 0.850451902552, 0.588278589621, 0.549128521466, 0.241307321798, 0.684871745876, 930.0
0.877406697553, 0.769473956622, 0.197124900505, 0.0102502036992, 0.526497344844, 0.691651317169, 0.446488516981, 0.0270057870668, 0.0167141124588, 930.0
0.559577064416, 0.834358805946, 0.102427712282, 0.951627729153, 0.576878478605, 0.507956955608, 0.996917319076, 0.183317313491, 0.0622451333007, 930.0
0.882331606532, 0.943721530126, 0.224207620611, 0.338801140133, 0.397263498496, 0.64122733449, 0.452733105958, 0.214287151244, 0.13626680519, 930.0
0.894437110667, 0.883262294553, 0.382718356912, 0.718513851674, 0.950885187806, 0.581905507723, 0.253009204273, 0.456478799653, 0.0658706591506, 930.0
0.877406697553, 0.511868681532, 0.355721073084, 0.273759329114, 0.119963283271, 0.692565641544, 0.0739227049068, 0.214287151244, 0.228868186103, 930.0
0.904957607953, 0.882021296473, 0.0255957774244, 0.185428756227, 0.525952928, 0.605274951418, 0.248497102184, 0.322183386072, 0.559585226221, 930.0
0.543566282038, 0.876081042395, 0.101932408236, 0.602154956888, 0.667866748969, 0.77957918716, 0.340677719992, 0.355861454143, 0.507552220714, 930.0
0.879343619285, 0.951092586981, 0.298486787497, 0.0102502036992, 0.0719371650856, 0.773672226848, 0.237146807579, 0.176468036685, 0.909810497849, 930.0
0.620319730749, 0.834358805946, 0.127642983762, 0.944385364784, 0.576878478605, 0.507956955608, 0.446488516981, 0.0270057870668, 0.0622451333007, 930.0
0.559577064416, 0.965743035255, 0.487059163931, 0.969265173005, 0.526497344844, 0.978414735829, 0.064784959787, 0.183317313491, 0.580623602792, 930.0
0.829750596619, 0.98025162039, 0.355836264318, 0.160675057953, 0.00255906843067, 0.974865009992, 0.256475889422, 0.210384283463, 0.622451487723, 930.0
0.729405217936, 0.635926359848, 0.494401292537, 0.859926292923, 0.958009340908, 0.51614896454, 0.45046301603, 0.307677630358, 0.610991159825, 930.0
0.877406697553, 0.769473956622, 0.200668790284, 0.408686191974, 0.397263498496, 0.64122733449, 0.684337895999, 0.340465335017, 0.116092143411, 930.0
0.958760313774, 0.862036465161, 0.355721073084, 0.338801140133, 0.576878478605, 0.692565641544, 0.707768764971, 0.0144290678971, 0.228868186103, 930.0
0.964213966373, 0.769473956622, 0.0433872767466, 0.00964369092643, 0.648408617678, 0.64122733449, 0.248497102184, 0.244968685729, 0.862480743602, 930.0
0.543566282038, 0.882021296473, 0.475472703546, 0.571527094943, 0.182547593931, 0.921591453534, 0.51909562478, 0.322183386072, 0.590766744797, 930.0
0.616934830045, 0.883262294553, 0.224207620611, 0.863924770203, 0.559109883674, 0.588278589621, 0.0113977375006, 0.456478799653, 0.909810497849, 930.0
0.559577064416, 0.511868681532, 0.0515528523392, 0.273759329114, 0.189142460268, 0.507956955608, 0.707768764971, 0.125588568788, 0.562121644968, 930.0
0.708548583516, 0.769473956622, 0.224207620611, 0.718513851674, 0.397263498496, 0.605274951418, 0.684337895999, 0.17690121209, 0.13626680519, 930.0
0.958760313774, 0.788475955811, 0.0175335831308, 0.501758078721, 0.113334697494, 0.64122733449, 0.318814122671, 0.355861454143, 0.507552220714, 930.0
0.513964722199, 0.511868681532, 0.145102990705, 0.915382480387, 0.964996417406, 0.896527688477, 0.105918606066, 0.0144290678971, 0.909810497849, 930.0
0.898516627752, 0.834358805946, 0.0872488183536, 0.0102502036992, 0.990327691713, 0.64122733449, 0.253009204273, 0.214287151244, 0.580623602792, 930.0
0.543566282038, 0.788475955811, 0.177511816019, 0.185428756227, 0.667866748969, 0.87529736427, 0.233152504498, 0.355861454143, 0.507552220714, 930.0
0.620319730749, 0.951092586981, 0.0255957774244, 0.944385364784, 0.182547593931, 0.588278589621, 0.253009204273, 0.176468036685, 0.909810497849, 930.0
0.877406697553, 0.862036465161, 0.355721073084, 0.408686191974, 0.576878478605, 0.692565641544, 0.707768764971, 0.0144290678971, 0.228868186103, 930.0
0.958760313774, 0.781076827287, 0.0929215463318, 0.0102502036992, 0.990327691713, 0.998040080762, 0.446488516981, 0.214287151244, 0.862480743602, 930.0
0.964213966373, 0.769473956622, 0.101932408236, 0.00964369092643, 0.648408617678, 0.64122733449, 0.248497102184, 0.244968685729, 0.13626680519, 930.0
0.543566282038, 0.882021296473, 0.177511816019, 0.571527094943, 0.649291683261, 0.921591453534, 0.870486288497, 0.322183386072, 0.590766744797, 930.0
0.620319730749, 0.883262294553, 0.382718356912, 0.863924770203, 0.939832909931, 0.588278589621, 0.0546702981997, 0.456478799653, 0.909810497849, 930.0
0.574435929317, 0.968355401581, 0.224207620611, 0.718513851674, 0.182547593931, 0.67184130284, 0.474602317053, 0.176468036685, 0.684871745876, 930.0
0.513964722199, 0.867251771138, 0.297017302174, 0.915382480387, 0.0155237732733, 0.977706770151, 0.172488890845, 0.125588568788, 0.0658706591506, 930.0
0.559577064416, 0.511868681532, 0.0515528523392, 0.273759329114, 0.990327691713, 0.507956955608, 0.64259083463, 0.0179716585311, 0.0167141124588, 930.0
0.967577778046, 0.943721530126, 0.224207620611, 0.951627729153, 0.189142460268, 0.998824189462, 0.452733105958, 0.183317313491, 0.562121644968, 930.0
0.708548583516, 0.769473956622, 0.355721073084, 0.718513851674, 0.80233112631, 0.605274951418, 0.684337895999, 0.17690121209, 0.13626680519, 930.0
0.513964722199, 0.511868681532, 0.145102990705, 0.915382480387, 0.113334697494, 0.64122733449, 0.253009204273, 0.355861454143, 0.909810497849, 930.0
0.898516627752, 0.834358805946, 0.0872488183536, 0.0102502036992, 0.990327691713, 0.64122733449, 0.72255803054, 0.214287151244, 0.507552220714, 930.0
0.543566282038, 0.788475955811, 0.0255957774244, 0.185428756227, 0.667866748969, 0.87529736427, 0.379055706358, 0.355861454143, 0.580623602792, 930.0
0.513964722199, 0.573502294614, 0.177511816019, 0.42795285812, 0.182547593931, 0.588278589621, 0.253009204273, 0.176468036685, 0.909810497849, 930.0
0.620319730749, 0.951092586981, 0.0759208796643, 0.915382480387, 0.964996417406, 0.984068366257, 0.172488890845, 0.125588568788, 0.0658706591506, 930.0
