0.922980939159, 0.794286353869, 0.156136219805, 0.7339593602, 0.301474255625, 0.106768458435, 0.616666466768, 0.0217745140151, 0.562767187802, 990.0
0.754141980716, 0.555501409873, 0.00529139518997, 0.667132158882, 0.80214526873, 0.633797420738, 0.657554417784, 0.456478799653, 0.604094247728, 990.0
0.754141980716, 0.578525716593, 0.295491704605, 0.885313956639, 0.256919031101, 0.0799112916548, 0.253009204273, 0.456478799653, 0.524467197003, 990.0
0.793191007007, 0.0678305166574, 0.053678965686, 0.88818274607, 0.910056858235, 0.633797420738, 0.290011796919, 0.204556999969, 0.438808637678, 990.0
0.563148456567, 0.974024119696, 0.00529139518997, 0.577268179331, 0.451646178078, 0.0346413077747, 0.0241792929881, 0.395714433199, 0.932317778182, 990.0
0.754141980716, 0.877516499858, 0.295491704605, 0.667132158882, 0.80214526873, 0.0799112916548, 0.16505302169, 0.456478799653, 0.604094247728, 990.0
0.522317585988, 0.555501409873, 0.249731359032, 0.9969238311, 0.12088543052, 0.226303338629, 0.657554417784, 0.479745329511, 0.381008280405, 990.0
0.637582384632, 0.541337437121, 0.445164290021, 0.031111451566, 0.051452729175, 0.175341337256, 0.284950361325, 0.439499416091, 0.944628110879, 990.0
0.510292595136, 0.806328352768, 0.200748680375, 0.567666795949, 0.129115709559, 0.191615284628, 0.0144757407652, 0.214287151244, 0.534520127758, 990.0
0.955489206939, 0.662656542591, 0.053678965686, 0.00903469426913, 0.49231591764, 0.958312985673, 0.126104838522, 0.0699928781634, 0.423535842834, 990.0
0.817007704739, 0.548490204694, 0.079910437477, 0.835501060816, 0.910056858235, 0.579044852465, 0.496751784761, 0.204556999969, 0.438808637678, 990.0
0.708328475136, 0.7641450712, 0.0175335831308, 0.577268179331, 0.165004488898, 0.666535048293, 0.290011796919, 0.332164228169, 0.0974267877546, 990.0
0.563148456567, 0.974024119696, 0.00728904196475, 0.70684822157, 0.524780098721, 0.226158545807, 0.013111666353, 0.0490136117074, 0.540402501512, 990.0
0.500928140359, 0.761747042875, 0.382718356912, 0.993329074698, 0.850451902552, 0.64326336601, 0.10737715306, 0.0119562047606, 0.563875434399, 990.0
0.754141980716, 0.794286353869, 0.295491704605, 0.718513851674, 0.256919031101, 0.0799112916548, 0.245596426097, 0.456478799653, 0.272978516339, 990.0
0.620319730749, 0.844999232492, 0.136689544771, 0.885313956639, 0.672073328503, 0.588278589621, 0.253009204273, 0.470538367527, 0.516678914381, 990.0
0.903203395401, 0.514281032099, 0.229584938659, 0.146334976823, 0.363537943064, 0.318139605551, 0.497843807814, 0.447511971513, 0.701386497843, 990.0
0.736326833438, 0.988112053222, 0.127642983762, 0.00875005680632, 0.565194158663, 0.762650486966, 0.559607252254, 0.365351287074, 0.264988915274, 990.0
0.912744983253, 0.713356085355, 0.218820484588, 0.667132158882, 0.811298838197, 0.316446725993, 0.0444442942643, 0.244968685729, 0.14680342393, 990.0
0.637582384632, 0.882021296473, 0.156136219805, 0.842866949772, 0.681337430369, 0.952599127881, 0.609031145573, 0.470847552416, 0.537673673947, 990.0
0.567517729844, 0.274739406173, 0.27302449607, 0.00887099136053, 0.0117339583752, 0.958312985673, 0.986587933477, 0.46758033192, 0.13626680519, 990.0
0.955489206939, 0.899978480223, 0.334302528659, 0.1746740593, 0.99216272582, 0.984842521299, 0.983425993427, 0.0699928781634, 0.744044484284, 990.0
0.961147032461, 0.931545169581, 0.00516150016275, 0.600676753039, 0.828407578472, 0.605274951418, 0.637101655393, 0.355861454143, 0.423535842834, 990.0
0.945132126605, 0.771746008177, 0.177511816019, 0.602154956888, 0.256919031101, 0.83011880514, 0.253009204273, 0.0490136117074, 0.684871745876, 990.0
0.760024761938, 0.635926359848, 0.205510793824, 0.958747769228, 0.783620594923, 0.358760928325, 0.580419536736, 0.067923021308, 0.270835365875, 990.0
0.626148388959, 0.915566141427, 0.216654150845, 0.231947401969, 0.344929817124, 0.988362788942, 0.284950361325, 0.026507149126, 0.608863016539, 990.0
0.708981637621, 0.620186267607, 0.33901865649, 0.504445857316, 0.576878478605, 0.570379595244, 0.0505172712965, 0.0173374267787, 0.320044241536, 990.0
0.621124348852, 0.581742860121, 0.232090310687, 0.182687800251, 0.74922243296, 0.318139605551, 0.935032351746, 0.395423864383, 0.64541795512, 990.0
0.682130580084, 0.94691807745, 0.322668817708, 0.150521226439, 0.811298838197, 0.969160519553, 0.148913533411, 0.244968685729, 0.3027991468, 990.0
0.728001375491, 0.954786613205, 0.42550763821, 0.997036458215, 0.283989348702, 0.438170065249, 0.209829650187, 0.0741895702638, 0.214622768801, 990.0
0.8938977737, 0.675368535221, 0.245146847641, 0.571664995235, 0.101054445405, 0.0534964430446, 0.28527301158, 0.162377436944, 0.668712162846, 990.0
0.689888240549, 0.876131513896, 0.176685857171, 0.629417732796, 0.971685450254, 0.851525011578, 0.515199295521, 0.210384283463, 0.0717340842999, 990.0
0.713931577259, 0.782264156006, 0.471163961014, 0.351894594877, 0.718760362007, 0.837546425282, 0.555785827796, 0.0404600727934, 0.274359122713, 990.0
0.578847683652, 0.567176417787, 0.0608051698604, 0.888090189186, 0.892869551193, 0.45561912104, 0.952108857855, 0.136140175995, 0.33487376471, 990.0
0.742151229723, 0.917405536385, 0.0156730038715, 0.718708310271, 0.99216272582, 0.134042565452, 0.00836793790419, 0.102164575594, 0.00877958351963, 990.0
0.817007704739, 0.362073562988, 0.0175335831308, 0.947251042121, 0.996317141319, 0.633797420738, 0.290011796919, 0.204556999969, 0.265558540083, 990.0
0.575934989098, 0.0733854984386, 0.343149501546, 0.92157146331, 0.330359823414, 0.629504439838, 0.489757657182, 0.0436618569467, 0.438808637678, 990.0
0.754141980716, 0.950432911389, 0.0270516075148, 0.992999739816, 0.74624747004, 0.226158545807, 0.190242485216, 0.000325126412298, 0.60597115458, 990.0
0.620319730749, 0.211431795664, 0.0284806921373, 0.231947401969, 0.658676976156, 0.801675684436, 0.45046301603, 0.234085540222, 0.00775365719167, 990.0
0.791519757623, 0.882021296473, 0.307976574434, 0.0102502036992, 0.587162569226, 0.295344155522, 0.00460910210687, 0.430588630684, 0.0296782010136, 990.0
0.713931577259, 0.791952999817, 0.0306265748381, 0.160934447547, 0.997392453401, 0.780534050887, 0.000246113246324, 0.210384283463, 0.987858427453, 990.0
0.98212371979, 0.899978480223, 0.0926125520368, 0.598120931374, 0.99216272582, 0.662888112854, 0.952108857855, 0.0699928781634, 0.33487376471, 990.0
0.575934989098, 0.955979957074, 0.0049746200759, 0.158280172257, 0.761790666297, 0.605274951418, 0.905442775959, 0.0490136117074, 0.507552220714, 990.0
0.913927665973, 0.788475955811, 0.32216626998, 0.961022413155, 0.667866748969, 0.837165639501, 0.386577343, 0.0418217528845, 0.332668463504, 990.0
0.979364667674, 0.771746008177, 0.177511816019, 0.727074962976, 0.256919031101, 0.226303338629, 0.253009204273, 0.355861454143, 0.730180148265, 990.0
0.814023023243, 0.501739870821, 0.174471085004, 0.432719507149, 0.381492416295, 0.588278589621, 0.0505172712965, 0.234085540222, 0.311668010353, 990.0
0.925938168268, 0.77432300514, 0.232090310687, 0.0388384623597, 0.609115077823, 0.229578967092, 0.767457302224, 0.0011054281424, 0.789199806235, 990.0
0.708981637621, 0.801096984265, 0.33901865649, 0.943670214701, 0.576878478605, 0.870784086504, 0.777769278221, 0.0196327489947, 0.386009585001, 990.0
0.814292016422, 0.954786613205, 0.380361201479, 0.116542566258, 0.372323503844, 0.988362788942, 0.854541367775, 0.395423864383, 0.873385183027, 990.0
0.99508769202, 0.675368535221, 0.156136219805, 0.677171162412, 0.463150638529, 0.438170065249, 0.235450954674, 0.0228750047534, 0.232617356824, 990.0
0.510292595136, 0.954881296833, 0.262768124621, 0.160675057953, 0.910056858235, 0.64122733449, 0.57083050763, 0.107014599058, 0.13626680519, 990.0
0.834700967199, 0.662656542591, 0.0793703351167, 0.338801140133, 0.0117339583752, 0.722987722984, 0.541632122434, 0.460518083301, 0.423535842834, 990.0
0.817007704739, 0.548490204694, 0.0400336512819, 0.860048164716, 0.973495117568, 0.552429959867, 0.0481003957519, 0.315508864109, 0.545804858903, 990.0
0.500928140359, 0.794286353869, 0.00423602559522, 0.92157146331, 0.524780098721, 0.64326336601, 0.126104838522, 0.311459786659, 0.0842983830565, 990.0
0.563148456567, 0.788475955811, 0.382718356912, 0.29685809867, 0.363537943064, 0.159060886083, 0.855413665728, 0.234085540222, 0.909810497849, 990.0
0.806880064225, 0.953387599546, 0.155198803237, 0.64012477699, 0.941781909884, 0.226158545807, 0.0521074937046, 0.456478799653, 0.372631403444, 990.0
0.791560483064, 0.915566141427, 0.0226589671182, 0.998262784806, 0.979194011021, 0.229578967092, 0.839407105095, 0.393034105683, 0.602846579941, 990.0
0.760024761938, 0.725000359573, 0.216654150845, 0.590598455994, 0.341541721294, 0.226303338629, 0.284950361325, 0.127265904185, 0.528886778521, 990.0
0.755640611207, 0.578525716593, 0.156136219805, 0.522881362591, 0.541394970119, 0.438170065249, 0.616666466768, 0.0518817198984, 0.536341260634, 990.0
0.637582384632, 0.418692390139, 0.127734514266, 0.667132158882, 0.770278829369, 0.952599127881, 0.872695547073, 0.237826369137, 0.175724685258, 990.0
0.955489206939, 0.662656542591, 0.0212055108641, 0.160675057953, 0.910056858235, 0.994526663275, 0.0762759628173, 0.204556999969, 0.423535842834, 990.0
0.817007704739, 0.928810334406, 0.0175335831308, 0.139895930883, 0.93987914939, 0.552429959867, 0.0219091216995, 0.0699928781634, 0.438808637678, 990.0
0.563148456567, 0.548490204694, 0.238311703818, 0.92157146331, 0.541394970119, 0.633797420738, 0.284950361325, 0.332164228169, 0.980508277802, 990.0
0.922980939159, 0.915566141427, 0.494283656744, 0.667132158882, 0.330359823414, 0.785102146191, 0.438453512376, 0.0518817198984, 0.562767187802, 990.0
0.526268931732, 0.806328352768, 0.214577278658, 0.031111451566, 0.5601721895, 0.0284600887462, 0.616666466768, 0.276531077035, 0.832176549045, 990.0
0.637582384632, 0.657610963431, 0.307976574434, 0.308539745887, 0.129115709559, 0.952599127881, 0.986587933477, 0.333146845434, 0.944628110879, 990.0
0.958760313774, 0.882021296473, 0.200748680375, 0.338801140133, 0.718760362007, 0.750360257607, 0.657554417784, 0.454219922148, 0.380659603231, 990.0
0.955489206939, 0.662656542591, 0.00650064556544, 0.160675057953, 0.763209809155, 0.974865009992, 0.371562604598, 0.0699928781634, 0.324021573483, 990.0
0.575934989098, 0.778543860695, 0.053678965686, 0.955009566907, 0.93987914939, 0.64326336601, 0.112532611735, 0.332164228169, 0.536504097234, 990.0
0.563148456567, 0.974024119696, 0.00728904196475, 0.577268179331, 0.663127611496, 0.633797420738, 0.0241792929881, 0.0490136117074, 0.932317778182, 990.0
0.952726688516, 0.578525716593, 0.142734490002, 0.460443543421, 0.541394970119, 0.438170065249, 0.153779947558, 0.0217745140151, 0.356614607854, 990.0
0.977572174233, 0.915566141427, 0.445164290021, 0.9969238311, 0.283989348702, 0.226303338629, 0.743086826979, 0.218420467294, 0.381008280405, 990.0
0.958760313774, 0.882021296473, 0.249731359032, 0.338801140133, 0.931479363442, 0.958312985673, 0.820350464898, 0.439499416091, 0.832176549045, 990.0
0.637582384632, 0.806328352768, 0.293025561927, 0.308539745887, 0.0117339583752, 0.92943611253, 0.57083050763, 0.454219922148, 0.0586538305596, 990.0
0.955489206939, 0.3707990036, 0.489959206628, 0.140186942105, 0.910056858235, 0.974865009992, 0.111427192915, 0.0699928781634, 0.423535842834, 990.0
0.922980939159, 0.578525716593, 0.0587964832135, 0.577268179331, 0.782132323229, 0.438170065249, 0.951138429977, 0.0217745140151, 0.562767187802, 990.0
0.563148456567, 0.974024119696, 0.00517565943258, 0.000423615361362, 0.451646178078, 0.633797420738, 0.0241792929881, 0.0490136117074, 0.932317778182, 990.0
0.754141980716, 0.555501409873, 0.445164290021, 0.667132158882, 0.80214526873, 0.226303338629, 0.16505302169, 0.456478799653, 0.604094247728, 990.0
0.791560483064, 0.915566141427, 0.295491704605, 0.9969238311, 0.12088543052, 0.0799112916548, 0.0629387497911, 0.378949626047, 0.381008280405, 990.0
0.637582384632, 0.882021296473, 0.249731359032, 0.308539745887, 0.112132616458, 0.175341337256, 0.284950361325, 0.439499416091, 0.944628110879, 990.0
0.526268931732, 0.657610963431, 0.307976574434, 0.031111451566, 0.0117278179549, 0.92943611253, 0.986587933477, 0.307703898759, 0.832176549045, 990.0
0.510292595136, 0.806328352768, 0.293025561927, 0.0347705321387, 0.129115709559, 0.191615284628, 0.0144757407652, 0.454219922148, 0.534520127758, 990.0
0.958760313774, 0.445786591845, 0.200748680375, 0.338801140133, 0.406367130857, 0.958312985673, 0.212669870807, 0.214287151244, 0.0586538305596, 990.0
0.998293452249, 0.910403636029, 0.053678965686, 0.297032375906, 0.680415499593, 0.974865009992, 0.219876277309, 0.06051201052, 0.438808637678, 990.0
0.817007704739, 0.548490204694, 0.16792574719, 0.88818274607, 0.910056858235, 0.579044852465, 0.126104838522, 0.204556999969, 0.423535842834, 990.0
0.563148456567, 0.974024119696, 0.00728904196475, 0.92157146331, 0.777087596808, 0.64326336601, 0.0241792929881, 0.0490136117074, 0.0974267877546, 990.0
0.500928140359, 0.73287019428, 0.382718356912, 0.718513851674, 0.80844151283, 0.350396094166, 0.253009204273, 0.0119562047606, 0.914259408583, 990.0
0.596153750965, 0.794286353869, 0.295491704605, 0.887505831799, 0.256919031101, 0.0799112916548, 0.147279442075, 0.456478799653, 0.524467197003, 990.0
0.922980939159, 0.578525716593, 0.388577989764, 0.7339593602, 0.524780098721, 0.438170065249, 0.616666466768, 0.0217745140151, 0.562767187802, 990.0
0.563148456567, 0.974024119696, 0.295491704605, 0.577268179331, 0.451646178078, 0.0799112916548, 0.0241792929881, 0.395714433199, 0.932317778182, 990.0
0.754141980716, 0.555501409873, 0.00529139518997, 0.667132158882, 0.80214526873, 0.633797420738, 0.657554417784, 0.456478799653, 0.604094247728, 990.0
0.922980939159, 0.794286353869, 0.156136219805, 0.7339593602, 0.301474255625, 0.106768458435, 0.616666466768, 0.0217745140151, 0.562767187802, 990.0
0.754141980716, 0.578525716593, 0.295491704605, 0.885313956639, 0.256919031101, 0.0799112916548, 0.253009204273, 0.456478799653, 0.524467197003, 990.0
0.793191007007, 0.0678305166574, 0.053678965686, 0.88818274607, 0.910056858235, 0.633797420738, 0.290011796919, 0.204556999969, 0.438808637678, 990.0
0.563148456567, 0.974024119696, 0.00529139518997, 0.577268179331, 0.451646178078, 0.0346413077747, 0.0241792929881, 0.395714433199, 0.932317778182, 990.0
0.754141980716, 0.877516499858, 0.295491704605, 0.667132158882, 0.80214526873, 0.0799112916548, 0.16505302169, 0.456478799653, 0.604094247728, 990.0
0.522317585988, 0.555501409873, 0.249731359032, 0.9969238311, 0.12088543052, 0.226303338629, 0.657554417784, 0.479745329511, 0.381008280405, 990.0
0.637582384632, 0.541337437121, 0.445164290021, 0.031111451566, 0.051452729175, 0.175341337256, 0.284950361325, 0.439499416091, 0.944628110879, 990.0
0.510292595136, 0.806328352768, 0.200748680375, 0.567666795949, 0.129115709559, 0.191615284628, 0.0144757407652, 0.214287151244, 0.534520127758, 990.0
0.955489206939, 0.662656542591, 0.053678965686, 0.00903469426913, 0.49231591764, 0.958312985673, 0.126104838522, 0.0699928781634, 0.423535842834, 990.0
