$x1,$x2,$x3,$x4,$x5,$x6,$x7,$x8,$x9,$x10,$x11,$x12,$x13,$x14,$x15,$x16,$x17,$x18,$x19,$x20,$x21,$x22,$x23,$x24,$x25,$x26,>>f1
0.5095687257623369, 0.5195833869706928, 0.7438056785792381, 0.6710947794963503, 0.05326448741027234, 0.37423766693384286, 0.8787927124035281, 0.8938582392973098, 0.2083655631396636, 0.12217626157332917, 0.9268090258647071, 0.860101134340264, 0.2517424605846962, 0.5129005235591884, 0.9088959613570681, 0.7021017106132126, 0.5364450360588052, 0.5492756866542324, 0.7174870588550112, 0.34208601624167434, 0.65344430611754, 0.7342296365138138, 0.6504603082235094, 0.7119757720005984, 0.46874512464554063, 0.7762473088159714
0.8847851217161282, 0.9044603090658704, 0.6237743212800747, 0.22286058468127645, 0.9914857793974374, 0.562955444827403, 0.5067746453043199, 0.27705857412979196, 0.7085608709126189, 0.615457578932669, 0.5794153780311067, 0.9952407721782925, 0.2343405414554257, 0.6728007289911074, 0.5948625412116412, 0.522087857755786, 0.8899993623818134, 0.7670422912664191, 0.7629196386223919, 0.46332324985968765, 0.6946230256437282, 0.5028056727543054, 0.8514523169021366, 0.5067755958001472, 0.0140570885709137, 0.9611129307183561
0.7284664903436894, 0.5807520974400159, 0.5613319587807905, 0.5062683013564453, 0.19643854467673805, 0.7462595434475449, 0.04155305861998693, 0.18876457858560547, 0.8057377850629245, 0.08916741226750546, 0.5720389563329938, 0.14996228159567582, 0.8294091083180469, 0.9765348161808013, 0.9425847065574525, 0.993810521535194, 0.9408091370231604, 0.7125229590852123, 0.574984520706424, 0.22160585026005375, 0.6990597658692393, 0.618030743677409, 0.5819997941084599, 0.8214298969915454, 0.17381811083825593, 0.4766588900344597
0.6947038529597435, 0.581485660310407, 0.5369146979617379, 0.5444546189074042, 0.3448874088385704, 0.43381314542778004, 0.3355080477043507, 0.9876457655468235, 0.4437746550791847, 0.9318210441189231, 0.8345397604180566, 0.4356386439985612, 0.9457326103788153, 0.6785385067061256, 0.9867577655089061, 0.13360136721647997, 0.881312402048376, 0.7910352716023183, 0.5374618464506266, 0.45475755250311356, 0.8311819894134485, 0.9740681615856183, 0.7089423955501967, 0.2031434539090411, 0.6999714728908097, 0.418826553254082
0.8258655203937368, 0.6543718132170324, 0.969861695021326, 0.7802429070519563, 0.28369695676048967, 0.8730644398849751, 0.41505601763173394, 0.6345768422807323, 0.14196272916139907, 0.48419874650677885, 0.9278624609152389, 0.16839367667337268, 0.8546379361522911, 0.8929727740776524, 0.7248130116038943, 0.7949062269956996, 0.5687787784292392, 0.9772962703172766, 0.9046319493225276, 0.9331053550382735, 0.976988878760538, 0.9675177774654481, 0.9285397310342429, 0.3151067394887056, 0.7371023629997566, 0.07338108900248674
0.7727012016924547, 0.6245701536164223, 0.6372530804252801, 0.9655871578259951, 0.03404731890831392, 0.6745876262201314, 0.08730522661796625, 0.033062534312173986, 0.6164726967035955, 0.5320953956621721, 0.5950856816743544, 0.4116419991758521, 0.5266486558608278, 0.7205161162675562, 0.6845071892966913, 0.4098661183677944, 0.9266458539765778, 0.5716983036184877, 0.9170282693826487, 0.3716790093016865, 0.8988418856613976, 0.7235549712929157, 0.7664207079149691, 0.7036505965459872, 0.05714960781632383, 0.8424613397340152
0.9179583180149747, 0.6138199313774011, 0.581729071814315, 0.4681792942880548, 0.5231032134352284, 0.5980265781061114, 0.5491917427008572, 0.7473383539469641, 0.06872892872366032, 0.37241670782499614, 0.9424277596209176, 0.8197389942215281, 0.39871712715759844, 0.9653542681082248, 0.8902354324116053, 0.3342712794639282, 0.7979863626725858, 0.9962005686560631, 0.9497264687700492, 0.11008578976746397, 0.4168696645908082, 0.2637572555214849, 0.23899784602264407, 0.4703293430689255, 0.34278060981405667, 0.10861738636972507
0.8015822255108238, 0.8548197092388299, 0.6335694833302971, 0.8252460005716353, 0.39533587554430694, 0.14049717033635978, 0.3169508291051204, 0.3142025030106277, 0.3395161187034337, 0.4332940663266084, 0.8470521156733316, 0.43825386506612307, 0.633044618515693, 0.5467735783464956, 0.6943573772709234, 0.6885215928551913, 0.5555360029827935, 0.6296081129231664, 0.9168319801634743, 0.4280745935960283, 0.43221609045338505, 0.024643122862014866, 0.03122830580570335, 0.005707096545343848, 0.05124552215190825, 0.7006022232198292
0.6347698698197461, 0.828981026302002, 0.5129856082983603, 0.5019243511642739, 0.3115427217459611, 0.9955955134346084, 0.48595223999422055, 0.8198030800515944, 0.35718013095550394, 0.8342752256531871, 0.7137012201859579, 0.40777965685569506, 0.5776507046871797, 0.6083823977509082, 0.8177405018383326, 0.5796758218016957, 0.7153397183964058, 0.5534443264985561, 0.5520274981594507, 0.614745091697679, 0.7748100283768954, 0.5444044715908591, 0.8988085085964607, 0.8375789744224629, 0.11900297901767742, 0.7249755349131196
0.5266370293979367, 0.5767006150374367, 0.6826264893038717, 0.7861717070015607, 0.3190030132012692, 0.2505757208229662, 0.26543761675988964, 0.1397345788774278, 0.9831880622752374, 0.03702251308063731, 0.5602718815581154, 0.23368583702490442, 0.9301135034192798, 0.964774338947695, 0.9696749182914101, 0.349477497941759, 0.6395145332238603, 0.7416119780281797, 0.7032212782604961, 0.1050659703216349, 0.7564517177131795, 0.9395457985148267, 0.5062349999417863, 0.2550583365747936, 0.6237866127926457, 0.41337937658694124
0.7288576720652004, 0.6272222957685305, 0.9943311172767083, 0.5412982471337184, 0.4590520639537451, 0.9635130623233341, 0.795258761229353, 0.4645530023655653, 0.978796989374005, 0.24381902285684443, 0.5649239491625164, 0.6541387167708698, 0.3510886083883571, 0.7959580087667782, 0.9687115287080987, 0.992386126019044, 0.5623871596486792, 0.7087499412116517, 0.8380827048415627, 0.8441042081668714, 0.5049934547495694, 0.7958526256647713, 0.5260374628266288, 0.08965068628967032, 0.6881878164657136, 0.4642241583554393
0.9576617854156593, 0.6214788577587376, 0.8799448623208219, 0.5165130516023587, 0.4367884173822222, 0.06096054274747509, 0.5146653555813578, 0.3294364513176463, 0.7931818724359667, 0.7605013788784046, 0.5704557111752334, 0.6610626376043762, 0.1248872043468846, 0.9617609683177657, 0.8374068563813666, 0.5930593292200419, 0.9648382620602851, 0.7275180110432271, 0.5607516366103816, 0.899319541743942, 0.949163012107066, 0.9912051747521291, 0.8620564731215028, 0.2926052698392534, 0.6055626524699701, 0.26396286875593333
0.7027638622401482, 0.6343646487643153, 0.7780953438542789, 0.9304296967479448, 0.12281320448196198, 0.014232654381941212, 0.19765487672348647, 0.5964600530180401, 0.8549424232314525, 0.4723432785377848, 0.7491570770547809, 0.6430378923657584, 0.40039358600799047, 0.6850490391440066, 0.5906969635035463, 0.5607721673072034, 0.852519118522465, 0.9584939335699102, 0.615193736378054, 0.8495685266406646, 0.44591423426440147, 0.17760168254449582, 0.23470830171798618, 0.42522951491123817, 0.2599345141294779, 0.11579966656359197
0.6050759957007236, 0.571014538741602, 0.507703593566059, 0.7239861172186203, 0.056774866718078965, 0.8147048643177163, 0.4304496883697413, 0.21496159943844984, 0.9572784117304183, 0.7700432446124597, 0.9269698323333074, 0.11429198246091232, 0.5712425484809409, 0.9504330964950367, 0.7394996505450776, 0.923674938186195, 0.5473983746033426, 0.8500534454629507, 0.997786796182239, 0.3390032144325348, 0.11771759341274535, 0.4628321123527931, 0.13198078137646718, 0.1420126189318598, 0.16802297786235576, 0.9934562382071299
0.9528302280411369, 0.5832551996938913, 0.8223897125608298, 0.6226170501665186, 0.022980491815359994, 0.6399429424065426, 0.4085807639676867, 0.24717631434777043, 0.38825097612723447, 0.3899585386938307, 0.6702616080085422, 0.21760657993336852, 0.7637165864419917, 0.6119043630246142, 0.7182607600104006, 0.8155714882062407, 0.7804409037539353, 0.8430568295990679, 0.7991946827191526, 0.043529919094565606, 0.44950341725634724, 0.04533896569095408, 0.4887603889975266, 0.44498615820369036, 0.4622958926216918, 0.3304007974164461
0.7412129569800909, 0.8229908916679198, 0.8910952991013371, 0.6133448516501907, 0.4716223747159236, 0.42980571829841707, 0.020569157951844552, 0.4919336383986901, 0.8267627638897754, 0.02388046773895869, 0.5757298089738702, 0.009402626269039205, 0.6159239842334802, 0.8527365948778076, 0.5151222211252378, 0.7727803188547198, 0.6421790628039927, 0.88410020764917, 0.8205382235991644, 0.7744102168537962, 0.7110591876864681, 0.5357996226781634, 0.5433097371817066, 0.17855501545273322, 0.6781131847783468, 0.263014576852757
0.5283905428205192, 0.7158997378670398, 0.7387613839797842, 0.8252604011165289, 0.4565001204099971, 0.2574701539462503, 0.27783376024582396, 0.0220143443564238, 0.2887408276288227, 0.7793041518483629, 0.7596555463486602, 0.22564366681843517, 0.7882470815750938, 0.9765733214961658, 0.6727707740051357, 0.638004859973954, 0.6664684507858606, 0.8774806810443736, 0.8787117962271315, 0.9935520995190665, 0.8460366079228236, 0.9521702114587549, 0.9025938259350962, 0.8593203121998505, 0.05482367509901709, 0.1100538180466788
0.6706492937668315, 0.5975044121209935, 0.734854311226545, 0.6318355848546295, 0.11794242819580081, 0.009484375670803624, 0.10025001647574283, 0.3759054140279017, 0.8603492014822756, 0.9268758501347951, 0.6783403734864584, 0.27999600005541814, 0.9065945216163125, 0.9939875959663723, 0.8328911591480664, 0.41497191583231907, 0.9320007121237577, 0.7025638006329533, 0.61561739664887, 0.2664523611277584, 0.6253621287567699, 0.6841365565565655, 0.8785785498283832, 0.11192531558630192, 0.6205753201765424, 0.09169807911260408
0.784131590700059, 0.6998455153356552, 0.8153318455728821, 0.846777906891487, 0.2985897727716017, 0.8472976944487033, 0.5917853667218886, 0.4698754980774589, 0.7083860144755699, 0.32989032490671566, 0.7978827621943315, 0.12386270937048349, 0.5587705571065799, 0.6092549385266469, 0.5638511036047257, 0.5878460632781347, 0.8145572579255775, 0.9539990567281483, 0.9625792732577733, 0.04278268839428945, 0.6188719595133068, 0.9719661574582712, 0.7805769449741337, 0.10580664685087837, 0.6103577973494797, 0.10863150858876669
0.6188586649605882, 0.8066886891465262, 0.6319832936241728, 0.6666910827581056, 0.21840708472557258, 0.5127457431124506, 0.30199268354842956, 0.856491936655314, 0.4092893157370203, 0.5991654334181494, 0.7026339701567033, 0.9041699972876572, 0.08763007205123596, 0.986953070885919, 0.7325926398186132, 0.7249378016695285, 0.7303268429062104, 0.9433544861536083, 0.6172845191820092, 0.4852857944132972, 0.7357850021559931, 0.5057539603659909, 0.6377741733880457, 0.059907033363933326, 0.8386414790717658, 0.8855725436102869
0.8015414715593284, 0.980150516807088, 0.7508488212005235, 0.933269213019134, 0.2632585534815933, 0.1844855428251999, 0.5736195370185568, 0.46015894723981465, 0.5494016909518836, 0.17799994105632722, 0.5182284306229867, 0.06313531472420608, 0.8184133574464062, 0.8562832794513018, 0.7808876905004712, 0.9804267410138682, 0.6082704394736086, 0.8287127928362648, 0.5883129108721423, 0.32500741041442827, 0.6343690048302991, 0.8227990848552797, 0.7846496320153391, 0.3639682214906357, 0.7686358222628199, 0.027472404469342737
0.9901255537204611, 0.8999102178767321, 0.5596112247313695, 0.8225236202910134, 0.33946541998760704, 0.6493379278227306, 0.7116346981743561, 0.7457519466160984, 0.19195685029790255, 0.018350904871955454, 0.8353878613859906, 0.28636529011897627, 0.8855562445018458, 0.9752416362174637, 0.8884785710586138, 0.6953531019851457, 0.726976794418047, 0.7778000978362287, 0.6171302518906436, 0.9033488144572892, 0.5196207203702113, 0.725581462528616, 0.9250882410625163, 0.04910016718692278, 0.5322760775051685, 0.8039876182735358
0.7712046165539794, 0.6467002958643068, 0.7360834900765765, 0.8564230274652579, 0.1608643596105398, 0.2797445136763268, 0.9897834824526504, 0.16222891613916635, 0.9063037672418832, 0.9378688909781451, 0.5988562646171716, 0.4626357372462765, 0.5633314589139478, 0.7557981081417869, 0.739199411534981, 0.41499853192196934, 0.512202933493539, 0.8857244377385173, 0.9945294200991052, 0.20023172872090644, 0.25649358227695696, 0.32077707297679925, 0.01686880262212276, 0.09795458924769285, 0.3160223740260655, 0.5194464829474343
0.6338389327083594, 0.5546012161598689, 0.6431383875019389, 0.644620636391112, 0.2794649946033497, 0.7423842481873032, 0.46852996572565264, 0.7235198667361737, 0.13074882876052807, 0.1691706642963855, 0.6320404761931934, 0.016501130056363333, 0.8261295358894316, 0.506172740091079, 0.6297605766273483, 0.8102434737646204, 0.9426581677866935, 0.6028865935371366, 0.516984980903958, 0.2611213617068221, 0.9441518426818634, 0.9224635366678271, 0.7463353190536735, 0.4345637100474561, 0.787326181468332, 0.6505150411136992
0.972636743594233, 0.9434072963082599, 0.5460783270769018, 0.06176504466663857, 0.7362079121253639, 0.8623358514174637, 0.5879394990325788, 0.4097664642118799, 0.6492980225543998, 0.016375445655061993, 0.5783240704004643, 0.9596027006992482, 0.18363581074731994, 0.9307851102237903, 0.987868153961732, 0.7100825272043546, 0.9050043478746901, 0.6079979633733364, 0.8024858090943738, 0.9739731458129085, 0.16130232736325367, 0.24752532154197093, 0.48121074848443757, 0.03235472776212178, 0.42173610212755663, 0.8031322772477201
0.9872189905471481, 0.7835626677960702, 0.5541890178353045, 0.8445186869898715, 0.284909160568786, 0.08840518502340866, 0.9892597947535466, 0.791778546011745, 0.3152158251508843, 0.7991939325348708, 0.9154484797218291, 0.23434453354162232, 0.5306279174840146, 0.794362674168224, 0.67926829687711, 0.8695370579219992, 0.7344536135899091, 0.8938733156687442, 0.6393965747276983, 0.7043278064131946, 0.43255511708164074, 0.4556885189030653, 0.29541204102845775, 0.33745248260183935, 0.32355293264721063, 0.5770109629973617
0.8730662116383268, 0.8205767940018035, 0.7760564506683482, 0.22082613171239895, 0.9777956520763508, 0.5971862345145925, 0.8826664068047412, 0.4295418239680421, 0.9590987138692731, 0.7235439437397129, 0.7170580761696295, 0.6364219825976073, 0.25285567987395763, 0.5659107836211417, 0.7653352940768849, 0.13296431407378917, 0.6290430417669279, 0.8128771809918773, 0.9107720198528969, 0.2448675248804424, 0.42099423088994103, 0.08751742508823346, 0.06913476323156864, 0.24014054981913913, 0.1871735274433588, 0.6871384911992076
0.600189910664219, 0.9501759776715133, 0.5256471092064327, 0.5986894338134865, 0.00984525217749288, 0.05535080109269608, 0.4621772006377699, 0.3396763921952024, 0.8965144369295847, 0.5612103570226521, 0.7714926648299087, 0.10888834618181586, 0.6393860673140231, 0.6036660234267632, 0.8275043741848386, 0.08400917990539158, 0.9771515755337755, 0.5808677252900959, 0.7062290231657438, 0.11230931709169001, 0.36807279328247666, 0.44950924489820343, 0.43864419674580857, 0.43173611267553125, 0.28949862085838873, 0.865253795406935
0.5084061760693396, 0.8940754149240783, 0.9168351354699963, 0.9510082397252798, 0.33146163194256584, 0.9545474639936922, 0.9063011138513427, 0.48508780477497226, 0.7543601407398052, 0.20200310734743054, 0.8747998750939645, 0.09906425145535325, 0.8964713788305736, 0.8650353230985991, 0.9065001943682756, 0.4775201518190657, 0.8931085521539798, 0.5944327741728053, 0.883995947005624, 0.11550314573137221, 0.5543347716146779, 0.9182357435003935, 0.984012350676835, 0.3099146689319825, 0.66760403224158, 0.3771933683378814
0.8081239946106684, 0.5471469965323758, 0.9892258239434701, 0.9823519842736367, 0.19395295547261493, 0.17169582772798664, 0.04355701745875573, 0.6122617197009143, 0.7161010020049394, 0.41815852574213397, 0.6819330990700144, 0.8167290282391658, 0.19026938062765397, 0.7750536256302152, 0.9078722187577911, 0.5924383006826677, 0.7628147950912899, 0.8345007474033295, 0.8554387627114639, 0.2760872550703679, 0.8116987534210814, 0.817530988818208, 0.6670386398262748, 0.9801456944260674, 0.18174877700345704, 0.049632727445949154
0.583498300082049, 0.8472364660443846, 0.8777370752188933, 0.582499963081902, 0.2646150257017825, 0.4526207104401315, 0.3777762633462205, 0.6904908117335019, 0.24046413680294165, 0.8330840086868218, 0.6623837863931744, 0.47891910907415447, 0.9776776209010042, 0.602565015340058, 0.6991570227048631, 0.5345976500260898, 0.7610460519593341, 0.5222126419719698, 0.8283424920939652, 0.6828122036620698, 0.4096178042268057, 0.14955517165461985, 0.1315817729313582, 0.3021513270871613, 0.3069214548784488, 0.9666527103971245
0.8127744713859718, 0.9983254844406324, 0.9843075549203791, 0.7916323594510164, 0.43856160897269236, 0.12291386509895141, 0.1823018275474767, 0.14509638182574935, 0.19541012210771025, 0.06097149192328988, 0.6324178940979962, 0.10980440546161074, 0.6035017098533173, 0.5500046247039587, 0.6880149899356816, 0.3631309437937251, 0.7207815103334597, 0.763047537525418, 0.8234502516491715, 0.19428922431771767, 0.9150499457134171, 0.8932242063897549, 0.7384492004809442, 0.7975549504728825, 0.08057359555614241, 0.07628543289122403
0.8029727011267217, 0.5757264706436475, 0.8613243803291424, 0.8917338262453984, 0.08940190402093384, 0.24740340087799428, 0.9439308374345253, 0.638313729432686, 0.1646229899783579, 0.6807798245717511, 0.8712419394431459, 0.00716217680161757, 0.6491315939105738, 0.6015206436378672, 0.6597832875059514, 0.5169664352384514, 0.8903414725556297, 0.8318159095296186, 0.7079562748371067, 0.2258805011335464, 0.05007935058751467, 0.493949995356571, 0.07214941488465876, 0.1795930504613571, 0.043033503763439174, 0.2696419255827506
0.8076337067657235, 0.7465323817327731, 0.8444067453043361, 0.7845802190695196, 0.22254303006798326, 0.08231378879128426, 0.25824265370800414, 0.654460651122044, 0.756417870538012, 0.5344642932802973, 0.7409315949811179, 0.39413513036857006, 0.8505241418330152, 0.5615676134752355, 0.819266719909142, 0.8904291989217085, 0.9246955355210958, 0.9440981025814393, 0.5488613238638752, 0.974236879698927, 0.9637597039347835, 0.9674651873633471, 0.7279700180359242, 0.7416690996247832, 0.24861415740203696, 0.5614562353904481
0.5419719009000402, 0.6236486657105402, 0.9689212393319859, 0.6018889465540862, 0.2957330836739851, 0.08555533728710552, 0.7635539225273863, 0.9094162577321953, 0.1461070682837966, 0.300035552977133, 0.8019029607574963, 0.03759439315315061, 0.5712548851520624, 0.9334942521447231, 0.6602351616826556, 0.6186459099086512, 0.989775692113689, 0.9671839695842854, 0.8726578605510694, 0.21992632622390385, 0.20221225143496702, 0.38781686274504634, 0.4576539797295974, 0.3261778411480333, 0.32003424391341395, 0.604854349012181
0.8424890694168627, 0.964670499968827, 0.6337626857932279, 0.5278867770374299, 0.47018832702731495, 0.4829429307157378, 0.23678047243865785, 0.7790806579392362, 0.8042192952530998, 0.5764737881833994, 0.8576489415225934, 0.13523874498748678, 0.881001967624633, 0.8015670270886157, 0.5602287357882978, 0.7354603147630231, 0.5254189211933121, 0.6932561211624132, 0.6064738934000556, 0.284262623725825, 0.4356879282850391, 0.21284889683968222, 0.36788616986869305, 0.13839469733786403, 0.37917441849299494, 0.5502270345988638
0.8857263075219646, 0.6284999106783417, 0.5007775563400166, 0.9702451545231068, 0.4790316919316667, 0.6009119319756956, 0.8910191088576778, 0.38939955488940303, 0.979379885625927, 0.3907870772605737, 0.9730053063034421, 0.46790861996242317, 0.75504058427005, 0.8929504397763218, 0.9315123932602755, 0.5373621838040186, 0.8314053856533941, 0.8734647806996182, 0.8529270486494455, 0.029534051212991574, 0.2148613526705916, 0.31797067290441694, 0.17379695089027725, 0.21002384440717736, 0.2989782436628132, 0.8735994852691906
0.5379501852259909, 0.539397769037368, 0.6559921399817787, 0.7879038649567858, 0.2668996644566797, 0.1631413026160734, 0.2311586753466076, 0.28419366637413823, 0.6825598084491631, 0.2371675670739909, 0.6512371776754864, 0.06258447230383235, 0.9747773526163935, 0.5655770275713773, 0.8110993257594165, 0.7500434089400864, 0.8975811853955665, 0.6464957374588647, 0.8946293631990769, 0.28267960741078746, 0.689612494143388, 0.7972001424083435, 0.7074168850686191, 0.15854996793158338, 0.5518970136673295, 0.12136369078015796
0.668526811763225, 0.5938806927689215, 0.8749750022876415, 0.6667036134858458, 0.2972038613564343, 0.488413915116127, 0.06651304780302769, 0.009259244814267764, 0.992411013171656, 0.4296784183558058, 0.5035547767041443, 0.9377698325727335, 0.29697351159336527, 0.8941672019792425, 0.8659789393049927, 0.8507403068768374, 0.7099634947417139, 0.5635408633274858, 0.7780301872159313, 0.6377309299744154, 0.7938256705729843, 0.8519016641658946, 0.950861873717319, 0.5813885599696567, 0.17895749689341334, 0.8381410099192589
0.9902693889113013, 0.9452626177049753, 0.881530929757778, 0.7740774758402911, 0.31966573798002207, 0.6202764321741475, 0.8346999354002932, 0.7114959355217624, 0.06341243598664348, 0.41842745899191414, 0.8419300143744222, 0.49018739896434915, 0.8792501862643533, 0.6531903222362374, 0.7517707736744896, 0.9290997345914269, 0.800912934757741, 0.5344123337965023, 0.6890785026645255, 0.7601805578592185, 0.013958459575098892, 0.017310788868930893, 0.24393493670678124, 0.3528230018887416, 0.3802637200708765, 0.11061508865440173
0.5168923182609177, 0.9866573353909459, 0.9344611871447663, 0.9166070970783239, 0.00694969957618885, 0.16260073590296908, 0.17632031324806885, 0.370633005018696, 0.04703878579566256, 0.1505416297029949, 0.6005357429234198, 0.8840746854489102, 0.04561224015097487, 0.9315397446114025, 0.5689895990154231, 0.2608458760119521, 0.5619788119606917, 0.63192859608988, 0.9904936903076819, 0.4807961437428008, 0.6477810046435005, 0.7532444674043333, 0.8986228957696611, 0.39922941962782976, 0.9470994735647847, 0.262051844961415
0.9253891452795223, 0.5632113618449752, 0.5641644090912017, 0.9034840127980993, 0.04374033037811231, 0.5846382482396252, 0.13191129850273486, 0.3161418556066826, 0.9020734637574963, 0.7575658996814533, 0.6559803647913479, 0.2542490610196231, 0.7648957721958267, 0.9730214120291, 0.7890053417950886, 0.594342481633284, 0.7673711360275813, 0.7524726850842598, 0.5619090109069879, 0.18784808127258645, 0.4291277419658531, 0.09953589478139946, 0.03858229672338365, 0.3451997233343397, 0.4107464601361226, 0.2906203053196559
0.8793174883770558, 0.594657040397337, 0.7616543282411998, 0.9319183802334909, 0.4523225535912776, 0.15868549594051995, 0.5492715443139035, 0.15803159177512438, 0.5186238605837047, 0.9117627178252887, 0.9999986002089682, 0.5802406190986715, 0.25254729160848755, 0.8308554404626726, 0.9105379152553322, 0.6871736572507109, 0.5663439147636186, 0.7219780374417332, 0.8113857401103222, 0.5704293783072474, 0.21591207477250773, 0.23299096815247677, 0.016720306727300183, 0.3372972153392929, 0.043238880428745574, 0.8130323394344051
0.5910183431824482, 0.5009529134985499, 0.5762565977698995, 0.9249509074729899, 0.04884114731659628, 0.6659232003512409, 0.19569905145835975, 0.7274947401680131, 0.926411967467987, 0.8392134580664126, 0.864511819029396, 0.21546787460224093, 0.6669045781164579, 0.9132007503669047, 0.5674211842907939, 0.895987753722533, 0.6877600743085414, 0.8108126968694787, 0.7250069759168498, 0.5705321461123499, 0.30002046448735575, 0.12339581824994916, 0.4506793712583921, 0.472672587228397, 0.03424637571545741, 0.10362071133448447
0.5528992886521887, 0.9304047846307313, 0.7440247383209388, 0.1660999332584463, 0.5959942164130229, 0.6693432472185495, 0.7903416203806877, 0.12487824587492347, 0.7161241625114939, 0.052271598533060404, 0.903980818162312, 0.019815914982700522, 0.5782627838532022, 0.6160744471298322, 0.9102777824624104, 0.5771205140941051, 0.865733789664741, 0.8336982733521217, 0.8712123910661841, 0.7136071548135124, 0.7461511159100033, 0.8253199954363288, 0.5039077424111207, 0.7836900851014755, 0.28200629217940154, 0.90782704521426
0.5203146806708658, 0.9675709266928141, 0.8831063197065463, 0.07231081519377747, 0.9520124432152663, 0.6954666219798259, 0.8554590398875979, 0.3465246012529648, 0.5279413999097712, 0.7565072409777086, 0.8195595217580894, 0.6849369609631936, 0.40532764262159426, 0.6078572989826867, 0.8078765242280541, 0.8821206151373074, 0.9441121035824053, 0.8824536311949344, 0.5747521366188274, 0.5056248585164631, 0.9253093874713227, 0.9980054532673741, 0.9206820579196554, 0.12704326505229424, 0.7612573597715061, 0.4488166404575745
0.9497613322385643, 0.5686200026513586, 0.5093756279371274, 0.6830796893995893, 0.23949411537410414, 0.6491447685111762, 0.4014345244473091, 0.561691302776932, 0.10736706141818775, 0.16500512365230524, 0.6009860258551887, 0.2117880273831797, 0.6197507072611725, 0.5512354251426091, 0.8495585501700385, 0.1276820935821914, 0.7301344035076611, 0.5499949302592709, 0.6988606347646489, 0.048295714418675306, 0.6453286678325026, 0.9623271605868446, 0.6691736559382316, 0.640057201627196, 0.4478816336010534, 0.6074199523548198
0.6530781827552734, 0.7151886153439502, 0.8198608234148227, 0.8196023304261728, 0.49933468897781086, 0.12124208155469973, 0.133308163967365, 0.3639156169205754, 0.4754610838949833, 0.5891637714180111, 0.5394020410806788, 0.20285179896355343, 0.729115347891694, 0.623714554873603, 0.5613631697332369, 0.4187423840425699, 0.913878421456209, 0.9612504163767766, 0.9148612231740755, 0.11177133842400744, 0.94521920217552, 0.7604381189493459, 0.5695876234412397, 0.0475084891258023, 0.9005900228999041, 0.46848645004860934
0.6275642291002517, 0.8038637530810406, 0.7855255059291407, 0.006664642828721035, 0.8956166775943389, 0.8150988013475886, 0.6829535995639833, 0.5595804979750943, 0.13521306481104367, 0.11058818002480197, 0.7275861699733175, 0.19377465045005393, 0.9918609312015774, 0.7551777621518847, 0.8827996538579539, 0.7376167804801371, 0.5306451859825901, 0.6852217921399713, 0.5274077506088097, 0.6621230831498919, 0.8982573810508006, 0.8708541600573342, 0.6055516525590823, 0.15454019921156148, 0.5002186167234232, 0.2584155437836989
0.8472416209327512, 0.6057431943954914, 0.6302526431116803, 0.8227990711443576, 0.4984932062918591, 0.9489917696567516, 0.28457633330200094, 0.26594664680104185, 0.9036159919341655, 0.5994104347153004, 0.750047439815168, 0.21908587475065167, 0.6223210901914221, 0.7755687698125765, 0.9831765061070877, 0.9760235051104873, 0.9992084357352882, 0.8772672115335161, 0.8492845062173299, 0.6903252558350427, 0.6352527684513932, 0.7796142531924795, 0.6276472027898615, 0.815841865017139, 0.35588314708395774, 0.18471234538890213
0.8493646941415615, 0.9797097518795396, 0.946444310355754, 0.5899539331102593, 0.14161861065703962, 0.6741434527281425, 0.2152076589631231, 0.24723169645223708, 0.7327043188365686, 0.280768629728538, 0.5789332825534986, 0.5052242840557817, 0.3750712011128732, 0.5967789871877949, 0.592712223323947, 0.15181266174440655, 0.5369833522991059, 0.6198513760096863, 0.9760341224859239, 0.17925065743856305, 0.9062230528424637, 0.6536447818708421, 0.6668774615833838, 0.2141660189698562, 0.5895928312592772, 0.06915731773088007
0.575022681277553, 0.7227116907973734, 0.9930441886314112, 0.28075418476070013, 0.7993908141499066, 0.6370759145423909, 0.6548371193498598, 0.09885520528784286, 0.5506719616318454, 0.862778981401981, 0.7538854318759821, 0.4514617799877615, 0.7635185815761871, 0.667464687938163, 0.5443378697828755, 0.8082159184451343, 0.5357582781688562, 0.9452941341272878, 0.7247544594962589, 0.613796279542388, 0.8712027648128986, 0.9234380114077093, 0.8431730251485616, 0.2684612913083205, 0.9562428824364545, 0.915771896067276
0.5817596157813251, 0.6611199263677535, 0.5028728165970084, 0.9057799016439851, 0.028701835518476493, 0.29459913031928686, 0.4477439714482637, 0.20101744909924657, 0.04444414272820174, 0.2805524488114609, 0.7467440408280552, 0.5865580401361545, 0.177783140854064, 0.8137362937055662, 0.5480917800732521, 0.626612650217522, 0.6111884221360544, 0.7345973888666335, 0.5376455143269874, 0.3372949471447071, 0.32670629507626403, 0.11772683539917328, 0.477223204285934, 0.37295364416038, 0.0989702801936132, 0.08913846102531686
0.7922686965699935, 0.6201601132096367, 0.5927473808840361, 0.9549080263061631, 0.3190663889974438, 0.0465393743752498, 0.9887631758876588, 0.43083758573192066, 0.6610231161356531, 0.18427035732905517, 0.7160826624040305, 0.6431371371560297, 0.41580121042059104, 0.6951737722324861, 0.5006958230930234, 0.3016317386122772, 0.6299869219404605, 0.7755707145216255, 0.9258345150535655, 0.33000868369893643, 0.30537255281884723, 0.01081127986883268, 0.01791399412337169, 0.12713792037515403, 0.18676615628557913, 0.7768572205377815
0.577746958046867, 0.7462599099317253, 0.7285387885447324, 0.9863920622587111, 0.01087337420464296, 0.9978578629826304, 0.6142158757282985, 0.8999263039278331, 0.14943452999959173, 0.23141737541925866, 0.6337387835357555, 0.8974930866672294, 0.0033749822327205914, 0.5344715761918883, 0.8666191243843616, 0.5950918761213058, 0.5662011802829486, 0.9893447527769589, 0.809072645866143, 0.7723250244906723, 0.6159489943864243, 0.662936252366951, 0.733226256139605, 0.8838601545371306, 0.30197515875779146, 0.19529030898470645
0.6118487415308477, 0.941278191411811, 0.6786925281849912, 0.5835751744236067, 0.10665177374145085, 0.9466204273551386, 0.40655947762074407, 0.8353836138787658, 0.746751590977287, 0.5502511716953404, 0.5651271808818801, 0.5529052073949878, 0.41936933993288616, 0.7421835901901458, 0.9929424934586587, 0.48926387951355266, 0.7795222997670698, 0.7256176617069797, 0.9695962551468816, 0.017620781260768048, 0.34110544329451875, 0.23012039893733494, 0.02431647474770604, 0.40192015455858443, 0.13123137955557052, 0.42031710229428343
0.7978559621931361, 0.7344147796760323, 0.7823649301468871, 0.9821355721278852, 0.2460581240445192, 0.8256399203718092, 0.5382081409621696, 0.7285692066301444, 0.19469792092452864, 0.26534605933566535, 0.7383248206645289, 0.15375593229809914, 0.556008854997934, 0.7734650144404782, 0.7982756100700579, 0.735663254747128, 0.9591899268989617, 0.5360200486476662, 0.8003068275665248, 0.9157108297068454, 0.8322940508296996, 0.7244853812660895, 0.9811448515024851, 0.732113565233437, 0.17001049828836012, 0.8502824190082574
0.5880980804962487, 0.9704507301610824, 0.9638693568280527, 0.8560426177285541, 0.3962046354781287, 0.8887012853194063, 0.3975056911030038, 0.4083517591657606, 0.38893185321773815, 0.7296166251122184, 0.6967451383068861, 0.5217293238935516, 0.07852025019911979, 0.5011848767034953, 0.7908502080701905, 0.7359289618186375, 0.9587044248817747, 0.9261502446632002, 0.9531591309144012, 0.5241716092491987, 0.7000104520710965, 0.6512329817049286, 0.7412823605252614, 0.9784807855419889, 0.23859844640668426, 0.6188553980941441
0.6334755954633499, 0.6857394563766854, 0.6885103087847431, 0.9627297479719434, 0.1094153880972657, 0.953936168596314, 0.027069713615185176, 0.428959161992542, 0.08134480862118765, 0.00920173232861321, 0.7113496906656515, 0.6330866980972915, 0.3500268469127834, 0.9532861246746503, 0.855414739722754, 0.5772948629180997, 0.5079560556919073, 0.634611923226875, 0.9785221981155522, 0.9844942254837973, 0.6177180944017949, 0.5952017640802437, 0.562221181829632, 0.91319734143547, 0.35113816086182137, 0.9892948011238818
0.656604354638257, 0.8972817266306042, 0.8645872654905179, 0.5857500461945621, 0.23789894604040462, 0.3945375809411018, 0.31934732947837197, 0.10404070480612004, 0.9815860147607064, 0.0067273586497369475, 0.8405575075809133, 0.22756794389299928, 0.9256399580317325, 0.7813308210749365, 0.9923889332081162, 0.49194965527175616, 0.8827760626839652, 0.6635408340876042, 0.6711869194378216, 0.13249244145323358, 0.5190049031840276, 0.5289707506007674, 0.9174584255898861, 0.7014734043035273, 0.20020786365794063, 0.9819542188167639
0.6771520899044712, 0.9595667540188213, 0.6315929279226955, 0.6503130613561774, 0.3620500492443923, 0.5119895238365555, 0.004777093309029423, 0.4571785379588489, 0.027473585910185783, 0.6013648036716396, 0.838746988701635, 0.7845602693470289, 0.43723616232131357, 0.9395000123028442, 0.8078125947721522, 0.1580243319764042, 0.780411189481223, 0.9314865934258405, 0.8071673067123118, 0.18861290617071647, 0.2631797484467705, 0.02653907702877223, 0.0765755486294567, 0.31718823391121087, 0.18036474025828875, 0.7101741267171396
0.8554215682659251, 0.7718073723115703, 0.6491696812697769, 0.5756546829051338, 0.2618750406243856, 0.7178082895237176, 0.09516960029147947, 0.09772874000653486, 0.006788666195815196, 0.24723398815395736, 0.5060344552153724, 0.9547981263926861, 0.06969887501657468, 0.888083246143277, 0.5576859459474353, 0.8732284555801907, 0.8664910650583079, 0.6747440311429607, 0.9318620571779827, 0.6911548425796337, 0.45350810357507265, 0.4434690674432452, 0.0040749764083432005, 0.3944516724992815, 0.2471000059404045, 0.2345121862704076
0.5933556668099691, 0.9199990445993337, 0.9864264810747357, 0.555509454337823, 0.22224795649177886, 0.2793960670448393, 0.6539750512298432, 0.2570381450485453, 0.7580514133759482, 0.4360203683456191, 0.5722897773392907, 0.4268019852256867, 0.8931285258867108, 0.7432419487202919, 0.6056393635286387, 0.7976767858780609, 0.9882569603002119, 0.6783233026418851, 0.9346688998482602, 0.4393917795998581, 0.8872239071097517, 0.6200813785537849, 0.7547466282011202, 0.3062567850283834, 0.8967198488947108, 0.8993054136723232
0.637802024852973, 0.5233637623749546, 0.9608087394929917, 0.9917951516141605, 0.019532262487786056, 0.59023953867616, 0.11294014077647463, 0.8436302996077312, 0.7115912335610544, 0.8014894840876398, 0.8497590933488167, 0.09533824383176348, 0.9172625831881174, 0.5445914567958735, 0.7973180166768487, 0.2211594434709654, 0.7637649536256502, 0.7992539190743424, 0.6959406985416593, 0.43359851647435366, 0.3748310178582338, 0.49999105347492045, 0.16275936814416947, 0.29634561159275563, 0.4848594796316672, 0.5771220816052535
0.9062925385390836, 0.7990636827607399, 0.9609409398975615, 0.1017020693564209, 0.9493015268610677, 0.8092143215477717, 0.5055311623572376, 0.9433211564876448, 0.2265956230441002, 0.9654259975536864, 0.7430536144286278, 0.7464116928531287, 0.31502632041982404, 0.8239522780146167, 0.5737484362370402, 0.2317174647560415, 0.9471913671467568, 0.641069220333455, 0.6500757523771198, 0.39736476430259116, 0.9951198372572165, 0.8090119827529403, 0.5247135059026279, 0.7073650857803504, 0.29092528314697474, 0.6616052362841381
0.7168792442441801, 0.5103957405812826, 0.8773721259395404, 0.9892522809368482, 0.36026360863296514, 0.45475074714513297, 0.039008206742757956, 0.027449191772038417, 0.008628749548921122, 0.1753623783367977, 0.6001224986357875, 0.45997188935927324, 0.7971872862797479, 0.8859868830274993, 0.8202183185101386, 0.8581661691738283, 0.9805483541267698, 0.915331899845, 0.7859575769523653, 0.24032784869592871, 0.8371371277899248, 0.7666696955129488, 0.510330509225921, 0.9094789391925941, 0.48555373340270014, 0.7496074628168806
0.532687595787737, 0.760817414967508, 0.8343595499158837, 0.0053970652220218795, 0.7902119009609354, 0.8136477195903024, 0.5991301120963788, 0.7872670240112548, 0.014070477206355236, 0.4872082618272764, 0.8134345579051058, 0.6283280556041927, 0.22070483403689545, 0.8226847962929842, 0.9408123415733777, 0.6506766334319479, 0.6092939407536777, 0.9739346272887636, 0.9496650088748252, 0.38285114343310545, 0.9559440833750302, 0.737390223642468, 0.6651878300961067, 0.4682423359288269, 0.6089638423802586, 0.023465599400594672
0.6622165928714133, 0.7522546516298098, 0.8882859700417701, 0.6910837514505472, 0.45383706510120114, 0.6863340906169857, 0.05397181279341112, 0.9674410092965425, 0.9130497304039394, 0.19139316153930352, 0.8133483310252854, 0.0238939942253118, 0.7299682006970136, 0.6824792758500583, 0.7497225651989748, 0.5563125397788878, 0.5263016816737442, 0.7114422153453891, 0.5621788810948445, 0.8324713804819053, 0.23471665983121803, 0.40255858038385617, 0.013261489993603437, 0.35684010557010715, 0.023997929341396107, 0.13169396833006108
0.6316886994898211, 0.8373432979726942, 0.5639668053274446, 0.9913696053631517, 0.49896258800082927, 0.0021101540826590215, 0.4600736915433369, 0.2362762301243193, 0.1492184495402864, 0.208588560954878, 0.7948496366236018, 0.7793541275832089, 0.3052124767022725, 0.9641489544109939, 0.7113542764198827, 0.7587692251921416, 0.6558376015545655, 0.6935600467363484, 0.938197280168079, 0.6493810019561211, 0.6248025668268603, 0.5936270022180062, 0.6098663779416947, 0.9952354510340017, 0.40671481786671915, 0.6277290108526199
0.6361194742601338, 0.6734453001661699, 0.8578499041255583, 0.5686638607792, 0.2568047508078829, 0.11397819676032173, 0.5122214288460643, 0.38401137226912085, 0.841167690218162, 0.8150473624083711, 0.8743378003629106, 0.6221135535965294, 0.2047462641130533, 0.5140965981547025, 0.7566644624236091, 0.9019554046618519, 0.7202007175830272, 0.5537589327305088, 0.7119939574450846, 0.0032814331350163872, 0.7722993571056875, 0.7566491353353818, 0.7904491561395474, 0.5002245998129327, 0.3566032069537026, 0.21538864624992415
0.7596880816930135, 0.5372783549600798, 0.8320473866753639, 0.059040062789024295, 0.8413618999699327, 0.8345394598678145, 0.9417961709219872, 0.18796705931604663, 0.9831213077908673, 0.819997247920893, 0.5040449499333044, 0.0760049076536059, 0.9263658259223223, 0.8518488946176972, 0.7931709736711554, 0.06498735425146629, 0.795664678184706, 0.62715656816449, 0.5434614392199189, 0.473352293999148, 0.6204888517378185, 0.5214094373966276, 0.566222314496857, 0.06324711630742041, 0.5242153352058558, 0.7344338268383938
0.5713716829931391, 0.9559206614441929, 0.992487397724832, 0.7195598247654105, 0.38540101677201977, 0.7368590739446765, 0.036183112376649396, 0.5988661327352889, 0.8306606859361502, 0.8114689658354141, 0.7880922597397999, 0.7127323803131033, 0.03834924054348832, 0.6142588824034185, 0.511753178902834, 0.7879565649384788, 0.5292346824211888, 0.8011560267033953, 0.5283625532579951, 0.9548304432536688, 0.6820196107998215, 0.9953597758273411, 0.939492377094639, 0.6337268143177196, 0.13423882156839562, 0.2340559440738641
0.9332328269597687, 0.751771727249819, 0.8463275201366302, 0.5268925847931124, 0.21572287014386704, 0.22884237772847016, 0.44958245573034894, 0.6815414804463472, 0.352649029492478, 0.07991614456842533, 0.611707196771783, 0.5807937851901058, 0.23118232492363155, 0.5206200062560935, 0.5113876468585606, 0.07497966548901958, 0.7025590547973984, 0.9842839412869664, 0.5979308168621148, 0.41949383480093305, 0.681845393494852, 0.9925239916945223, 0.6048116646831773, 0.6559337438993782, 0.4983734201810045, 0.21448900879367527
0.6712446240760688, 0.5430118016741229, 0.5415539095718075, 0.7693277857355734, 0.08249234335575228, 0.353632148629209, 0.2429984626814875, 0.031168744364145073, 0.5754521876275472, 0.698163093705726, 0.698205521494913, 0.8011980968857274, 0.275417604834972, 0.7260526485510103, 0.8706111017816384, 0.8030861754430668, 0.6900518257640679, 0.8877408025483488, 0.7151012471177459, 0.5804851713778015, 0.7343208009457595, 0.5661451446946625, 0.8080929018870593, 0.8210180603926067, 0.08933715992367841, 0.3224491293082642
0.9022234259804404, 0.7059556354900128, 0.6428710532160802, 0.8452930797849147, 0.14681451214972263, 0.052097689866856256, 0.39507343941746176, 0.731042120033025, 0.9489576521105062, 0.9494313921627534, 0.8402142116689985, 0.988054135933793, 0.44213735344607374, 0.7195251169872497, 0.5880486258246355, 0.6987193965109911, 0.50770190615118, 0.9229586199210873, 0.9294263448322789, 0.16349073989209584, 0.6059142838479472, 0.6343599589267714, 0.7720551021584253, 0.8304141433289187, 0.02660270062780068, 0.32450493541985626
0.9915969854143545, 0.9606297638291271, 0.834666844463453, 0.8945880301164235, 0.4594999633082608, 0.5716961751232753, 0.25862883035735384, 0.532324953210949, 0.02263760812208615, 0.9196614042548268, 0.6473170771175355, 0.5475836210743971, 0.3308204915212112, 0.5572364461025172, 0.7722612023456513, 0.6784461843502948, 0.9099939112290948, 0.6604805798296286, 0.8024956026408064, 0.10683203853239087, 0.7362561789403418, 0.7784974475161816, 0.6298029753990808, 0.030017955593156453, 0.8713764208893382, 0.5083048567795541
0.5106466505776954, 0.7594249887752231, 0.9323879967005493, 0.6765984856621535, 0.24517274243178233, 0.09323578847621095, 0.9340318365254857, 0.4031371835819847, 0.7049107432434204, 0.5589945463802077, 0.7132282132789733, 0.7006847251214074, 0.41360695750926435, 0.9451374479160598, 0.994687714461187, 0.41322772414027453, 0.9160835099018976, 0.9590546478616596, 0.5581175464272146, 0.03773896359365647, 0.5904811954482653, 0.544169750555454, 0.9917948999862289, 0.468285587504064, 0.7548235824928444, 0.4904849769204478
0.9282679531435214, 0.9111106978408381, 0.8202962752869625, 0.8031915051118087, 0.2154104812498736, 0.8980100650295852, 0.7211117461100641, 0.11359107566487114, 0.5485994255343447, 0.7586046047667101, 0.7832051807220989, 0.06793738243367942, 0.7341513498365551, 0.8627268269008167, 0.6577296468138747, 0.9180088552560233, 0.8718094338047356, 0.6361850722243167, 0.644276160803238, 0.9549496957278905, 0.1082644844945464, 0.025612257604316402, 0.12717893712349837, 0.20569814822914123, 0.3072726278722234, 0.9911799532722299
0.7000881323155557, 0.7889825749538936, 0.7158088215969853, 0.5964565696987645, 0.48369904938689334, 0.30684700626595873, 0.985041893614752, 0.9234213108815396, 0.23432855839841116, 0.11014232116535216, 0.7561538877489163, 0.5466205108600287, 0.36654888578312306, 0.5187507661366867, 0.848624225134866, 0.8222220477221733, 0.6890904270357397, 0.7326188354574453, 0.5507111095356287, 0.34935295007208567, 0.6330700089210757, 0.7335725479046051, 0.6468850609030058, 0.20232057642226253, 0.5392705329776688, 0.40472357850456686
0.6623146320690907, 0.7434126722253819, 0.7186295549200399, 0.974922801709088, 0.2532111590907892, 0.6605730225747767, 0.25428190224566216, 0.7767301100353711, 0.47116845509582883, 0.06548026054153622, 0.9830754246441934, 0.11255051226383583, 0.6661501114122509, 0.7698093599163929, 0.5422265282567871, 0.9187232182754494, 0.7061303000747128, 0.5127874788435897, 0.8311262954386672, 0.3558990285085344, 0.009482448874312599, 0.10440067319552992, 0.29496480696201, 0.12086897728785084, 0.2876680034684649, 0.9078962815945251
0.6613523057014078, 0.8624204038019327, 0.8312513142083542, 0.7199102899878653, 0.17087007431792656, 0.26444040068345054, 0.11748108487979236, 0.8925604961506312, 0.9511494756170539, 0.3987563329769729, 0.6479965783018133, 0.030965811994932757, 0.8631983139050543, 0.9959294242684065, 0.6196852095342442, 0.15795712263317974, 0.7100265511776497, 0.9505500457039308, 0.5556663507712237, 0.012597313554517542, 0.7025544413684528, 0.6287244563582978, 0.6018714469972536, 0.8971644641155113, 0.017482606563685277, 0.15112903948307255
0.6974524594640512, 0.7727141330247067, 0.8200569035015404, 0.5016060259090768, 0.07332095972817687, 0.3460316188079793, 0.04284645012934207, 0.7840404964390851, 0.18660661443542437, 0.16659323227019363, 0.9567725851097577, 0.9161780859752754, 0.21717260166244012, 0.5700347051113759, 0.8098032588511138, 0.6233444745883615, 0.9887303967240534, 0.5401715839314216, 0.88759393470967, 0.47340619678797724, 0.7102655327155647, 0.6160192083991922, 0.5398277642687523, 0.17340169071414602, 0.5394451763984647, 0.37563997713061925
0.6286562795983662, 0.9628136702468717, 0.6111851064341312, 0.3906325834110703, 0.8861861961693208, 0.9938399850096459, 0.5050331155143611, 0.48722606755896924, 0.9072380795258149, 0.6767710231143561, 0.6500303337797223, 0.5594026564187108, 0.28906808044411747, 0.6915296160109236, 0.9360633893819099, 0.2687165190740861, 0.743941846140014, 0.7705553380005505, 0.8908176823415819, 0.2262753120315566, 0.6048326187358657, 0.5271131506377768, 0.5503293317580823, 0.4021448052858415, 0.703087578775802, 0.9341096149488649
0.6991557278592844, 0.5422449225468611, 0.8559028900554344, 0.689514421857716, 0.16374777902107795, 0.27671841189704416, 0.4510094934883542, 0.9444860811499769, 0.20910730725980808, 0.8822773090227446, 0.5130729971532955, 0.7555596460498176, 0.18745211989335042, 0.9122791607983698, 0.7670961838134354, 0.28377992983059486, 0.8068930383547948, 0.5001108680538902, 0.716249892905062, 0.11094401432043643, 0.9501675144073318, 0.7092553003199377, 0.6597569291747075, 0.17222479125174772, 0.5918532852928969, 0.6487771390050344
0.5737953013883269, 0.8451735032707273, 0.5844060181764305, 0.38767139793916916, 0.9920599588077721, 0.7391535773050408, 0.7955382457412098, 0.8985098234771328, 0.29308734928349334, 0.8457548420352456, 0.5895630647078307, 0.5652613934502935, 0.3037013929219011, 0.9475074480476096, 0.6308781647136755, 0.6196354896867351, 0.5309666991013297, 0.8991746918480551, 0.95794692749151, 0.3775285740980341, 0.4560683189279616, 0.3266680462692271, 0.4820047164342166, 0.31521496180705333, 0.23039801122129777, 0.2380954662558431
0.7514447526517155, 0.6028909143613683, 0.8671641911225005, 0.8022939888773895, 0.19348622794407122, 0.8865698230242905, 0.07075851175257408, 0.984474974797029, 0.7775853477031424, 0.2273519751704275, 0.6527459758808895, 0.2548647849581557, 0.5843972136906558, 0.5389765248560312, 0.5824374234515746, 0.7916418287018049, 0.971261713484782, 0.6135572219336596, 0.7402989670015301, 0.09829426821068377, 0.6217371268684294, 0.6695251862387929, 0.5085736669910716, 0.49515580294393624, 0.6083060600383665, 0.2919871979069085
0.7183149826900954, 0.9804010829854789, 0.7129667117309061, 0.7991572674527355, 0.02926301989860891, 0.9544208353806869, 0.7406143794208886, 0.07762520536400042, 0.8362254842797124, 0.34783383337103446, 0.5695426104411665, 0.6363209213795126, 0.1305934701647129, 0.9140725156544034, 0.9536753217688363, 0.5833209987846761, 0.5887722852154493, 0.798752197682627, 0.7738309098190795, 0.3489345514062767, 0.6148257840367867, 0.9749429826446608, 0.9824905860469003, 0.4927602221483791, 0.7936888029260885, 0.30047367475665276
0.9246994053573374, 0.506636038036031, 0.6442911646333993, 0.26209410087385565, 0.5257241283552653, 0.6233836951691382, 0.6341076186597159, 0.5810195258061509, 0.373983332286851, 0.9616903015867044, 0.7870512846338094, 0.47008006596026986, 0.6638782440469954, 0.8547460073596601, 0.9585953092573449, 0.26392151014850873, 0.5144789261009179, 0.7180806759185586, 0.7059014001094416, 0.14196093251832465, 0.20647014193001312, 0.07830025916178274, 0.31066118384307817, 0.07258213926432777, 0.13639268793422477, 0.2936539773506963
0.6032033941085646, 0.5710102801958884, 0.8242771628176199, 0.7598116544264746, 0.4412221167892998, 0.32750338573958293, 0.08940776868754907, 0.18860299591761698, 0.2602307327722735, 0.8300853328147204, 0.5988182417513161, 0.9632165349909001, 0.2198850444545417, 0.8822266326922489, 0.5727832143286101, 0.6632494637153104, 0.8407178965691847, 0.5942517045416329, 0.9738745820109517, 0.7379938704868079, 0.533117993154807, 0.5328680685756088, 0.9026252976960881, 0.6512716242014785, 0.002517973845659327, 0.17452902710839346
0.8726286820179824, 0.6522268439289606, 0.8869749161290722, 0.7881381602736804, 0.21386770121880205, 0.25565721224949167, 0.45184908830838744, 0.738716387279838, 0.6127723093957814, 0.7537799535972411, 0.7151941050011175, 0.3536793173314631, 0.7804333111071907, 0.7941624082229513, 0.8687569722590439, 0.23012507650230152, 0.5165157928101902, 0.8464216412748549, 0.637948183022367, 0.4213063501820673, 0.7322542986417848, 0.5982151288074632, 0.5612122314314673, 0.5936013102025193, 0.3625455989169458, 0.20001267904707354
0.8345289427798734, 0.7380864234676987, 0.5236369279429097, 0.38117642946572994, 0.6902032490562539, 0.9155270091829534, 0.6039763600715385, 0.8192312575310513, 0.4710927868736614, 0.4943474836794741, 0.6751007145449167, 0.01902359985403501, 0.7052928482088009, 0.5245850940913771, 0.7002719693399889, 0.5126137080197576, 0.8833955450528432, 0.6300589777095573, 0.7029348953222945, 0.6507934299462639, 0.5649513977809715, 0.9502789347508401, 0.5399278657202513, 0.981496415978241, 0.41445704159824526, 0.27867964857006766
0.7723546493886934, 0.8570888099154906, 0.6113428641436465, 0.7685644622335647, 0.2565094410917126, 0.8225650373531869, 0.7017648706694983, 0.5134034916558127, 0.014441014673258978, 0.7638150430393922, 0.8158847483833487, 0.7645421386406641, 0.08182613979440179, 0.9776396241881069, 0.711523339298572, 0.5127781261191053, 0.9121516344045493, 0.5954744123044409, 0.9795613214002972, 0.5458389243367946, 0.2847509808005094, 0.2402975312755583, 0.46514086106943586, 0.1243458605824983, 0.22508619653277573, 0.3723890300044729
0.5857154953761164, 0.5240193449202053, 0.960276269687039, 0.7582453560109275, 0.45641090346969426, 0.7740677762814769, 0.14515267048613012, 0.4921707655155426, 0.26669724688461693, 0.5366577508408771, 0.9931265053577304, 0.6977305248469365, 0.19027506843224629, 0.5080491811299805, 0.5327396796517869, 0.5464758452069157, 0.5918514506486822, 0.9864234814291407, 0.8231636805304919, 0.47614837349329675, 0.6487428284134059, 0.9782475986031032, 0.7204808002166577, 0.4101954843348752, 0.5039967362187309, 0.19367081890665072
0.5754595870483284, 0.9349017006049501, 0.9642225885863495, 0.8554300830701332, 0.4075674269040309, 0.6698749704496672, 0.3688950800012104, 0.6010738499135168, 0.8697558365840452, 0.7304415735551515, 0.5235795876648042, 0.6558070732534677, 0.4820723768881069, 0.6682183460845093, 0.9296515387931911, 0.14131521004302106, 0.577748793842595, 0.8808315290998764, 0.6318084188735666, 0.48843086980753114, 0.79184465452446, 0.9098547936072903, 0.8329734342370698, 0.052220363826300686, 0.9996594280225422, 0.004938964720249683
0.8132245595984662, 0.8529396028506454, 0.6345670743485542, 0.6582737666538868, 0.15465396817888966, 0.6114565082103222, 0.07545467845045895, 0.4626142030372409, 0.6389237309157478, 0.2466490192905878, 0.8320381475050934, 0.6044945688796237, 0.1258052448942497, 0.7153875057221452, 0.5799663734776791, 0.8387375357187253, 0.6305640057838536, 0.6806026748968795, 0.7779091108396494, 0.009808969358639619, 0.7786400193044839, 0.9700013542491329, 0.5383729734705563, 0.7461037594402001, 0.3835037331465788, 0.9550278536358936
0.5673753018616096, 0.506008311198415, 0.7598529108429579, 0.7819392790266751, 0.30311208512996746, 0.21120510211540777, 0.19520788136742573, 0.8875888381093512, 0.2589471487417526, 0.7934094402939227, 0.7216725598407272, 0.5793643974397665, 0.11276500127874689, 0.5113768733415279, 0.9731911283183602, 0.8825076045188526, 0.5594319568964058, 0.9773657676554683, 0.58433884902828, 0.631489092010695, 0.8097396207319134, 0.8795653959923622, 0.9512872495981993, 0.5304359050038654, 0.0694212646011485, 0.5317589806839136
0.8860449154378771, 0.528425709260417, 0.6955643765913978, 0.8494793988673768, 0.14645885923883362, 0.35763612159337965, 0.5232323163791261, 0.3102879777601405, 0.5395559875031561, 0.8077265251232979, 0.860895953795586, 0.6119429155795251, 0.46370110117396646, 0.6250374627283167, 0.7951485267791705, 0.9281031981157544, 0.7845615113243386, 0.5881410834823284, 0.8159296117942052, 0.6461285899317467, 0.576308228172487, 0.7847595946825942, 0.6964911271316778, 0.8648912269318668, 0.1377709640576399, 0.012568280396096365
0.5836128893315454, 0.5030535627372492, 0.7602056630886109, 0.6772998579729521, 0.18135584393055648, 0.561676391967407, 0.5800718169693521, 0.38863041207464266, 0.9025052196915189, 0.2726402283387199, 0.9521052841278413, 0.36494027749260094, 0.922101156081434, 0.5598857907416137, 0.9821129127109319, 0.6224808429670501, 0.8016274722242391, 0.6355745262684174, 0.8889207273002859, 0.21962255559087807, 0.8951564762332086, 0.6107709321403216, 0.6416836367820135, 0.29841987502244227, 0.6952750494163006, 0.10530849985717006
0.8052159716310775, 0.5415701720102268, 0.5994337736867686, 0.7675419534738033, 0.16053490879356447, 0.7117510903774379, 0.03581901480619154, 0.7991165814773528, 0.6811937535423956, 0.3698965530707372, 0.5169379307659876, 0.6457839552703513, 0.41663479521871694, 0.850269529817509, 0.5178810342735791, 0.4410257223488162, 0.885776659085899, 0.967491837290803, 0.7887325492963956, 0.37199197032439324, 0.22220080153776522, 0.30943860321183425, 0.36523651691001213, 0.4685274950964926, 0.3135879167478153, 0.48693362576638277
0.8541351467643942, 0.673348178152754, 0.8827946281537793, 0.8963954469129815, 0.4229993295469553, 0.4216450754817417, 0.6499824928452388, 0.25974190261334806, 0.5023361808834855, 0.10954312979315539, 0.5976832936724419, 0.39623080336046457, 0.6527381599879604, 0.9836520382339047, 0.8518030020692297, 0.5286111571939633, 0.6189486712350449, 0.9649230097802881, 0.6208280741906772, 0.3464437416163675, 0.0223459680472472, 0.30816339001058046, 0.32676150142654503, 0.21399524813684334, 0.2851060653049138, 0.003097879453849761
2986.0,5207.0,16531.0
