$x1,$x2,$x3,$x4,$x5,$x6,$x7,$x8,$x9,$x10,$x11,$x12,$x13,$x14,$x15,$x16,$x17,$x18,>>f1
0.36034382665514697, 0.03594853032643974, 0.2653820061707376, 0.5733640887665247, 0.18695381984022752, 0.4394193304708318, 0.1972044445643707, 0.6490606682992921, 0.3005972799012586, 0.23811354322554668, 0.02240041912345392, 0.34780505521973293, 0.7807729433615158, 0.9168354346916596, 0.2420523032415589, 0.9244446461082704, 0.22268932787339468, 0.16578201109641166
0.26780269803680534, 0.5738266770287808, 0.9159343685908946, 0.7395740745554801, 0.0953508619584541, 0.9642130009486629, 0.31351937446758604, 0.9023763043161862, 0.16954473314781393, 0.4691483759904985, 0.4352522944609525, 0.3341278624498839, 0.5544481687197417, 0.8813688770998059, 0.36418706971056525, 0.17444880079211122, 0.1734882990942781, 0.8096339468140802
0.617069125970059, 0.3884120879527302, 0.3038636438798582, 0.5345980389932904, 0.007615822403909456, 0.06593599842212305, 0.1340897988447428, 0.5778912468680288, 0.21338323055836972, 0.35329754566936533, 0.4925856972210647, 0.39319923528825973, 0.7971153974234408, 0.827526310780738, 0.13908399170015118, 0.23297824817084078, 0.03263008666208245, 0.534047353534842
0.027624319905417805, 0.8644582984926775, 0.41091784351966887, 0.9099046314510514, 0.9474057708899329, 0.14002192683370274, 0.933278258179604, 0.5063095388184214, 0.029965287405910646, 0.3218024887967099, 0.031329036459435744, 0.8538631425480678, 0.3998220916420251, 0.7801607310725834, 0.4626012517120701, 0.37165528085341226, 0.48149991999413533, 0.9148649111391381
0.2546219416344847, 0.9145141080747141, 0.5256686814740951, 0.9840879201234235, 0.9939795502726944, 0.8550327954326392, 0.27057482701922597, 0.9736126406664505, 0.49570409965425044, 0.9752978092667396, 0.24718463639324273, 0.42345077921865615, 0.11113350986274506, 0.7036455675611228, 0.2776087916374156, 0.3809024803169391, 0.5840385416963613, 0.20773185130551264
0.5510599678550286, 0.4252247706251263, 0.4111985473494759, 0.21450065882049452, 0.6883821049406156, 0.21303406143032644, 0.4864165702152071, 0.6587698573588279, 0.1083563064625197, 0.4285115040197005, 0.2854781990409383, 0.329260198748055, 0.7618856580966794, 0.8437220300762774, 0.0004746094922061239, 0.4348908848834929, 0.17580000431729204, 0.8311056482857161
0.5271798521407347, 0.5540166053218165, 0.06160362498952576, 0.5648758283106982, 0.8022905767541754, 0.1342169158116343, 0.3612010847891871, 0.6155563189271595, 0.11300462765518238, 0.13096322323029452, 0.4937298135609166, 0.40458400680348006, 0.6044471630252867, 0.8784268275621023, 0.28245997351748553, 0.13814357240112407, 0.9610342542960074, 0.4408641504023536
0.2778399272343556, 0.5164184956595514, 0.8269371893064862, 0.6439701535297534, 0.42449157464410114, 0.19082757725021027, 0.06287970461801684, 0.7763277976834605, 0.3560512323210556, 0.3582320804161234, 0.8399350482847563, 0.36029420387848454, 0.12264158610801323, 0.5104797036750106, 0.2642903570147016, 0.8090187237677648, 0.3378691552807419, 0.2504756765003143
0.6149526151750813, 0.06706770477104962, 0.7198868329925657, 0.8476283951898793, 0.018878993787673104, 0.9996989330177392, 0.4973553692161691, 0.7454174428076511, 0.47268630785769417, 0.1727028633672154, 0.3379274107774294, 0.6584479026163899, 0.1956047830642904, 0.690849586540848, 0.768250018400869, 0.06778029215396686, 0.1880587282296442, 0.25295326611750857
0.03512070891967489, 0.850835930039895, 0.47570537535670954, 0.5624532854729368, 0.6069038486742943, 0.5011203568586307, 0.9725684033056164, 0.8148059255921903, 0.12467907883396023, 0.060402721291042294, 0.7567318557303194, 0.08869902474530456, 0.032574560327838564, 0.6977764458328436, 0.13220259502859333, 0.9830576876378513, 0.15354779693882548, 0.257308576127541
0.8844191907440078, 0.8749297707319758, 0.2811033360514501, 0.8114631427593932, 0.42470607791230863, 0.8791878999769002, 0.7827582684254631, 0.7936881163518992, 0.778328538492563, 0.13327700341655735, 0.2263617105100686, 0.07852411241110802, 0.4398301946684241, 0.7380921367869451, 0.5534327234675281, 0.494945331471387, 0.47729171426408334, 0.12412093413380909
0.29987327782978723, 0.5722680866196038, 0.37964115295885315, 0.0997823046017744, 0.27743636994533727, 0.7332641264038641, 0.11933027121861728, 0.7253310623579499, 0.4800054613045781, 0.10438340910816601, 0.7822421545944466, 0.14264513071468687, 0.32220050074140305, 0.7930677466553042, 0.5868320891978872, 0.22105593328532525, 0.3299889490422415, 0.40426944811036825
0.34490134343753587, 0.126501569070691, 0.6346874536122699, 0.716633255143361, 0.6538319410057646, 0.4944296967215903, 0.2748339559469337, 0.5220968086227796, 0.40075777825183345, 0.2205712588113825, 0.17141352283905642, 0.701294464998261, 0.32535768220012706, 0.6795882325934505, 0.14870465410594436, 0.5509773157783135, 0.2152888868700472, 0.22819689850138203
0.6479080242218721, 0.5859267387446657, 0.008821523163024425, 0.646639019032606, 0.5486032024918926, 0.31925039695830126, 0.7126787086417972, 0.8657129404430048, 0.06730233517778483, 0.37151970036178883, 0.5357790482949042, 0.35839134941322015, 0.21816540671586981, 0.7890435908730719, 0.5329956822515055, 0.0263875246449381, 0.4994964102788111, 0.4817360192147846
0.6414462005942655, 0.39882499980683495, 0.37382146052595366, 0.44331436818336756, 0.9872954653656241, 0.5861346772272114, 0.573465841527628, 0.546343485896166, 0.08388689682423245, 0.2725242654083916, 0.35030986207525305, 0.4289196933407027, 0.942651072605696, 0.9766172623091094, 0.4919135328257995, 0.410460305821022, 0.2507958700192696, 0.6232501615234446
0.6949649410380677, 0.26696232319647617, 0.34087638658310726, 0.07623280214233741, 0.7321300002433473, 0.08984109930008166, 0.9943002069076843, 0.728207352372363, 0.07850544048525909, 0.02817643147163451, 0.27564231062919786, 0.7937512431304304, 0.0020394961933650757, 0.9109567739183345, 0.6655029718203055, 0.3906025766402511, 0.4106843650720555, 0.42928894858530653
0.9361269233990616, 0.5442952139928461, 0.6754800395724131, 0.003814052171807525, 0.2578483659115286, 0.5360753681893893, 0.20180758038393953, 0.9462787566037376, 0.22065780798205925, 0.2504415940716558, 0.4368897338255969, 0.3517578667918221, 0.6022841266229282, 0.8974790853439987, 0.3024230897640442, 0.4772944554292783, 0.4481162100940159, 0.836297384927829
0.889009395170237, 0.1595090751061038, 0.5319085071493618, 0.13102916927392738, 0.9174913678849138, 0.18687894285329587, 0.5413709866934804, 0.7558038563754965, 0.14302815056750073, 0.12188098758628063, 0.7708553470483638, 0.3702893406597608, 0.30816259236577803, 0.8351832431905466, 0.5414299162206785, 0.41611104945277233, 0.4874533179875389, 0.0980173695983777
0.8589092980707029, 0.6577378575909455, 0.4978245561517691, 0.8084254548216073, 0.8829521682180703, 0.9769054132673238, 0.5328839867954301, 0.9820191376782899, 0.4319167490630851, 0.4973591722747823, 0.5975740871495173, 0.36608511829706425, 0.30647374970883967, 0.6505548268804632, 0.257491127002731, 0.9717478579699741, 0.3338633627642418, 0.1496494156823216
0.47646600772143954, 0.21601970952839555, 0.687146666849715, 0.1975811647017256, 0.892911056141374, 0.15522540239916982, 0.6106849872263378, 0.6362607416088204, 0.8640791875572864, 0.47554815804668393, 0.27899708049574645, 0.31216372901403955, 0.2371733906378627, 0.776270271608643, 0.9964981231219917, 0.006530128740671048, 0.10382089393604088, 0.4034452072928163
0.06294192442053526, 0.43852942870075207, 0.11922806840713818, 0.032682855284122514, 0.6427919056724805, 0.6665818706248858, 0.3103836870820752, 0.6496683930618204, 0.33559613630044494, 0.9683357394948349, 0.3661775415477464, 0.49814358100191547, 0.11857526223969694, 0.7565281502541933, 0.29152965911470474, 0.3838336973160801, 0.9278453079593767, 0.498374851247396
0.41142511086522493, 0.7500451145775368, 0.6462960051894578, 0.8065194388846008, 0.277605942970679, 0.09883345901228346, 0.37180737774510675, 0.6853810576111872, 0.44137958589382476, 0.6312963563226437, 0.20484839712115788, 0.1136117472631033, 0.13576964443095696, 0.5519896321001082, 0.44430603814778313, 0.47754314125572894, 0.7090644483206618, 0.26474515183552416
0.13775517591476893, 0.2526500574032281, 0.44178726378262057, 0.27377545527385805, 0.10829623544618039, 0.08648712979837092, 0.6207784143564339, 0.9631615867392931, 0.3106822134787548, 0.8151004125843534, 0.39821553563196743, 0.47598664364388876, 0.41022659771952674, 0.6317501302031149, 0.2334125324175883, 0.4234124300892751, 0.5238469962825824, 0.18760434824477912
0.6928977118696926, 0.5549026099128154, 0.06395184850394842, 0.8073080663674911, 0.7809075970726717, 0.5602532259141968, 0.418954429146316, 0.8252963020992673, 0.7214823870732988, 0.06485860386415787, 0.04787003815073099, 0.09263577950419155, 0.3713900460304813, 0.9191086424436011, 0.05642797409804834, 0.06688517946767425, 0.20553101752657466, 0.9040520259042724
0.7224292040311406, 0.7312580269638507, 0.27144444230398845, 0.7721159828286356, 0.129092225452485, 0.053648352032236946, 0.479108369112884, 0.5012414711936943, 0.2314140402782342, 0.9521269544262734, 0.3992962197452007, 0.09397930631013152, 0.1453977966504475, 0.855185215052941, 0.18557186357959565, 0.5478523649902156, 0.09722371007508035, 0.31160436785305057
0.7805997745826222, 0.6329242295221859, 0.3715052699829854, 0.44454241502512504, 0.8546561133585652, 0.9818138176972651, 0.5850006827531761, 0.6918205230160309, 0.39199772209178474, 0.4397378471571892, 0.10225068837909645, 0.4290521597245751, 0.630356524505161, 0.6490986453038384, 0.07228185479632465, 0.07633824332817696, 0.7864616891823198, 0.0969725735141792
0.7950303277389922, 0.5139772210031611, 0.5910228126796034, 0.6841755306542079, 0.5798843592500282, 0.40206302742120137, 0.9641258218145848, 0.8079658534178579, 0.4365764202494449, 0.05702096269761847, 0.49015817747908086, 0.5925626567421917, 0.4775684545885268, 0.5567203022642221, 0.15734562322293555, 0.43406470147840004, 0.5019971422687918, 6.16198308855953e-05
0.6161860797180819, 0.11383925020573837, 0.43351190391509875, 0.960099255205977, 0.6221738080990565, 0.09465139967404512, 0.9849499108687063, 0.7236488570392964, 0.5083657983484666, 0.05379611273692253, 0.023261066191149204, 0.11400291480114311, 0.4277635664014632, 0.9815849077953, 0.4775259043254476, 0.1660366184094435, 0.04486218481678805, 0.8863916530598914
0.961418488579253, 0.8732815031198086, 0.1361090761613224, 0.9802235825127005, 0.953614448348961, 0.8203295267820837, 0.4934354202393828, 0.5315797693398787, 0.07204496408990158, 0.6532880887616332, 0.10818448059757146, 0.305561024896411, 0.3334607405007117, 0.6370606258957423, 0.29575460279375343, 0.3655054400173391, 0.5187685482109955, 0.21037363941014964
0.829617069919624, 0.9078875237710521, 0.2528421938794472, 0.4018762902340638, 0.48502762731891036, 0.1359863200154764, 0.2895509368509177, 0.6158723963640989, 0.9148417085738663, 0.02303712797200519, 0.18890223902068148, 0.23734161967813083, 0.2066971054823179, 0.774590644945076, 0.09837476839905035, 0.31183485839353275, 0.6048379849256323, 0.22544450664511317
0.4798105358101915, 0.09616969306233236, 0.8939857974455447, 0.3277998522654757, 0.36394383147776344, 0.37790452038839384, 0.014691238934643858, 0.6022509746701136, 0.027398182213124733, 0.47846245254128505, 0.04160117837793331, 0.9494824498313956, 0.35032363240921494, 0.7849234025648253, 0.6066174542999544, 0.4715666199603622, 0.0831529193164331, 0.42278885877334527
0.4532509367953127, 0.23955724941979195, 0.3117761249341856, 0.6201626536335509, 0.5843579092828719, 0.5076366683546369, 0.23300646608518016, 0.8046225257125358, 0.04721869149761104, 0.35558514970879673, 0.3822982407561938, 0.9772358862789091, 0.3531067175919149, 0.9828309629964311, 0.38953269368770815, 0.6056682504480944, 0.23517990484232354, 0.27306148131862795
0.8932203209639532, 0.08550602057146539, 0.68902867801027, 0.8883498123967842, 0.8210772659155814, 0.7579917688486975, 0.24961289897454864, 0.9522284940892739, 0.3206873783786065, 0.9982840317599411, 0.49038573038543765, 0.4908567743411042, 0.25351966073222054, 0.5903410860921932, 0.13860973831365364, 0.15208795404045905, 0.2208099894136959, 0.5480824812027595
0.7359205619716342, 0.22527268629017694, 0.16981762657609967, 0.44353646624167176, 0.4394174469128085, 0.8554475099224859, 0.12795232042228688, 0.868483225442784, 0.44712823262278234, 0.10034523154493846, 0.75566396147041, 0.2415533822523458, 0.10835503087651055, 0.7853109603633686, 0.5834354017949822, 0.36141864979148974, 0.2497608902281473, 0.09760220379281348
0.20110053433118147, 0.966367384933198, 0.891624972073277, 0.05170197210647809, 0.11702546516628021, 0.8519742014066776, 0.004707827723717917, 0.7944869962362745, 0.6069341364373921, 0.0675337734503837, 0.05932089419201092, 0.019669447505015536, 0.15900842170663754, 0.5887025147703974, 0.02350632312753087, 0.1346182324612598, 0.35497359839620557, 0.9071076965802083
0.8631174840622082, 0.951337448918736, 0.9229060272589917, 0.27492271442651617, 0.6450743984756871, 0.8479455550047238, 0.22774695075619866, 0.5396349806750932, 0.4501328311993147, 0.5671922004082752, 0.27504124293954024, 0.2695251627654789, 0.3507359447099503, 0.8274860514748158, 0.47674398197870416, 0.24578800713568927, 0.07867298801356759, 0.8833993145607434
0.3572349112163362, 0.4467025189307433, 0.2974837138480536, 0.4471095059186534, 0.8826843401817109, 0.9984467353726949, 0.13740471811938104, 0.6705777594731875, 0.26183438978509077, 0.4701128027967545, 0.3246360349245262, 0.15607944858988, 0.9204162843202229, 0.9190503030164628, 0.7665280479839779, 0.4360428163930852, 0.4874231840811156, 0.4244995142673095
0.5848892758128729, 0.8678118401286424, 0.5528834688438126, 0.9491750101309278, 0.8997405596566518, 0.3789131688541798, 0.9346880050081499, 0.7171933986220947, 0.282655699480973, 0.30378632547140894, 0.9019306154132906, 0.4897122567640506, 0.297986408957722, 0.5096348507557227, 0.3728909458371461, 0.19233398932154722, 0.31602722352631907, 0.6452454200327463
0.18709717555205263, 0.8487715281027883, 0.14893991763883707, 0.3041711408797092, 0.6751829887921251, 0.6417789426898265, 0.05451463777282817, 0.8883876974426177, 0.41287264970463244, 0.32751164859669024, 0.17689603196384684, 0.6680447357917788, 0.31705129561101597, 0.8897311783215539, 0.9634997113153614, 0.038004549989066994, 0.2822204504798457, 0.13345715056313034
0.6156810528517156, 0.3433448985610623, 0.45969708606481985, 0.3878477446366472, 0.1784599770233467, 0.0044441656763728465, 0.8933447255323387, 0.8531074326038263, 0.2029483626498626, 0.24304635614533865, 0.1276585500015155, 0.306305753549192, 0.5094927113931345, 0.9960510735538369, 0.5588351918339873, 0.363784439021685, 0.05590627556667549, 0.41559300113800934
0.5796174625706346, 0.17054584993007116, 0.39240948312426893, 0.3313495362160862, 0.29976237496606206, 0.8423494913843329, 0.9326989739123294, 0.9375599121529219, 0.8536608414136079, 0.2514318098960642, 0.3064863692648633, 0.11508899665238659, 0.42892228226274676, 0.5819975867146302, 0.5550639915806546, 0.4770077458035388, 0.2643204372052923, 0.30471909198117975
0.4536255818160325, 0.2099668116401694, 0.7809497365321026, 0.4579213657668003, 0.3954313696339278, 0.9530770835715509, 0.6618619056092084, 0.9984009736196756, 0.3858309358224875, 0.46618035937976077, 0.326485777005012, 0.3064792153111179, 0.9008967370975914, 0.9312236421687334, 0.16197038422567744, 0.7917208332956557, 0.08602342611939895, 0.14189877685252938
0.9884484251744983, 0.09946523129104334, 0.04006488338724923, 0.6346823787123166, 0.13318531844649684, 0.39945369006894815, 0.6110663337971359, 0.7267845327683364, 0.09297275771071345, 0.1794764293379454, 0.6161614163630036, 0.13233450803085056, 0.4219612888474268, 0.7419866717755225, 0.29145564011384784, 0.6523510577097597, 0.35014882760660115, 0.47802339519501325
0.6817678284792447, 0.7165650427257484, 0.0027564992799916643, 0.7180936945289237, 0.6811731784673846, 0.3018263749258465, 0.5888157964858468, 0.9304870466557765, 0.025538489412981202, 0.20858610477412765, 0.6254079781022283, 0.07165430879232815, 0.07649482260965179, 0.88592401329666, 0.6838941641512059, 0.045020436162552246, 0.26269178767371626, 0.11779835469737554
0.17747135296546568, 0.5117868986192045, 0.3169914461005795, 0.7829819301511091, 0.4496202659926758, 0.25278782157775737, 0.0169226328357327, 0.6783821798050751, 0.40668319047561996, 0.018566727153285, 0.05933155175215499, 0.702234602786249, 0.03219473848772936, 0.811967653621424, 0.26457601465033154, 0.3785472383515813, 0.58842560474208, 0.12556969489383907
0.39294146823256093, 0.35977474911017115, 0.2823031331120137, 0.2915863365534802, 0.22094143953775536, 0.015201691766439374, 0.8185713847909268, 0.9874290496786683, 0.12967350810799072, 0.3903204433428281, 0.2859765468483305, 0.2788368981669943, 0.5060393962051464, 0.5006190882198442, 0.2810473012539839, 0.17716525146388684, 0.807650285796159, 0.33876216565492345
0.66295315811865, 0.15097582072180626, 0.9614688987725114, 0.19409281330964845, 0.0648942017196672, 0.5984470290833742, 0.7499261512942209, 0.8480717933390044, 0.765302126150889, 0.39355590813888786, 0.43831123509920344, 0.4115321225768689, 0.08255101220151928, 0.9279667046877033, 0.4629917490037416, 0.6659468162226267, 0.3018442294525724, 0.307850188247614
0.30857130493378493, 0.8574545509486179, 0.6034321848432411, 0.5969768182449822, 0.4820879440237984, 0.8411268000962475, 0.4311568143768051, 0.973144633834537, 0.35130562862556614, 0.9731373974769371, 0.38270130013841586, 0.03413959482423279, 0.3301338968597973, 0.690196361889637, 0.1526528677226331, 0.21031708326641496, 0.22085115541774658, 0.5765446586773509
0.9078620435342764, 0.7878506762231511, 0.2891883717818877, 0.9135503602301052, 0.6493842254382842, 0.8204003123521028, 0.08033884762573462, 0.7746988009126781, 0.6965259856210562, 0.3612436465805179, 0.16300669757182096, 0.20205149418207657, 0.36621181856963925, 0.7135799099405368, 0.3902390491883434, 0.35482179277653647, 0.8067145812062877, 0.4228525373238289
0.38945994307015985, 0.64381956921716, 0.7610588407102523, 0.3641197237167366, 0.661079849361105, 0.7805918306821598, 0.7817279723610656, 0.5909970271611548, 0.27182742750051636, 0.43838414654354807, 0.23639299357629373, 0.3460794611923922, 0.9212990951812765, 0.7148589231564343, 0.3105031453508572, 0.17763165648447132, 0.8326640733333218, 0.3492920886656945
0.754453895350581, 0.4478387802554833, 0.4851319547563818, 0.11184072986399884, 0.09426345718602513, 0.9265912599502518, 0.677621521941768, 0.5272050570920844, 0.396693896257154, 0.2336542021553909, 0.13987008904534814, 0.6175545337184425, 0.22541976801811947, 0.941847695437244, 0.39503117796172305, 0.24075321689927132, 0.963706593780986, 0.08404779465648093
0.9323352287842313, 0.8719722949297269, 0.9924523972256487, 0.43647131240135495, 0.19351035309654552, 0.8808227430062849, 0.9327037225440769, 0.7508993977189317, 0.1600358786254079, 0.37521146989687437, 0.20769862632777603, 0.8215848477400933, 0.4866321103220107, 0.9426156122484365, 0.16895788514867005, 0.23147605728923393, 0.572237499604131, 0.08091253085659111
0.31785134426420836, 0.08111969748307868, 0.5273757311469176, 0.9760194970474683, 0.4760504496251251, 0.4509645704091255, 0.6801929410639553, 0.5373643614231877, 0.07022935295675137, 0.3803791175302895, 0.2956027510612893, 0.35847813980620524, 0.5074992797729585, 0.8019386779812209, 0.5175704987856977, 0.32726907542700157, 0.25325283435670964, 0.32004180224038115
0.05368421081777808, 0.08886297271797461, 0.9580201935431465, 0.017604264631369215, 0.06686205632565645, 0.6111684691169117, 0.6009967434181294, 0.9041135384287721, 0.35292251305691846, 0.5522326773440578, 0.46504018690351157, 0.23961982230452816, 0.102666424041851, 0.9473367536855105, 0.2721356752397607, 0.2851000894349013, 0.8595669435160019, 0.04930633355821401
0.01124415405351753, 0.36780495436127847, 0.3769702427725621, 0.1541424375243493, 0.5539735128134453, 0.40414150530186155, 0.5068544884243494, 0.671985439283903, 0.16815785051419052, 0.08843420979862782, 0.4282200389576901, 0.3250430246584176, 0.7563543243855599, 0.810121081809958, 0.46282526832706894, 0.6394901556447177, 0.1378298606545173, 0.3322788463450551
0.5094462104937644, 0.6620002372186994, 0.39375960181306047, 0.1536912605819465, 0.4172483819561654, 0.30892743806689926, 0.3932566138287741, 0.9183863172493567, 0.05241717998214912, 0.6495026123207155, 0.32492051020664714, 0.024019447952725592, 0.1008978212512267, 0.8757205755813916, 0.010774745864949531, 0.46100949374592093, 0.039329171246054395, 0.6275831752602118
0.423503481887197, 0.5795280328573131, 0.6934880519614207, 0.3383460013539408, 0.20880983790277285, 0.8949746939822055, 0.8689638504094085, 0.8324981257806519, 0.19509870154627484, 0.1193466625214874, 0.7768268358013971, 0.27113721126638024, 0.1433161518671705, 0.8368533923504665, 0.4035517834649127, 0.05738970132422294, 0.1497093589328632, 0.5895296066186373
0.46197046154472055, 0.6086712827100376, 0.49838610651855075, 0.35207283931639977, 0.1319774263355583, 0.7324123482344147, 0.434077913886448, 0.5463951536807297, 0.24587716439241758, 0.5273190927961113, 0.0013223805259043875, 0.46631198900490234, 0.23034068272402675, 0.9051788117300312, 0.32317448287928385, 0.9201286576400847, 0.239258948355921, 0.15717915232867907
0.035377420664486015, 0.26741203813450765, 0.007435628966162455, 0.9549726333966507, 0.9248405126114735, 0.15711397984175302, 0.0859457797318931, 0.6096807026695318, 0.09796256172484252, 0.11428535504528703, 0.4744564563820034, 0.17011815684511755, 0.734492915195341, 0.8114933743118788, 0.2493805645662447, 0.4853898942480448, 0.3688846798741683, 0.613743514225303
0.43557084738171137, 0.9981896975280315, 0.8323394700322589, 0.25648954155270876, 0.5762368252123146, 0.45010284802110634, 0.2988158958734871, 0.6705056973051323, 0.31202224970070946, 0.4798896667113808, 0.44586105714428237, 0.9884305402945582, 0.20638641065428376, 0.5282057335400278, 0.7338855722821767, 0.213665202779033, 0.2472221002590399, 0.24066195371863752
0.7912223993879751, 0.7903328035034652, 0.19628313499413508, 0.508535099909724, 0.007775053358659245, 0.5147607663889625, 0.3088312637528162, 0.5722455213586574, 0.46463719290068384, 0.4478039168269652, 0.8995082278307205, 0.021359858764193884, 0.42184577735452267, 0.802734742026666, 0.045239846598339906, 0.41607569527290766, 0.4637337787995892, 0.8665217712583646
0.7856081282260512, 0.4389919683841832, 0.7519989892229876, 0.14056011229799914, 0.8885814577437304, 0.643728989600818, 0.4679771085074844, 0.7304300214765386, 0.05726722014870578, 0.45200098962040913, 0.952268838234818, 0.2697870997626335, 0.34492282196432067, 0.695746284394466, 0.04629640259473866, 0.9932174739638355, 0.21210341394896703, 0.38710622436604747
0.9067530770117502, 0.24716109667328579, 0.508605352574609, 0.6053041542410218, 0.7949914205363177, 0.677262360641115, 0.551863416693692, 0.9377850792491625, 0.16669186922000045, 0.46758563507371453, 0.26636878775346495, 0.7119472913267588, 0.33520526554155106, 0.5950738413036073, 0.10144527580902518, 0.21430564082395942, 0.858229630607123, 0.4366235623767476
0.41704161056924205, 0.33395987456775167, 0.8587488498997538, 0.15749159618959863, 0.26381007040543114, 0.2439467989132693, 0.311226732549318, 0.6104325646222662, 0.41737809108912305, 0.191224699944181, 0.6557370754147125, 0.4761494286574012, 0.0061153583105511, 0.7723296482910625, 0.22599979738892895, 0.793916676200656, 0.0634801340264528, 0.0788429644540789
0.03469008121075745, 0.7873092047443762, 0.31336953241207366, 0.4130944591561633, 0.9690380043779463, 0.40004625124504367, 0.7962656232511512, 0.8617402773470009, 0.27220334079174935, 0.45931827595545915, 0.485109440574809, 0.4172149528479838, 0.9982966917822241, 0.580434150021653, 0.09166974357111257, 0.21827401617081077, 0.9291845567005799, 0.2843594625382113
0.1761523244458646, 0.2784860790655651, 0.4983344563735199, 0.8301895747989321, 0.7578023772728387, 0.18128004498076045, 0.593335275230845, 0.5201269204974426, 0.2302151444642747, 0.4742826216496666, 0.751417640716466, 0.29954901584725424, 0.02864833114825005, 0.993611020445165, 0.2562588440435106, 0.09263016956674308, 0.163813640436829, 0.7073625093359188
0.354153840104136, 0.897972455720631, 0.4423900032947703, 0.9151734188329291, 0.16455445522689816, 0.8397534176894593, 0.8083857017898253, 0.9207668061648057, 0.5274315901897316, 0.12078861957832931, 0.16893436067999212, 0.12131527511880857, 0.23409089548238027, 0.6842452810684616, 0.04645100620921927, 0.12698262140606587, 0.7532608189083692, 0.42238215627798636
0.8572263675316735, 0.35012211033027285, 0.3476415723188825, 0.1107163629791964, 0.8424618712687126, 0.6681587125555549, 0.6935382482592707, 0.7570747032305047, 0.4734819754198891, 0.29320528922024924, 0.2546200471227015, 0.6721792230938611, 0.4176400108838074, 0.8041207537792449, 0.19637355403434087, 0.054142090508719765, 0.17782237101959242, 0.5875680146136395
0.5729931438101471, 0.35981652447606205, 0.9183643555690566, 0.2950610858291105, 0.9415792309007021, 0.13013728124699475, 0.16719792996585559, 0.8080301473537632, 0.4597689404241513, 0.20943797482334991, 0.6680484313379338, 0.19765496020186313, 0.47026805208510325, 0.9211582674614596, 0.2805674234181401, 0.5719253670325108, 0.3121064107525878, 0.06876618007249136
0.19979058992184429, 0.9401999299373772, 0.03226081831011396, 0.6473526763984919, 0.20368639698911772, 0.8465337588743607, 0.3688563797506398, 0.6618214472413473, 0.4956175707806514, 0.01785598866355398, 0.12865133734964385, 0.9239324969983489, 0.2732485504103602, 0.9218794132045408, 0.10996110259081249, 0.4828767502304553, 0.8387628769715704, 0.14141140047629597
0.6828737571320855, 0.38406574349040057, 0.8662562496830734, 0.9838585064514427, 0.750674726311708, 0.6552461517023445, 0.3941005354733511, 0.6386104735902183, 0.029190874823390445, 0.4301031686823278, 0.8229976829746856, 0.4042749149359458, 0.15720498974567243, 0.8502021577460224, 0.22093126517149608, 0.3040007014104271, 0.8713599518227699, 0.46341879741923986
0.909286407817393, 0.5298502848820293, 0.16315456740973455, 0.8009772496794889, 0.15790142336309798, 0.09359120264983956, 0.2553676721439746, 0.9927384130922978, 0.4539281204664274, 0.7813889773594408, 0.4192913219786629, 0.23695865617929113, 0.3371057814966818, 0.9285551383517946, 0.4567746335624897, 0.7710397239878932, 0.18217075820166984, 0.19232024947435122
0.2818964506252829, 0.21579036951028407, 0.29594011332766756, 0.3350227567213079, 0.033534994647775984, 0.10899141390934186, 0.8405224380251051, 0.5188280848846143, 0.8559342687042286, 0.3096323644193105, 0.21684075335178832, 0.1294540225818781, 0.4728996995055914, 0.5791079930273355, 0.9605124421750266, 0.39013282099996305, 0.06010903467481532, 0.032156643825573816
0.44892877639817574, 0.8892715304985799, 0.08567138235984939, 0.028704404713111864, 0.5023968242540049, 0.8302526628520515, 0.7994412219567852, 0.9633145377820695, 0.37502668381265136, 0.07124676340123459, 0.47830740247675585, 0.5905081015025129, 0.40604460958121835, 0.7929239200056505, 0.4144879160769225, 0.4473254850557614, 0.16293601312735473, 0.8433161147855398
0.29991283836530547, 0.38271982472747657, 0.2044650692553599, 0.17420416795080362, 0.1486517492857652, 0.6283828329767972, 0.7039132064509753, 0.5330252704773548, 0.8019797084413718, 0.43287626849459226, 0.23002632220032238, 0.1109645635809684, 0.046504323391071356, 0.6320528081999531, 0.2438773937101284, 0.00809089913256078, 0.16280826216726751, 0.5182935763204343
0.7531532561575632, 0.8491947302365638, 0.15153683100199455, 0.17914582424800385, 0.22524317599399768, 0.40620192664856813, 0.45850714069774656, 0.9384503430179558, 0.39516355296616057, 0.9279778897076384, 0.47384880193314316, 0.4020557819102478, 0.3480181641825688, 0.9074378918583521, 0.24085009151665526, 0.5510024511363488, 0.2711066035250226, 0.4664897576670102
0.6636491321444904, 0.6867765047812927, 0.4841527772373616, 0.6617054740333584, 0.38621528006699657, 0.7503750607011214, 0.32229766880132527, 0.6387726322629593, 0.23123962033453238, 0.09518777773798592, 0.3310867127015844, 0.5888704153587063, 0.33396946438559016, 0.704155558480663, 0.8836503551508733, 0.12720855798123198, 0.01477828964670802, 0.45065031848680437
0.9491170039919624, 0.39052484538214893, 0.6703393667265977, 0.5856952819153081, 0.5423299991997034, 0.4636136900082497, 0.5220104610459164, 0.7471576954287026, 0.017738825244858702, 0.42594043338951104, 0.43564141357806996, 0.8345622000113457, 0.42006503219947355, 0.80553644164847, 0.2693960549304163, 0.6666066647860396, 0.1917411784496721, 0.27228882459086734
0.009816223144029634, 0.5286438050728753, 0.7448286562188905, 0.47015023781634313, 0.07261737686110525, 0.07632981552561591, 0.28546713672183566, 0.8825315442898841, 0.4771729211723693, 0.37556491522702784, 0.7108448324292856, 0.12965062536383032, 0.32368003950300883, 0.654907299097649, 0.9443374369474092, 0.4681874152273685, 0.22551125991858012, 0.029021734382521203
0.7033046883880969, 0.4623586612962408, 0.5633818189633867, 0.03577240892388145, 0.479006262351344, 0.3949217115906224, 0.48235986499637484, 0.526572487748661, 0.472730856305005, 0.3170140688089005, 0.5852399040517695, 0.35828116233594276, 0.3932085361195451, 0.7481817525907642, 0.32989868207364637, 0.11498506207084402, 0.9701705813129122, 0.15425112275427344
0.2632969090740993, 0.38630220695229556, 0.08932440666097241, 0.46862462597024657, 0.37369406093616275, 0.7678477637673695, 0.9161679975230622, 0.51922466380094, 0.09541194770968231, 0.2465786680048735, 0.8288524258827947, 0.4307232007754661, 0.4469260565325808, 0.8401386808639227, 0.40342437776373286, 0.5965429811975755, 0.3421538239527754, 0.09440313293351599
0.6401190406198668, 0.7967493069498182, 0.11851653056620848, 0.9261333031534157, 0.12332043949080296, 0.29542300810913635, 0.6594081576598814, 0.6632201118123339, 0.29725438872424403, 0.581389917422056, 0.18738904068296647, 0.4172439840611488, 0.23539914200208512, 0.5353649536196115, 0.4522740397675852, 0.7764750097391699, 0.12039926487129338, 0.43981528708543083
0.5905120380203148, 0.2956313020894854, 0.16640380925771847, 0.23897798981326646, 0.7395449831196208, 0.14814551355041783, 0.9906168560130458, 0.5824477958532867, 0.1933279970572802, 0.16240405424829762, 0.8567893760714632, 0.38205468854489055, 0.06264750408720576, 0.9493739546933403, 0.3912035547033752, 0.3193249664634228, 0.8344611827261753, 0.15862625672006703
0.9121478661075635, 0.07075374200719087, 0.3776454582357869, 0.92749078133056, 0.40007997754373936, 0.8347991551008916, 0.2843437256323318, 0.7466110931009056, 0.4274784111988783, 0.15155810477462706, 0.4808936050145505, 0.799138572491181, 0.23398003878400098, 0.5807852270569788, 0.4645349875086553, 0.14424926053257003, 0.8850962471340305, 0.44687272918284493
0.9935778199632773, 0.7803973819334672, 0.09450176319742887, 0.6699171260920038, 0.4761356120752601, 0.4365873271430277, 0.9020805212819277, 0.61163330123582, 0.006603261821568229, 0.25315473682770684, 0.0844521341618738, 0.19022434781486242, 0.9804155973921678, 0.656509383393251, 0.10527515593377967, 0.6215052563135586, 0.036165467541052654, 0.205643230279827
0.9128265525617298, 0.6503336471926936, 0.022447313435543514, 0.4856657233750299, 0.9337516975559628, 0.4820921020752793, 0.9904911397966125, 0.5653104262809489, 0.2475837049804428, 0.6232612219299737, 0.16027369089561327, 0.06797166188410186, 0.4280313463750558, 0.724715600120405, 0.19176608052012967, 0.4134410535096745, 0.22763566616595432, 0.9144995944839024
0.2698884368127734, 0.6110957542407544, 0.18215787968291108, 0.4419469893777307, 0.9412711125940568, 0.20963641502871255, 0.8681547752045761, 0.6939040823583057, 0.12070767067497212, 0.14432252198117068, 0.2903838824950412, 0.7989087905503247, 0.20068136194426334, 0.8282733130062779, 0.16148378932870489, 0.6759080068178143, 0.33164302462675865, 0.12167192837608576
0.7558754541136277, 0.13599162280273325, 0.933022946158033, 0.9693398086031041, 0.6775648878762506, 0.4118643264802504, 0.3877953929331367, 0.7508819123178366, 0.6739536385544816, 0.319303806706403, 0.08895304816380567, 0.3975614269838462, 0.24573060010831516, 0.9718759893624088, 0.05580643719256739, 0.3536262850148618, 0.5051600636206856, 0.29643144138664834
0.3115977733155304, 0.9719780749131978, 0.3185051681963115, 0.5944648355692516, 0.31103303331268783, 0.038592101934138534, 0.3732453626078709, 0.6924058606639376, 0.3198540897669564, 0.5244623421971473, 0.07551181977073107, 0.4322325859731595, 0.3970497774309105, 0.6646793220542148, 0.4318530902316713, 0.49833691417822656, 0.11133186845722454, 0.7729564017917276
0.28615230294317395, 0.15689990365116147, 0.48910031680395094, 0.557874647749816, 0.4610435595774076, 0.8309868155809279, 0.25772374970886613, 0.667126433318343, 0.37623524079429727, 0.33284228121999737, 0.8290944607081812, 0.09302832192309352, 0.4305464288767459, 0.9331994957874777, 0.10046517293749568, 0.4334172412603141, 0.22361599252410203, 0.692734595389359
0.17195436851157364, 0.23685400070589568, 0.797269126280167, 0.9408076782964783, 0.6332781917523919, 0.8758622817058939, 0.5793899562844413, 0.7319887269264747, 0.7999650206904181, 0.12245489664913423, 0.49674002090317504, 0.1859833897239076, 0.13169530200971125, 0.5178361257422439, 0.4476969665568189, 0.2043266831485182, 0.29082767390384334, 0.6932276420657405
0.2784791092192782, 0.5600611206399678, 0.8208454196171036, 0.7756360502648735, 0.7089820840922778, 0.46295193591229555, 0.38220402252095487, 0.8635528903219757, 0.27959287242685105, 0.19388094736483552, 0.34898278710737907, 0.844838008242658, 0.11386411883308944, 0.8140661459353068, 0.5807241187709123, 0.027872462987692637, 0.4430222565316382, 0.04503540798177064
0.37035103703788197, 0.20314932853185064, 0.4113549102855867, 0.9771154908460574, 0.2732531564821814, 0.8539895284955703, 0.5784477842988516, 0.8339749958194802, 0.009870189666740137, 0.8809743692543203, 0.32184957165229167, 0.18883485800313693, 0.12026054100322625, 0.8521052216517345, 0.8554916215138549, 0.20514777974608778, 0.06825548084020239, 0.054048622723301354
0.4275498978918918, 0.3988055977462104, 0.6170335341846548, 0.3897260619991808, 0.13894358623570702, 0.17489708844183904, 0.1456322606246605, 0.6218947369613523, 0.5236748283072479, 0.37076191586639706, 0.49313829096207284, 0.292229282360304, 0.38556788092406735, 0.9823889803410649, 0.07592633054158726, 0.5758511603902682, 0.10304707296595728, 0.48725985874001754
0.9267692137443976, 0.42772183568545674, 0.7516445826445923, 0.4479217974434625, 0.39899597521370234, 0.46601682030741265, 0.6448377480452362, 0.9391705675655625, 0.5615051524188828, 0.11007092801685092, 0.02245764844987519, 0.22869326946863666, 0.4584317797968511, 0.5475818526551772, 0.05396354534081027, 0.06871722621785137, 0.7596277839259387, 0.21820113776019423
0.6452488376978529, 0.09652509772724338, 0.4861985272082344, 0.32713086982675255, 0.20863000032254042, 0.1167484058812327, 0.03322065267192287, 0.5535987646196632, 0.1612089062228962, 0.2200778401435448, 0.9662536362568231, 0.24107305270169244, 0.31479617573331753, 0.9370870628889286, 0.31745724388583274, 0.3182352612685425, 0.6127164139723272, 0.3748846225475396
0.10304272464279296, 0.8059786057527568, 0.15335273964442786, 0.7663794775351406, 0.3034929413294294, 0.8140484552646791, 0.15037984609660926, 0.5245671404795169, 0.9267592849990207, 0.3567523802374354, 0.32127763115009167, 0.1480375014445422, 0.08707655611541432, 0.6651854223085512, 0.06742870329474848, 0.3323419325802909, 0.4225206478626494, 0.8822238806453709
0.4165519268245339, 0.6184514978939906, 0.498186799640721, 0.2681510323882421, 0.4142113349008024, 0.599609323619794, 0.977558334388471, 0.5610791983451897, 0.04928565614699698, 0.02264070768923021, 0.8663063018395786, 0.3820649887707305, 0.3646124320234716, 0.8138187392553018, 0.264257006753728, 0.12636009258977887, 0.043408914249226216, 0.9781416879920103
0.6094831640548243, 0.6628815325993622, 0.3194423672148139, 0.27354863984165234, 0.15928518567898486, 0.5882743275596588, 0.4087059742901219, 0.7443309785122015, 0.15172918471706187, 0.3927576121245584, 0.30763794215340956, 0.8395276452345789, 0.40963772082864225, 0.9423599648141547, 0.9560782261819537, 0.28893567100331496, 0.45995139905109195, 0.35477846475390096
0.07254489372060591, 0.5764735001411491, 0.6575860110726326, 0.6212101993367584, 0.6633255475154113, 0.47949972308334887, 0.30726920440852257, 0.6005868900113501, 0.11033011884017374, 0.4027386743398841, 0.21298680511787516, 0.6214340865754502, 0.47770492582103674, 0.7642109968877764, 0.16570728672237234, 0.03640515005011247, 0.07746282222540934, 0.6014125491051013
0.3537,2.3957,39.0639
