0.509568725762, 0.519583386971, 0.743805678579, 0.671094779496, 0.0532644874103, 0.374237666934, 0.878792712404, 0.893858239297, 0.20836556314, 0.122176261573, 0.926809025865, 0.86010113434, 0.251742460585, 0.512900523559, 0.908895961357, 0.702101710613, 0.536445036059, 0.549275686654, 0.717487058855, 0.342086016242, 0.653444306118, 0.734229636514, 0.650460308224, 0.711975772001, 0.468745124646, 0.776247308816, 2986.0
0.884785121716, 0.904460309066, 0.62377432128, 0.222860584681, 0.991485779397, 0.562955444827, 0.506774645304, 0.27705857413, 0.708560870913, 0.615457578933, 0.579415378031, 0.995240772178, 0.234340541455, 0.672800728991, 0.594862541212, 0.522087857756, 0.889999362382, 0.767042291266, 0.762919638622, 0.46332324986, 0.694623025644, 0.502805672754, 0.851452316902, 0.5067755958, 0.0140570885709, 0.961112930718, 3185.0
0.728466490344, 0.58075209744, 0.561331958781, 0.506268301356, 0.196438544677, 0.746259543448, 0.04155305862, 0.188764578586, 0.805737785063, 0.0891674122675, 0.572038956333, 0.149962281596, 0.829409108318, 0.976534816181, 0.942584706557, 0.993810521535, 0.940809137023, 0.712522959085, 0.574984520706, 0.22160585026, 0.699059765869, 0.618030743677, 0.581999794108, 0.821429896992, 0.173818110838, 0.476658890034, 5207.0
0.69470385296, 0.58148566031, 0.536914697962, 1.0, 0.0, 0.370593146551, 0.0, 0.475206630764, 0.443774655079, 0.0, 0.834539760418, 0.435638643999, 0.945732610379, 0.678538506706, 0.986757765509, 0.133601367216, 0.881312402048, 0.791035271602, 1.0, 0.454757552503, 0.974150804804, 0.974068161586, 0.70894239555, 0.203143453909, 0.564023852572, 0.0, 14694.0
0.825865520394, 0.654371813217, 0.969861695021, 0.780242907052, 0.28369695676, 0.873064439885, 0.415056017632, 0.634576842281, 0.141962729161, 0.484198746507, 0.927862460915, 0.168393676673, 0.854637936152, 0.892972774078, 0.724813011604, 0.794906226996, 0.568778778429, 0.977296270317, 0.904631949323, 0.933105355038, 0.976988878761, 0.967517777465, 0.928539731034, 0.315106739489, 0.737102363, 0.0733810890025, 14694.0
0.772701201692, 0.624570153616, 0.637253080425, 0.965587157826, 0.0340473189083, 0.67458762622, 0.087305226618, 0.0330625343122, 0.616472696704, 0.532095395662, 0.595085681674, 0.411641999176, 0.526648655861, 0.720516116268, 0.684507189297, 0.409866118368, 0.926645853977, 0.571698303618, 0.917028269383, 0.371679009302, 0.898841885661, 0.723554971293, 0.766420707915, 0.703650596546, 0.0571496078163, 0.842461339734, 5390.0
0.917958318015, 0.613819931377, 0.581729071814, 0.468179294288, 0.523103213435, 0.598026578106, 0.549191742701, 0.747338353947, 0.0687289287237, 0.372416707825, 0.942427759621, 0.819738994222, 0.398717127158, 0.965354268108, 0.890235432412, 0.334271279464, 0.797986362673, 0.996200568656, 0.94972646877, 0.110085789767, 0.416869664591, 0.263757255521, 0.238997846023, 0.470329343069, 0.342780609814, 0.10861738637, 2986.0
0.7320989859, 0.588615947078, 0.63356948333, 1.0, 0.395335875544, 0.140497170336, 0.316950829105, 0.555387799306, 0.924242951016, 0.2900581306, 0.847052115673, 0.438253865066, 0.633044618516, 0.546773578346, 0.694357377271, 0.371307922322, 0.555536002983, 0.617734923084, 0.933263811653, 0.0, 0.432216090453, 0.0, 0.0312283058057, 0.00570709654534, 0.0512455221519, 0.70060222322, 5207.0
0.63476986982, 0.828981026302, 0.512985608298, 0.501924351164, 0.311542721746, 0.995595513435, 0.485952239994, 0.819803080052, 0.357180130956, 0.834275225653, 0.713701220186, 0.407779656856, 0.577650704687, 0.608382397751, 0.817740501838, 0.579675821802, 0.715339718396, 0.553444326499, 0.552027498159, 0.614745091698, 0.774810028377, 0.544404471591, 0.898808508596, 0.837578974422, 0.119002979018, 0.724975534913, 5390.0
0.526637029398, 0.576700615037, 1.0, 0.786171707002, 0.0, 0.250575720823, 0.26543761676, 0.469819871681, 0.983188062275, 0.0370225130806, 0.560271881558, 0.79710780273, 0.459245786831, 0.964774338948, 0.904946446682, 0.349477497942, 0.639514533224, 0.776256119186, 0.70322127826, 0.105065970322, 0.756451717713, 0.939545798515, 0.834361541535, 0.255058336575, 0.623786612793, 0.413379376587, 5045.0
0.728857672065, 0.627222295769, 0.994331117277, 0.541298247134, 0.459052063954, 0.963513062323, 0.795258761229, 0.464553002366, 0.978796989374, 0.243819022857, 0.564923949163, 0.654138716771, 0.351088608388, 0.795958008767, 0.968711528708, 0.992386126019, 0.562387159649, 0.708749941212, 0.838082704842, 0.844104208167, 0.50499345475, 0.795852625665, 0.526037462827, 0.0896506862897, 0.688187816466, 0.464224158355, 5045.0
0.957661785416, 0.621478857759, 0.879944862321, 0.829405790126, 0.436788417382, 1.0, 0.328145606951, 0.493822666002, 0.793181872436, 0.362621287305, 0.570455711175, 0.661062637604, 0.124887204347, 0.857808813502, 0.752515328219, 0.572855407692, 0.96483826206, 0.727518011043, 0.752667674189, 0.899319541744, 0.949163012107, 0.991205174752, 0.635921602486, 1.0, 0.0, 1.0, 3161.0
0.70276386224, 0.634364648764, 0.778095343854, 0.930429696748, 0.122813204482, 0.0142326543819, 0.197654876723, 0.596460053018, 0.854942423231, 0.472343278538, 0.749157077055, 0.643037892366, 0.400393586008, 0.685049039144, 0.590696963504, 0.560772167307, 0.852519118522, 0.95849393357, 0.615193736378, 0.849568526641, 0.445914234264, 0.177601682544, 0.234708301718, 0.425229514911, 0.259934514129, 0.115799666564, 2986.0
0.605075995701, 0.571014538742, 0.507703593566, 0.723986117219, 0.0567748667181, 0.814704864318, 0.43044968837, 0.214961599438, 0.95727841173, 0.770043244612, 0.926969832333, 0.114291982461, 0.571242548481, 0.950433096495, 0.739499650545, 0.923674938186, 0.547398374603, 0.850053445463, 0.997786796182, 0.339003214433, 0.117717593413, 0.462832112353, 0.131980781376, 0.142012618932, 0.168022977862, 0.993456238207, 5365.0
0.952830228041, 0.583255199694, 0.822389712561, 0.622617050167, 0.0229804918154, 0.639942942407, 0.408580763968, 0.247176314348, 0.388250976127, 0.389958538694, 0.670261608009, 0.217606579933, 0.763716586442, 0.611904363025, 0.71826076001, 0.815571488206, 0.780440903754, 0.843056829599, 0.799194682719, 0.0435299190946, 0.449503417256, 0.045338965691, 0.488760388998, 0.444986158204, 0.462295892622, 0.330400797416, 5289.0
0.74121295698, 0.854349474546, 1.0, 0.61334485165, 0.471622374716, 0.429805718298, 0.0205691579518, 0.491933638399, 0.82676276389, 0.023880467739, 0.661058558098, 0.00940262626904, 0.615923984233, 0.58248508717, 0.846360540303, 0.693544405903, 0.642179062804, 0.884100207649, 0.820538223599, 0.774410216854, 0.711059187686, 0.535799622678, 0.543309737182, 0.527729078803, 0.490123363622, 0.263014576853, 5207.0
0.528390542821, 0.715899737867, 0.73876138398, 0.825260401117, 0.45650012041, 0.257470153946, 0.277833760246, 0.0220143443564, 0.288740827629, 0.779304151848, 0.759655546349, 0.225643666818, 0.788247081575, 0.976573321496, 0.672770774005, 0.638004859974, 0.666468450786, 0.877480681044, 0.878711796227, 0.993552099519, 0.846036607923, 0.952170211459, 0.902593825935, 0.8593203122, 0.054823675099, 0.110053818047, 5390.0
0.642687012639, 0.597504412121, 0.734854311227, 0.631835584855, 0.117942428196, 0.0094843756708, 0.100250016476, 0.375905414028, 0.830014301428, 0.926875850135, 0.74976841954, 0.263294792086, 0.906594521616, 0.993987595966, 0.832891159148, 0.414971915832, 0.867879904733, 0.902876443564, 0.615617396649, 0.266452361128, 0.625362128757, 0.684136556557, 0.878578549828, 0.977336077926, 0.147362763269, 0.0916980791126, 5390.0
1.0, 0.699845515336, 0.815331845573, 0.846777906891, 0.173820028476, 0.847297694449, 0.591785366722, 0.824314590929, 0.0, 0.329890324907, 0.602959006056, 0.46687735398, 0.558770557107, 0.841971049659, 0.563851103605, 0.587846063278, 0.814557257926, 0.953999056728, 0.962579273258, 0.0427826883943, 0.618871959513, 0.971966157458, 1.0, 0.105806646851, 0.610357797349, 0.292028055084, 14694.0
0.618858664961, 0.806688689147, 0.631983293624, 0.666691082758, 0.218407084726, 0.512745743112, 0.301992683548, 0.856491936655, 0.409289315737, 0.599165433418, 0.702633970157, 0.904169997288, 0.0876300720512, 0.986953070886, 0.732592639819, 0.72493780167, 0.730326842906, 0.943354486154, 0.617284519182, 0.485285794413, 0.735785002156, 0.505753960366, 0.637774173388, 0.0599070333639, 0.838641479072, 0.88557254361, 5090.0
0.801541471559, 0.50998385841, 0.750848821201, 1.0, 0.263258553482, 0.694718910992, 0.573619537019, 0.664476447608, 0.172827376451, 0.177999941056, 0.518228430623, 0.192734697386, 0.818413357446, 0.612830760739, 0.83373280033, 0.980426741014, 1.0, 0.828712792836, 0.588312910872, 0.325007410414, 0.823014061107, 0.822799084855, 0.784649632015, 0.363968221491, 0.594368906342, 0.0274724044693, 14694.0
0.99012555372, 0.899910217877, 0.559611224731, 0.822523620291, 0.339465419988, 0.649337927823, 0.711634698174, 0.745751946616, 0.191956850298, 0.018350904872, 0.835387861386, 0.286365290119, 0.885556244502, 0.975241636217, 0.888478571059, 0.695353101985, 0.726976794418, 0.777800097836, 0.617130251891, 0.903348814457, 0.51962072037, 0.725581462529, 0.925088241063, 0.0491001671869, 0.532276077505, 0.803987618274, 14694.0
0.526390041303, 0.646700295864, 0.736083490077, 0.856423027465, 0.477694759493, 0.89159968271, 0.989783482453, 0.162228916139, 0.906303767242, 0.937868890978, 0.598856264617, 0.793118543737, 0.324856596862, 0.789999544422, 0.851577087894, 0.414998531922, 0.512202933494, 0.885724437739, 0.974292343186, 0.200231728721, 0.256493582277, 0.320777072977, 0.0168688026221, 0.0979545892477, 0.0, 0.0, 3216.0
0.633838932708, 0.55460121616, 0.643138387502, 0.644620636391, 0.279464994603, 0.742384248187, 0.468529965726, 0.723519866736, 0.130748828761, 0.169170664296, 0.632040476193, 0.0165011300564, 0.826129535889, 0.506172740091, 0.629760576627, 0.810243473765, 0.942658167787, 0.602886593537, 0.516984980904, 0.261121361707, 0.944151842682, 0.922463536668, 0.746335319054, 0.434563710047, 0.787326181468, 0.650515041114, 14694.0
0.972636743594, 0.943407296308, 0.546078327077, 0.0617650446666, 0.736207912125, 0.862335851417, 0.587939499033, 0.409766464212, 0.649298022554, 0.0163754456551, 0.5783240704, 0.959602700699, 0.183635810747, 0.930785110224, 0.987868153962, 0.710082527204, 0.905004347875, 0.607997963373, 0.802485809094, 0.973973145813, 0.161302327363, 0.247525321542, 0.481210748484, 0.0323547277621, 0.421736102128, 0.803132277248, 3216.0
0.987218990547, 0.783562667796, 0.554189017835, 0.84451868699, 0.284909160569, 0.0884051850234, 0.989259794754, 0.791778546012, 0.315215825151, 0.799193932535, 0.915448479722, 0.234344533542, 0.530627917484, 0.794362674168, 0.679268296877, 0.869537057922, 0.73445361359, 0.893873315669, 0.639396574728, 0.704327806413, 0.432555117082, 0.455688518903, 0.295412041028, 0.337452482602, 0.323552932647, 0.577010962997, 5365.0
0.873066211638, 0.820576794002, 0.776056450668, 0.220826131712, 0.977795652076, 0.597186234515, 0.882666406805, 0.429541823968, 0.959098713869, 0.72354394374, 0.71705807617, 0.636421982598, 0.252855679874, 0.565910783621, 0.765335294077, 0.132964314074, 0.629043041767, 0.812877180992, 0.910772019853, 0.24486752488, 0.42099423089, 0.0875174250882, 0.0691347632316, 0.240140549819, 0.187173527443, 0.687138491199, 3216.0
0.600189910664, 0.950175977672, 0.525647109206, 0.598689433813, 0.00984525217749, 0.0553508010927, 0.462177200638, 0.339676392195, 0.89651443693, 0.204685154119, 0.77149266483, 0.108888346182, 0.639386067314, 0.603666023427, 0.782975495627, 0.0840091799054, 0.977151575534, 0.58086772529, 0.706229023166, 0.0, 0.233971128793, 0.449509244898, 0.438644196746, 0.431736112676, 0.289498620858, 0.36638774875, 5207.0
0.508406176069, 0.894075414924, 0.91683513547, 0.951008239725, 0.331461631943, 0.954547463994, 0.906301113851, 0.485087804775, 0.75436014074, 0.202003107347, 0.874799875094, 0.0990642514554, 0.896471378831, 0.865035323099, 0.906500194368, 0.477520151819, 0.893108552154, 0.594432774173, 0.883995947006, 0.115503145731, 0.554334771615, 0.9182357435, 0.984012350677, 0.309914668932, 0.667604032242, 0.377193368338, 14727.0
0.808123994611, 0.547146996532, 0.989225823943, 0.982351984274, 0.193952955473, 0.171695827728, 0.0435570174588, 0.612261719701, 0.716101002005, 0.418158525742, 0.68193309907, 0.816729028239, 0.190269380628, 0.77505362563, 0.907872218758, 0.592438300683, 0.762814795091, 0.834500747403, 0.855438762711, 0.27608725507, 0.811698753421, 0.817530988818, 0.667038639826, 0.980145694426, 0.181748777003, 0.0496327274459, 2986.0
0.583498300082, 0.847236466044, 0.877737075219, 0.582499963082, 0.264615025702, 0.45262071044, 0.377776263346, 0.690490811734, 0.240464136803, 0.833084008687, 0.662383786393, 0.478919109074, 0.977677620901, 0.60256501534, 0.699157022705, 0.534597650026, 0.761046051959, 0.522212641972, 0.828342492094, 0.682812203662, 0.409617804227, 0.149555171655, 0.131581772931, 0.302151327087, 0.306921454878, 0.966652710397, 5365.0
0.812774471386, 0.916445454217, 0.98430755492, 0.791632359451, 0.438561608973, 0.122913865099, 0.182301827547, 0.145096381826, 0.988323395849, 0.0609714919233, 0.632417894098, 0.109804405462, 0.603501709853, 0.550004624704, 0.688014989936, 0.363130943794, 0.782659191938, 0.907600746482, 0.823450251649, 0.194289224318, 0.915049945713, 0.89322420639, 0.738449200481, 0.797554950473, 0.0805735955561, 0.0762854328912, 5207.0
0.802972701127, 0.575726470644, 0.861324380329, 0.891733826245, 0.0894019040209, 0.247403400878, 0.943930837435, 0.638313729433, 0.164622989978, 0.680779824572, 0.871241939443, 0.00716217680162, 0.649131593911, 0.601520643638, 0.659783287506, 0.516966435238, 0.890341472556, 0.83181590953, 0.707956274837, 0.225880501134, 0.0500793505875, 0.493949995357, 0.0721494148847, 0.179593050461, 0.0430335037634, 0.269641925583, 5365.0
0.807633706766, 0.746532381733, 0.844406745304, 0.78458021907, 0.222543030068, 0.0823137887913, 0.258242653708, 0.654460651122, 0.756417870538, 0.53446429328, 0.740931594981, 0.394135130369, 0.850524141833, 0.561567613475, 0.819266719909, 0.890429198922, 0.924695535521, 0.944098102581, 0.548861323864, 0.974236879699, 0.963759703935, 0.967465187363, 0.727970018036, 0.741669099625, 0.248614157402, 0.56145623539, 5390.0
0.5419719009, 0.623648665711, 0.968921239332, 0.601888946554, 0.295733083674, 0.0855553372871, 0.763553922527, 0.909416257732, 0.146107068284, 0.300035552977, 0.801902960757, 0.0375943931532, 0.571254885152, 0.933494252145, 0.660235161683, 0.618645909909, 0.989775692114, 0.967183969584, 0.872657860551, 0.219926326224, 0.202212251435, 0.387816862745, 0.45765397973, 0.326177841148, 0.320034243913, 0.604854349012, 5274.0
0.842489069417, 0.964670499969, 0.633762685793, 0.527886777037, 0.470188327027, 0.482942930716, 0.236780472439, 0.779080657939, 0.804219295253, 0.576473788183, 0.857648941523, 0.135238744987, 0.881001967625, 0.801567027089, 0.560228735788, 0.735460314763, 0.525418921193, 0.693256121162, 0.6064738934, 0.284262623726, 0.435687928285, 0.21284889684, 0.367886169869, 0.138394697338, 0.379174418493, 0.550227034599, 5365.0
0.885726307522, 0.628499910678, 0.50077755634, 0.970245154523, 0.479031691932, 0.600911931976, 0.891019108858, 0.389399554889, 0.979379885626, 0.390787077261, 0.973005306303, 0.467908619962, 0.75504058427, 0.892950439776, 0.93151239326, 0.537362183804, 0.831405385653, 0.8734647807, 0.852927048649, 0.029534051213, 0.214861352671, 0.317970672904, 0.17379695089, 0.210023844407, 0.298978243663, 0.873599485269, 5207.0
0.537950185226, 0.539397769037, 0.655992139982, 0.787903864957, 0.266899664457, 0.163141302616, 0.231158675347, 0.284193666374, 0.682559808449, 0.237167567074, 0.651237177675, 0.0625844723038, 0.974777352616, 0.565577027571, 0.811099325759, 0.75004340894, 0.897581185396, 0.646495737459, 0.894629363199, 0.282679607411, 0.689612494143, 0.797200142408, 0.707416885069, 0.158549967932, 0.551897013667, 0.12136369078, 14727.0
0.668526811763, 0.593880692769, 0.874975002288, 0.666703613486, 0.297203861356, 0.488413915116, 0.066513047803, 0.00925924481427, 0.992411013172, 0.429678418356, 0.503554776704, 0.937769832573, 0.296973511593, 0.894167201979, 0.865978939305, 0.850740306877, 0.709963494742, 0.563540863327, 0.778030187216, 0.637730929974, 0.793825670573, 0.851901664166, 0.950861873717, 0.58138855997, 0.178957496893, 0.838141009919, 3161.0
0.8670615014, 0.945262617705, 0.881530929758, 0.77407747584, 0.31966573798, 0.474254529339, 0.255843994714, 0.0, 1.0, 0.418427458992, 0.841930014374, 0.490187398964, 0.879250186264, 0.981996930557, 0.900072373565, 0.833079490281, 0.800912934758, 0.534412333797, 0.689078502665, 0.760180557859, 0.311880774991, 0.0173107888689, 0.0, 0.478533526444, 0.380263720071, 0.163432153315, 5207.0
0.516892318261, 0.986657335391, 0.934461187145, 0.916607097078, 0.00694969957619, 0.162600735903, 0.176320313248, 0.370633005019, 0.0470387857957, 0.150541629703, 0.600535742923, 0.884074685449, 0.045612240151, 0.931539744611, 0.568989599015, 0.260845876012, 0.561978811961, 0.63192859609, 0.990493690308, 0.480796143743, 0.647781004644, 0.753244467404, 0.89862289577, 0.399229419628, 0.947099473565, 0.262051844961, 5090.0
0.92538914528, 0.563211361845, 0.564164409091, 0.903484012798, 0.0437403303781, 0.58463824824, 0.131911298503, 0.316141855607, 0.902073463757, 0.757565899681, 0.655980364791, 0.25424906102, 0.764895772196, 0.973021412029, 0.789005341795, 0.594342481633, 0.767371136028, 0.752472685084, 0.561909010907, 0.187848081273, 0.429127741966, 0.0995358947814, 0.0385822967234, 0.345199723334, 0.410746460136, 0.29062030532, 5365.0
0.879317488377, 0.594657040397, 0.761654328241, 0.931918380233, 0.452322553591, 0.158685495941, 0.549271544314, 0.158031591775, 0.518623860584, 0.911762717825, 0.999998600209, 0.580240619099, 0.252547291608, 0.830855440463, 0.910537915255, 0.687173657251, 0.566343914764, 0.721978037442, 0.81138574011, 0.570429378307, 0.215912074773, 0.232990968152, 0.0167203067273, 0.337297215339, 0.0432388804287, 0.813032339434, 3216.0
0.591018343182, 0.500952913499, 0.57625659777, 0.924950907473, 0.0488411473166, 0.665923200351, 0.0, 0.727494740168, 0.926411967468, 0.839213458066, 0.864511819029, 1.0, 0.225050525372, 0.913200750367, 0.695412311578, 0.895987753723, 0.846001961091, 0.733821819885, 0.725006975917, 0.0, 0.300020464487, 0.12339581825, 0.309303830063, 0.472672587228, 0.0342463757155, 0.103620711334, 2986.0
0.552899288652, 0.916637938339, 0.744024738321, 0.368884974485, 0.595994216413, 0.813227740134, 0.790341620381, 0.124878245875, 0.716124162511, 0.819967716004, 0.903980818162, 0.538310077282, 0.306202371801, 0.851373328399, 0.612547536576, 0.577120514094, 0.883539874602, 0.833698273352, 0.871212391066, 0.713607154814, 0.74615111591, 0.607849034585, 0.516378253808, 0.546383789781, 0.282006292179, 0.907827045214, 3161.0
0.520314680671, 0.967570926693, 0.883106319707, 0.0723108151938, 0.952012443215, 0.69546662198, 0.855459039888, 0.346524601253, 0.52794139991, 0.756507240978, 0.819559521758, 0.684936960963, 0.405327642622, 0.607857298983, 0.807876524228, 0.882120615137, 0.944112103582, 0.882453631195, 0.574752136619, 0.505624858516, 0.925309387471, 0.998005453267, 0.92068205792, 0.127043265052, 0.761257359772, 0.448816640458, 5045.0
0.949761332239, 0.568620002651, 0.641683359693, 0.822234722872, 0.239494115374, 0.649144768511, 0.401434524447, 0.561691302777, 0.504460371688, 0.471226073302, 0.600986025855, 0.651931321028, 0.335578671821, 0.551235425143, 0.84955855017, 0.127682093582, 0.730134403508, 0.549994930259, 0.698860634765, 0.0482957144187, 0.645328667833, 0.962327160587, 0.807209623092, 1.0, 0.0, 0.607419952355, 2986.0
0.653078182755, 0.715188615344, 0.819860823415, 0.819602330426, 0.499334688978, 0.121242081555, 0.133308163967, 0.363915616921, 0.475461083895, 0.589163771418, 0.539402041081, 0.202851798964, 0.729115347892, 0.623714554874, 0.561363169733, 0.418742384043, 0.913878421456, 0.961250416377, 0.914861223174, 0.111771338424, 0.945219202176, 0.760438118949, 0.569587623441, 0.0475084891258, 0.9005900229, 0.468486450049, 16531.0
0.6275642291, 0.883791293704, 0.785525505929, 0.00666464282872, 0.895616677594, 0.815098801348, 0.682953599564, 0.559580497975, 0.135213064811, 0.774741229625, 0.727586169973, 0.19377465045, 0.991860931202, 0.755177762152, 0.743957341825, 0.73761678048, 0.530645185983, 0.588726100881, 0.850501516236, 0.66212308315, 0.59833139772, 0.870854160057, 0.592384254988, 1.0, 0.0, 0.796851733279, 5390.0
0.633691988918, 0.605743194395, 0.630252643112, 0.81907851153, 0.498493206292, 0.948991769657, 0.284576333302, 0.809958356461, 0.0, 0.622907045607, 0.750047439815, 0.641110742795, 0.311627034685, 0.775568769813, 0.983176506107, 0.839598954736, 0.568518732738, 0.877267211534, 0.983371840061, 0.690325255835, 0.635252768451, 0.779614253192, 0.984687662189, 0.815841865017, 0.355883147084, 0.184712345389, 2986.0
0.849364694142, 0.97970975188, 0.946444310356, 0.58995393311, 0.141618610657, 0.674143452728, 0.215207658963, 0.247231696452, 0.732704318837, 0.280768629729, 0.578933282553, 0.505224284056, 0.375071201113, 0.596778987188, 0.592712223324, 0.151812661744, 0.536983352299, 0.61985137601, 0.976034122486, 0.179250657439, 0.906223052842, 0.653644781871, 0.666877461583, 0.21416601897, 0.589592831259, 0.0691573177309, 5045.0
0.999067396564, 0.722711690797, 0.567402027329, 0.280754184761, 0.79939081415, 0.637075914542, 0.65483711935, 0.0988552052878, 0.550671961632, 0.335564199652, 0.753885431876, 0.451461779988, 0.763518581576, 0.667464687938, 0.793671075631, 0.808215918445, 0.535758278169, 0.945294134127, 0.697262702724, 0.613796279542, 0.725736295912, 0.923438011408, 0.843173025149, 0.268461291308, 0.956242882436, 0.915771896067, 14727.0
0.581759615781, 0.86967513478, 0.635440705824, 0.549438780288, 0.0287018355185, 0.294599130319, 0.447743971448, 0.544849187552, 0.0444441427282, 0.280552448811, 0.984473403021, 0.586558040136, 0.177783140854, 0.598620641465, 0.548091780073, 0.626612650218, 0.790525736792, 0.734597388867, 0.537645514327, 0.337294947145, 0.326706295076, 0.117726835399, 0.477223204286, 0.0, 0.0989702801936, 0.0891384610253, 2986.0
0.79226869657, 0.62016011321, 0.592747380884, 0.954908026306, 0.319066388997, 0.0465393743752, 0.988763175888, 0.430837585732, 0.661023116136, 0.184270357329, 0.716082662404, 0.643137137156, 0.415801210421, 0.695173772232, 0.500695823093, 0.301631738612, 0.62998692194, 0.775570714522, 0.925834515054, 0.330008683699, 0.305372552819, 0.0108112798688, 0.0179139941234, 0.127137920375, 0.186766156286, 0.776857220538, 3216.0
0.577746958047, 0.746259909932, 0.728538788545, 0.986392062259, 0.0108733742046, 0.997857862983, 0.614215875728, 0.899926303928, 0.14943453, 0.231417375419, 0.633738783536, 0.897493086667, 0.00337498223272, 0.534471576192, 0.866619124384, 0.595091876121, 0.566201180283, 0.989344752777, 0.809072645866, 0.772325024491, 0.615948994386, 0.662936252367, 0.73322625614, 0.883860154537, 0.301975158758, 0.195290308985, 2986.0
0.611848741531, 0.941278191412, 0.678692528185, 0.583575174424, 0.106651773741, 0.946620427355, 0.406559477621, 0.835383613879, 0.746751590977, 0.550251171695, 0.565127180882, 0.552905207395, 0.419369339933, 0.74218359019, 0.992942493459, 0.489263879514, 0.779522299767, 0.725617661707, 0.969596255147, 0.0176207812608, 0.341105443295, 0.230120398937, 0.0243164747477, 0.401920154559, 0.131231379556, 0.420317102294, 2986.0
0.797855962193, 0.734414779676, 0.736383087778, 0.825204654065, 0.246058124045, 1.0, 0.0, 0.0, 0.7857623244, 0.265346059336, 0.738324820665, 0.153755932298, 0.606955542868, 0.77346501444, 0.959241222305, 0.735663254747, 0.959189926899, 0.536020048648, 0.800306827567, 0.915710829707, 0.83229405083, 0.724485381266, 0.981144851502, 1.0, 0.170010498288, 0.282979012515, 5207.0
0.588098080496, 0.970450730161, 0.963869356828, 0.856042617729, 0.396204635478, 0.888701285319, 0.397505691103, 0.993266068871, 0.388931853218, 0.729616625112, 0.696745138307, 0.521729323894, 0.0785202501991, 0.501184876703, 0.79085020807, 0.735928961819, 0.616778446416, 0.926150244663, 0.953159130914, 0.524171609249, 0.714403112381, 0.651232981705, 0.741282360525, 0.978480785542, 0.238598446407, 0.618855398094, 2986.0
0.633475595463, 0.685739456377, 0.688510308785, 0.962729747972, 0.109415388097, 0.953936168596, 0.0270697136152, 0.428959161993, 0.0813448086212, 0.00920173232861, 0.711349690666, 0.633086698097, 0.350026846913, 0.953286124675, 0.855414739723, 0.577294862918, 0.507956055692, 0.634611923227, 0.978522198116, 0.984494225484, 0.617718094402, 0.59520176408, 0.56222118183, 0.913197341435, 0.351138160862, 0.989294801124, 3161.0
0.656604354638, 0.897281726631, 0.864587265491, 0.585750046195, 0.23789894604, 0.394537580941, 0.319347329478, 0.104040704806, 0.981586014761, 0.00672735864974, 0.840557507581, 0.227567943893, 0.925639958032, 0.781330821075, 0.992388933208, 0.491949655272, 0.882776062684, 0.663540834088, 0.671186919438, 0.132492441453, 0.519004903184, 0.528970750601, 0.91745842559, 0.701473404304, 0.200207863658, 0.981954218817, 5207.0
0.677152089904, 0.959566754019, 0.631592927923, 0.650313061356, 0.362050049244, 0.511989523837, 0.00477709330903, 0.457178537959, 0.0274735859102, 0.601364803672, 0.838746988702, 0.784560269347, 0.437236162321, 0.939500012303, 0.807812594772, 0.158024331976, 0.780411189481, 0.931486593426, 0.807167306712, 0.188612906171, 0.263179748447, 0.0265390770288, 0.0765755486295, 0.317188233911, 0.180364740258, 0.710174126717, 3216.0
0.855421568266, 0.771807372312, 0.64916968127, 0.575654682905, 0.261875040624, 0.717808289524, 0.0951696002915, 0.0977287400065, 0.00678866619582, 0.247233988154, 0.506034455215, 0.954798126393, 0.0696988750166, 0.888083246143, 0.557685945947, 0.87322845558, 0.866491065058, 0.674744031143, 0.931862057178, 0.69115484258, 0.453508103575, 0.443469067443, 0.00407497640834, 0.394451672499, 0.24710000594, 0.23451218627, 3216.0
0.59335566681, 0.919999044599, 0.986426481075, 0.555509454338, 0.222247956492, 0.279396067045, 0.65397505123, 0.257038145049, 0.758051413376, 0.436020368346, 0.572289777339, 0.426801985226, 0.893128525887, 0.74324194872, 0.605639363529, 0.797676785878, 0.9882569603, 0.678323302642, 0.934668899848, 0.4393917796, 0.88722390711, 0.620081378554, 0.754746628201, 0.306256785028, 0.896719848895, 0.899305413672, 14727.0
0.637802024853, 0.523363762375, 0.960808739493, 0.991795151614, 0.0195322624878, 0.590239538676, 0.112940140776, 0.843630299608, 0.711591233561, 0.801489484088, 0.849759093349, 0.0953382438318, 0.917262583188, 0.544591456796, 0.797318016677, 0.221159443471, 0.763764953626, 0.799253919074, 0.695940698542, 0.433598516474, 0.374831017858, 0.499991053475, 0.162759368144, 0.296345611593, 0.484859479632, 0.577122081605, 5365.0
0.906292538539, 0.799063682761, 0.960940939898, 0.101702069356, 0.949301526861, 0.809214321548, 0.505531162357, 0.943321156488, 0.226595623044, 0.965425997554, 0.743053614429, 0.746411692853, 0.31502632042, 0.823952278015, 0.573748436237, 0.231717464756, 0.947191367147, 0.641069220333, 0.650075752377, 0.397364764303, 0.995119837257, 0.809011982753, 0.524713505903, 0.70736508578, 0.290925283147, 0.661605236284, 2986.0
0.716879244244, 0.510395740581, 0.704323590205, 0.989252280937, 0.360263608633, 0.454750747145, 0.0, 0.027449191772, 0.684742702055, 0.110441438365, 0.600122498636, 0.459971889359, 0.674811442993, 1.0, 0.687654934801, 0.662868645584, 0.95995946895, 0.774512641162, 0.779739494296, 0.240327848696, 0.83713712779, 0.766669695513, 0.510330509226, 0.909478939193, 0.485553733403, 0.749607462817, 5207.0
0.532687595788, 0.760817414968, 0.834359549916, 0.00539706522202, 0.790211900961, 0.81364771959, 0.599130112096, 0.787267024011, 0.0140704772064, 0.487208261827, 0.813434557905, 0.628328055604, 0.220704834037, 0.822684796293, 0.940812341573, 0.650676633432, 0.609293940754, 0.973934627289, 0.949665008875, 0.382851143433, 0.955944083375, 0.737390223642, 0.665187830096, 0.468242335929, 0.60896384238, 0.0234655994006, 5090.0
0.662216592871, 0.75225465163, 0.888285970042, 0.691083751451, 0.453837065101, 0.686334090617, 0.0539718127934, 0.967441009297, 0.913049730404, 0.191393161539, 0.813348331025, 0.0238939942253, 0.729968200697, 0.68247927585, 0.749722565199, 0.556312539779, 0.526301681674, 0.711442215345, 0.562178881095, 0.832471380482, 0.234716659831, 0.402558580384, 0.0132614899936, 0.35684010557, 0.0239979293414, 0.13169396833, 5207.0
0.63168869949, 0.652271961399, 0.563966805327, 0.991369605363, 0.498962588001, 0.00211015408266, 0.460073691543, 0.993932298433, 0.460199323654, 0.208588560955, 0.794849636624, 0.815230705064, 0.305212476702, 0.964148954411, 0.582184041426, 0.758769225192, 0.655837601555, 0.693560046736, 0.510465570905, 0.649381001956, 0.624802566827, 0.593627002218, 0.609866377942, 0.995235451034, 0.406714817867, 0.627729010853, 2986.0
0.63611947426, 0.952252866612, 1.0, 0.568663860779, 0.256804750808, 0.79281817348, 0.387195456614, 0.499704522954, 0.841167690218, 0.815047362408, 0.874337800363, 0.622113553597, 0.204746264113, 0.514096598155, 0.756664462424, 0.901955404662, 0.720200717583, 0.514607828923, 0.711993957445, 0.566304353375, 0.772299357106, 0.984039660001, 0.79044915614, 0.970843345108, 0.356603206954, 1.0, 3161.0
0.759688081693, 0.53727835496, 0.832047386675, 0.059040062789, 0.84136189997, 0.834539459868, 0.941796170922, 0.187967059316, 0.983121307791, 0.819997247921, 0.504044949933, 0.0760049076536, 0.926365825922, 0.851848894618, 0.793170973671, 0.0649873542515, 0.795664678185, 0.627156568164, 0.54346143922, 0.473352293999, 0.620488851738, 0.521409437397, 0.566222314497, 0.0632471163074, 0.524215335206, 0.734433826838, 16531.0
0.571371682993, 0.955920661444, 0.992487397725, 0.719559824765, 0.385401016772, 0.736859073945, 0.0361831123766, 0.598866132735, 0.830660685936, 0.811468965835, 0.78809225974, 0.712732380313, 0.0383492405435, 0.614258882403, 0.511753178903, 0.787956564938, 0.529234682421, 0.801156026703, 0.528362553258, 0.954830443254, 0.6820196108, 0.995359775827, 0.939492377095, 0.633726814318, 0.134238821568, 0.234055944074, 2986.0
0.93323282696, 0.75177172725, 0.846327520137, 0.526892584793, 0.215722870144, 0.228842377728, 0.44958245573, 0.681541480446, 0.352649029492, 0.0799161445684, 0.611707196772, 0.58079378519, 0.231182324924, 0.520620006256, 0.511387646859, 0.074979665489, 0.702559054797, 0.984283941287, 0.597930816862, 0.419493834801, 0.681845393495, 0.992523991695, 0.604811664683, 0.655933743899, 0.498373420181, 0.214489008794, 2986.0
0.671244624076, 0.543011801674, 0.541553909572, 0.769327785736, 0.0824923433558, 1.0, 0.242998462681, 0.561427788736, 0.575452187628, 0.698163093706, 0.698205521495, 0.940246125192, 0.275417604835, 0.726052648551, 0.870611101782, 0.803086175443, 0.690051825764, 0.944269541802, 0.715101247118, 0.580485171378, 0.734320800946, 0.566145144695, 0.808092901887, 0.821018060393, 0.0893371599237, 0.0, 2986.0
0.90222342598, 0.70595563549, 0.642871053216, 0.845293079785, 0.14681451215, 0.0520976898669, 0.395073439417, 0.731042120033, 0.948957652111, 0.949431392163, 0.840214211669, 0.988054135934, 0.442137353446, 0.719525116987, 0.588048625825, 0.698719396511, 0.507701906151, 0.922958619921, 0.929426344832, 0.163490739892, 0.605914283848, 0.634359958927, 0.772055102158, 0.830414143329, 0.0266027006278, 0.32450493542, 2986.0
0.991596985414, 0.960629763829, 0.834666844463, 0.894588030116, 0.459499963308, 0.571696175123, 0.258628830357, 0.532324953211, 0.0226376081221, 0.919661404255, 0.647317077118, 0.547583621074, 0.330820491521, 0.557236446103, 0.772261202346, 0.67844618435, 0.909993911229, 0.66048057983, 0.802495602641, 0.106832038532, 0.73625617894, 0.778497447516, 0.629802975399, 0.0300179555932, 0.871376420889, 0.50830485678, 5090.0
1.0, 0.759424988775, 0.767661820031, 0.676598485662, 0.245172742432, 1.0, 0.431095629724, 0.967282298412, 0.391230864525, 0.55899454638, 0.746611004766, 0.700684725121, 0.157615135104, 0.945137447916, 0.994687714461, 0.41322772414, 0.916083509902, 0.720551931053, 1.0, 0.326241119699, 0.590481195448, 0.544169750555, 0.991794899986, 1.0, 0.0, 0.788547697189, 2986.0
0.928267953144, 0.911110697841, 0.820296275287, 0.803191505112, 0.21541048125, 0.89801006503, 0.72111174611, 0.113591075665, 0.548599425534, 0.758604604767, 0.783205180722, 0.0679373824337, 0.734151349837, 0.862726826901, 0.657729646814, 0.918008855256, 0.871809433805, 0.636185072224, 0.644276160803, 0.954949695728, 0.108264484495, 0.0256122576043, 0.127178937123, 0.205698148229, 0.307272627872, 0.991179953272, 5365.0
0.700088132316, 0.788982574954, 0.715808821597, 0.596456569699, 0.483699049387, 0.306847006266, 0.985041893615, 0.923421310882, 0.234328558398, 0.110142321165, 0.756153887749, 0.54662051086, 0.366548885783, 0.518750766137, 0.848624225135, 0.822222047722, 0.689090427036, 0.732618835457, 0.550711109536, 0.349352950072, 0.633070008921, 0.733572547905, 0.646885060903, 0.202320576422, 0.539270532978, 0.404723578505, 5090.0
0.662314632069, 0.743412672225, 0.71862955492, 0.974922801709, 0.253211159091, 0.660573022575, 0.254281902246, 0.776730110035, 0.471168455096, 0.0654802605415, 0.983075424644, 0.112550512264, 0.666150111412, 0.769809359916, 0.542226528257, 0.918723218275, 0.706130300075, 0.512787478844, 0.831126295439, 0.355899028509, 0.00948244887431, 0.104400673196, 0.294964806962, 0.120868977288, 0.287668003468, 0.907896281595, 5274.0
0.661352305701, 0.862420403802, 0.831251314208, 0.719910289988, 0.170870074318, 0.264440400683, 0.11748108488, 0.892560496151, 0.951149475617, 0.398756332977, 0.647996578302, 0.0309658119949, 0.863198313905, 0.995929424268, 0.619685209534, 0.157957122633, 0.710026551178, 0.950550045704, 0.555666350771, 0.0125973135545, 0.702554441368, 0.628724456358, 0.601871446997, 0.897164464116, 0.0174826065637, 0.151129039483, 5207.0
0.697452459464, 0.539014876995, 0.618440307255, 0.626794206842, 0.0733209597282, 0.346031618808, 0.0428464501293, 0.718248818245, 0.696910818734, 0.16659323227, 0.95677258511, 1.0, 0.217172601662, 0.800061330136, 0.809803258851, 0.623344474588, 0.988730396724, 0.540171583931, 0.690762765602, 0.243138062104, 0.710265532716, 0.616019208399, 0.539827764269, 0.173401690714, 0.506437290886, 0.282581829905, 5045.0
0.628656279598, 0.962813670247, 0.611185106434, 0.390632583411, 0.886186196169, 0.99383998501, 0.505033115514, 0.487226067559, 0.907238079526, 0.676771023114, 0.65003033378, 0.559402656419, 0.289068080444, 0.691529616011, 0.936063389382, 0.268716519074, 0.74394184614, 0.770555338001, 0.890817682342, 0.226275312032, 0.604832618736, 0.527113150638, 0.550329331758, 0.402144805286, 0.703087578776, 0.934109614949, 5045.0
0.776873578078, 0.822915765744, 0.611981875468, 0.618906890232, 0.148629769011, 0.276718411897, 0.451009493488, 0.784288027637, 0.618435161707, 0.572771452732, 0.75568296311, 0.684525675928, 0.247964818986, 0.912279160798, 0.976100007657, 0.283779929831, 0.806893038355, 0.981365212586, 0.716249892905, 0.0324229291941, 0.0, 0.428445064478, 0.0432696111951, 0.432285896998, 0.256116037801, 0.839392280428, 2986.0
0.573795301388, 0.845173503271, 0.584406018176, 0.387671397939, 0.992059958808, 0.739153577305, 0.795538245741, 0.898509823477, 0.293087349283, 0.845754842035, 0.589563064708, 0.56526139345, 0.303701392922, 0.947507448048, 0.630878164714, 0.619635489687, 0.530966699101, 0.899174691848, 0.957946927492, 0.377528574098, 0.456068318928, 0.326668046269, 0.482004716434, 0.315214961807, 0.230398011221, 0.238095466256, 2986.0
0.763015007015, 1.0, 0.867164191123, 0.953135247315, 0.193486227944, 0.886569823024, 0.0707585117526, 0.0, 0.777585347703, 0.22735197517, 0.652745975881, 0.254864784958, 0.584397213691, 0.538976524856, 0.582437423452, 0.791641828702, 0.971261713485, 0.613557221934, 0.740298967002, 0.898466006363, 0.621737126868, 0.669525186239, 0.508573666991, 1.0, 0.0, 0.291987197907, 5207.0
0.635838033357, 0.980401082985, 0.690858909571, 0.799157267453, 0.0292630198986, 0.954420835381, 0.324081664226, 0.077625205364, 0.83622548428, 0.347833833371, 0.569542610441, 0.63632092138, 0.130593470165, 0.914072515654, 0.953675321769, 0.583320998785, 0.588772285215, 0.819087074066, 0.773830909819, 0.348934551406, 0.341611349651, 0.0, 0.0, 0.492760222148, 0.0978060287322, 0.300473674757, 3216.0
0.924699405357, 0.506636038036, 0.644291164633, 0.262094100874, 0.525724128355, 0.623383695169, 0.63410761866, 0.581019525806, 0.373983332287, 0.961690301587, 0.787051284634, 0.47008006596, 0.663878244047, 0.85474600736, 0.958595309257, 0.263921510149, 0.514478926101, 0.718080675919, 0.705901400109, 0.141960932518, 0.20647014193, 0.0783002591618, 0.310661183843, 0.0725821392643, 0.136392687934, 0.293653977351, 5365.0
0.603203394109, 0.571010280196, 0.824277162818, 0.759811654426, 0.441222116789, 0.32750338574, 0.0894077686875, 0.188602995918, 0.260230732772, 0.830085332815, 0.598818241751, 0.963216534991, 0.219885044455, 0.882226632692, 0.572783214329, 0.663249463715, 0.840717896569, 0.594251704542, 0.973874582011, 0.737993870487, 0.533117993155, 0.532868068576, 0.902625297696, 0.651271624201, 0.00251797384566, 0.174529027108, 3161.0
0.872628682018, 0.652226843929, 0.886974916129, 0.788138160274, 0.213867701219, 0.255657212249, 0.451849088308, 0.73871638728, 0.612772309396, 0.753779953597, 0.715194105001, 0.353679317331, 0.780433311107, 0.794162408223, 0.868756972259, 0.230125076502, 0.51651579281, 0.846421641275, 0.637948183022, 0.421306350182, 0.732254298642, 0.598215128807, 0.561212231431, 0.593601310203, 0.362545598917, 0.200012679047, 5390.0
0.83452894278, 0.738086423468, 0.523636927943, 0.381176429466, 0.690203249056, 0.915527009183, 0.603976360072, 0.819231257531, 0.471092786874, 0.494347483679, 0.675100714545, 0.019023599854, 0.705292848209, 0.524585094091, 0.70027196934, 0.51261370802, 0.883395545053, 0.63005897771, 0.702934895322, 0.650793429946, 0.564951397781, 0.950278934751, 0.53992786572, 0.981496415978, 0.414457041598, 0.27867964857, 5274.0
0.772354649389, 0.857088809915, 0.611342864144, 0.768564462234, 0.256509441092, 0.822565037353, 0.701764870669, 0.513403491656, 0.0144410146733, 0.763815043039, 0.815884748383, 0.764542138641, 0.0818261397944, 0.977639624188, 0.711523339299, 0.512778126119, 0.912151634405, 0.595474412304, 0.9795613214, 0.545838924337, 0.284750980801, 0.240297531276, 0.465140861069, 0.124345860582, 0.225086196533, 0.372389030004, 2986.0
0.585715495376, 0.52401934492, 0.960276269687, 0.758245356011, 0.45641090347, 0.774067776281, 0.145152670486, 0.492170765516, 0.266697246885, 0.536657750841, 0.993126505358, 0.697730524847, 0.190275068432, 0.50804918113, 0.532739679652, 0.546475845207, 0.591851450649, 0.986423481429, 0.82316368053, 0.476148373493, 0.648742828413, 0.978247598603, 0.720480800217, 0.410195484335, 0.503996736219, 0.193670818907, 5090.0
0.751508457895, 0.934901700605, 0.964222588586, 0.579994577375, 0.407567426904, 0.66987497045, 0.368895080001, 0.601073849914, 0.42187038575, 0.730441573555, 0.547089989252, 0.655807073253, 0.0499703996907, 0.668218346085, 0.929651538793, 0.141315210043, 0.577748793843, 0.899992644383, 0.631808418874, 0.290528854825, 0.791844654524, 0.909854793607, 0.832973434237, 0.875939805403, 0.431116571955, 0.00493896472025, 2986.0
0.813224559598, 0.782063836851, 0.634567074349, 0.658273766654, 0.154653968179, 0.61145650821, 0.0754546784505, 0.812077955761, 0.638923730916, 0.246649019291, 0.832038147505, 0.845516503285, 0.125805244894, 0.715387505722, 0.579966373478, 0.00302878403064, 0.630564005784, 0.680602674897, 0.77790911084, 0.00980896935864, 0.778640019304, 0.970001354249, 0.706156486921, 0.74610375944, 0.383503733147, 0.955027853636, 2986.0
0.567375301862, 0.506008311198, 0.759852910843, 0.781939279027, 0.30311208513, 0.211205102115, 0.195207881367, 0.887588838109, 0.258947148742, 0.793409440294, 0.721672559841, 0.57936439744, 0.112765001279, 0.511376873342, 0.973191128318, 0.882507604519, 0.559431956896, 0.977365767655, 0.584338849028, 0.631489092011, 0.809739620732, 0.879565395992, 0.951287249598, 0.530435905004, 0.0694212646011, 0.531758980684, 2986.0
0.886044915438, 1.0, 0.695564376591, 0.849479398867, 0.146458859239, 0.357636121593, 0.383002915525, 0.747579220716, 0.539555987503, 0.807726525123, 0.860895953796, 0.738493769061, 0.17833131502, 0.625037462728, 0.804079881642, 0.879843363581, 0.784561511324, 1.0, 0.815929611794, 0.646128589932, 0.576308228172, 0.784759594683, 0.696491127132, 0.864891226932, 0.137770964058, 0.0125682803961, 2986.0
1.0, 0.503053562737, 0.504380384708, 0.295465146786, 1.0, 0.561676391967, 0.580071816969, 0.388630412075, 0.902505219692, 0.272640228339, 0.688524461226, 0.836002710817, 0.260381839488, 0.686893199178, 1.0, 0.622480842967, 0.687222553031, 0.635574526268, 1.0, 0.219622555591, 0.895156476233, 0.61077093214, 0.641683636782, 0.376726837844, 0.695275049416, 0.650130792185, 5045.0
0.805215971631, 0.54157017201, 0.599433773687, 0.767541953474, 0.160534908794, 0.711751090377, 0.0358190148062, 0.799116581477, 0.681193753542, 0.369896553071, 0.516937930766, 0.64578395527, 0.416634795219, 0.850269529818, 0.517881034274, 0.441025722349, 0.885776659086, 0.967491837291, 0.788732549296, 0.371991970324, 0.222200801538, 0.309438603212, 0.36523651691, 0.468527495096, 0.313587916748, 0.486933625766, 2986.0
0.854135146764, 0.673348178153, 0.882794628154, 0.896395446913, 0.422999329547, 0.421645075482, 0.649982492845, 0.259741902613, 0.502336180883, 0.109543129793, 0.597683293672, 0.39623080336, 0.652738159988, 0.983652038234, 0.851803002069, 0.528611157194, 0.618948671235, 0.96492300978, 0.620828074191, 0.346443741616, 0.0223459680472, 0.308163390011, 0.326761501427, 0.213995248137, 0.285106065305, 0.00309787945385, 5207.0
