0.54964424271, 0.997151381264, 0.380412886165, 0.167670527373, 0.652730285369, 0.206330301333, 0.0329597299742, 0.671106878651, 0.78885278301, 0.376474056093, 0.534901744229, 0.439013016685, 0.907972021798, 0.710435295701, 0.243273510875, 0.160070700526, 257.463
0.904021277745, 0.526740396436, 0.0783613663908, 0.667071150126, 0.924254798942, 0.495571083695, 0.634372673506, 0.214285178276, 0.582921040896, 0.0117330497701, 0.76111825357, 0.0850931447207, 0.519610076339, 0.882247381353, 0.33612813675, 0.466973633357, 254.11
0.784813852708, 0.678067814269, 0.225243056154, 0.519106986199, 0.0, 0.12609026725, 0.720879941582, 0.997889823892, 0.577271005011, 0.186275208454, 0.306314525238, 0.660243640193, 0.801451748509, 0.22349542389, 0.0, 0.694202970598, 511.153
0.503623051851, 0.823730992452, 0.702380195593, 0.233243125866, 0.180148694478, 0.0915132397806, 0.877349230082, 0.504153309672, 0.966875164588, 0.114280576138, 0.60654405892, 0.490876953988, 0.888301666119, 0.40103978952, 0.7223120596, 0.0389547557599, 383.053
0.983712297994, 0.868679409488, 0.0, 0.801034247318, 1.0, 0.991527077571, 0.134438646617, 1.0, 0.57961416151, 0.0, 0.776769822685, 0.393630295106, 0.874724363763, 0.556012043837, 0.0355861460983, 0.0, 287.107
0.858413508775, 0.943014028533, 0.0558497821419, 0.948445453274, 0.223603131064, 0.22654169871, 0.677074581399, 0.510846399598, 0.726585951339, 0.330793316368, 0.791377628829, 0.357593248468, 0.513257876923, 0.953152598174, 0.396293370676, 0.214957464174, 254.11
0.838858774963, 0.958077988937, 0.321327128283, 0.843000187523, 0.183646415204, 0.152643860277, 0.66059746868, 0.266346240772, 0.598070492317, 1.0, 0.0, 0.488026461125, 0.984937048152, 0.979399092135, 0.389313004998, 0.423866838266, 254.11
0.699704151077, 0.951529623083, 0.109553043965, 0.185217324546, 0.704672878975, 0.130988897237, 0.707150729885, 0.829875708715, 0.643847026433, 0.148265801557, 0.791990875719, 0.0391472435553, 0.519749166102, 0.259379159556, 0.959465018345, 0.0711476444501, 429.257
0.659567015378, 1.0, 0.560832280496, 0.307269849814, 0.371564967423, 0.490923590547, 0.858125667047, 0.72878161628, 0.733962784249, 0.0519442769295, 1.0, 0.0, 0.649553495586, 0.692706968575, 0.332534208577, 0.284745255196, 253.01
0.571655419705, 0.914206716334, 0.47086990731, 0.0524509766598, 0.559318153854, 0.920567956085, 0.661443584248, 0.578342444117, 1.0, 0.124869002212, 0.203199788416, 0.66169194736, 0.923069119965, 0.290874758522, 0.416959885075, 0.803696550798, 652.373
0.568179967946, 0.677488369772, 0.57831862989, 0.500944462455, 0.493290330695, 0.270719180216, 0.901691971949, 0.717363201395, 0.886894650484, 0.787547784738, 0.140458058054, 0.45377434959, 0.707795676665, 0.30136591098, 0.538225408325, 0.240160976764, 383.053
0.840872568053, 0.779884057719, 0.681454823093, 0.0932418141706, 0.859509346748, 0.263211230481, 0.452969157304, 0.967028897264, 0.602552311389, 0.00316949884056, 0.378078305311, 0.746829377105, 1.0, 0.909944340821, 0.214497731127, 0.10673772619, 253.01
0.674307119743, 0.936174651452, 0.107620201059, 0.39815320133, 0.721262612014, 0.484578320261, 0.867962957374, 0.272606520404, 0.521966780871, 0.388817021802, 1.0, 0.463955929284, 0.694800681426, 0.636814823391, 0.115140686112, 0.40284319732, 254.11
0.706634690986, 0.254186823522, 0.175406141833, 0.0, 0.0249319077548, 0.0, 1.0, 0.248049196812, 0.63401006187, 0.423699974091, 0.876691330262, 0.0, 0.597119518683, 0.510296371271, 0.138843920276, 0.0, 263.887
0.748856165334, 0.0648720005701, 0.495242233707, 0.0183154327392, 0.0393482124175, 0.272870150798, 0.404819266286, 0.99761437936, 0.952310507348, 0.622061323103, 0.483921895745, 0.484827918905, 0.550871414969, 0.149979935357, 0.509133922826, 0.30188690592, 437.92
0.642700391575, 1.0, 0.209161540226, 1.0, 0.460861677548, 0.449360091862, 0.938017343749, 0.756358840853, 0.767185737852, 0.576642934291, 0.294652533975, 0.128884216383, 0.846111301405, 0.0, 0.162287514364, 0.760420058049, 511.153
0.673828313035, 0.635927667304, 0.879857411454, 0.825035432784, 0.224267281874, 0.97708617238, 0.346887258885, 0.499909248611, 0.837099433935, 0.860563711095, 0.28564304228, 0.452784770301, 0.663620940679, 0.751196839406, 0.394974864775, 0.0861008958194, 279.153
0.978000038434, 0.60689987186, 0.996950506085, 0.448927700866, 0.203166335645, 0.0254767100174, 0.392099205347, 0.803405940561, 0.991396457472, 0.861576386119, 0.0210041440651, 0.0575683687414, 0.508526857512, 0.14087129235, 0.270192703683, 0.955579504975, 616.087
0.817303268144, 0.809505473042, 0.813197947407, 0.0, 0.241000789194, 0.288744493257, 0.228211880432, 0.728885905916, 0.762858852351, 0.614487115608, 0.224039941894, 0.377044220206, 0.579237083142, 0.67486746206, 0.459951514089, 0.332926594898, 253.01
0.557584623443, 0.33855457417, 0.115580016148, 0.727339152584, 0.6514607382, 0.270749282884, 0.544095167824, 0.633981350031, 0.732428646168, 0.900995904574, 0.0811591494705, 0.167421503628, 0.867065050984, 0.362618224614, 0.338394370596, 0.811126343435, 629.39
0.503631529975, 0.906632650258, 0.740328023157, 0.0489439610432, 0.0, 0.175418589996, 0.887998199696, 0.167040279681, 0.653852610297, 0.81593449836, 0.188174803893, 0.375208758459, 0.795713397575, 1.0, 0.0196620618832, 0.396186576917, 249.73
0.886510358848, 0.155946725107, 0.210256583912, 0.351926341163, 0.923611892619, 0.316290580348, 0.135979898611, 0.357695766716, 0.902892156079, 0.814797886238, 0.0761471080597, 0.255303434359, 0.986542830641, 0.811038459302, 0.234022219568, 0.474935212126, 275.373
0.705837683718, 0.548308921783, 0.257306682097, 0.455476394791, 0.477382774244, 0.274098075094, 0.496832113517, 0.864511940763, 0.989163504635, 0.259110575275, 0.56138128311, 0.346329247586, 0.674625383984, 0.449250896509, 0.796770822047, 0.462549640356, 425.063
0.829512996923, 0.115700396573, 0.241770652394, 0.202873475451, 0.297240827246, 0.328850351861, 0.75233133284, 0.360931949422, 0.59909436665, 0.351140496204, 0.981935262063, 0.20285452622, 0.753030446572, 0.921244034108, 0.247922304658, 0.450351233818, 263.887
0.571334055147, 0.403586491103, 0.854719393188, 0.541704747943, 0.746051059789, 0.649737972425, 0.860888209285, 0.283641060473, 0.748387023633, 0.177762631166, 0.207178025858, 0.952066339128, 0.669587898233, 0.709707894453, 0.062144323293, 0.00974509934052, 310.607
0.88156748647, 0.859471634952, 0.526940883135, 0.625940356438, 0.374682117745, 0.142483054126, 0.0, 1.0, 0.954722585356, 1.0, 0.0, 0.280669756677, 1.0, 0.756270354644, 0.443124211142, 0.239058036474, 252.63
0.557493234147, 0.344266169033, 0.271964549404, 0.0914901313366, 0.0, 0.444404895903, 0.806952723731, 0.195678443456, 0.589214417464, 0.963990023784, 0.0395754841392, 0.179197333983, 0.728166837156, 0.144260148289, 0.245335359889, 0.726278679936, 511.153
0.688901805566, 0.796318658775, 0.701151565808, 0.552416946936, 0.616375409397, 0.458102115209, 0.693396974207, 0.0954905004457, 0.632193705704, 0.709199101517, 0.138312166051, 0.414275890792, 0.950571128149, 0.880891036635, 0.149790812725, 0.116558205022, 249.73
0.599920673975, 0.984818593726, 0.323535899024, 0.90311178844, 0.116257265861, 0.242644443041, 0.574393875123, 0.693869173246, 1.0, 0.284706180986, 0.0785852955218, 0.902741045755, 0.511894197468, 0.324351147054, 0.741968392057, 0.471765494662, 383.053
0.906380294165, 0.198468431139, 0.900928630159, 0.760761393803, 0.988403800921, 0.594685506126, 0.205853250266, 0.657809367185, 0.832135006493, 0.696083328939, 0.310711510396, 0.342657323579, 0.525293229702, 0.88073311733, 0.318640789348, 0.372601854435, 299.77
0.502714792196, 0.639966859304, 0.0504179513865, 0.103374432061, 0.447537009731, 0.415368999142, 0.98296183373, 0.986076798509, 0.855601705429, 0.872359294954, 0.0158667085139, 0.258326922544, 0.703965496192, 0.369269911555, 0.721266269562, 0.111932422595, 383.053
0.857915813724, 0.314650862753, 0.502550864283, 0.320701280957, 0.393052751706, 0.231600474087, 0.101118402163, 0.894544597259, 0.851459218503, 0.89879992053, 0.253961341589, 0.0851317689798, 0.568579510756, 0.130612677954, 0.0527771008167, 0.677236167189, 616.087
0.797104110992, 0.745194010023, 0.0374169132537, 0.0, 0.770649688492, 0.015754727643, 0.879519852654, 0.266965275836, 0.920376289462, 0.0347830756622, 0.0855533493399, 1.0, 0.683776621066, 0.511058641557, 0.412231308552, 0.102084666137, 254.11
0.896908053772, 0.687035271741, 0.710098355736, 0.240614822627, 0.45154840195, 0.268472038626, 0.0532131940027, 0.857201976848, 0.521193277501, 0.239903606314, 0.912096476489, 0.292562643216, 0.514325966967, 0.503011712157, 0.26368311597, 0.0724120471495, 253.01
0.927340530083, 0.8456314086, 0.150153382832, 0.982117023783, 0.13668389478, 0.262297875975, 0.0566871476301, 0.193243489599, 0.890753413419, 0.102401038709, 0.599203955853, 0.185683799479, 0.839237026982, 0.272365428866, 0.37550510037, 0.923199856361, 615.287
0.639580945971, 0.587334503577, 0.120886112907, 1.0, 0.293680002742, 0.416458361645, 0.34333888424, 0.811330908111, 0.866972765134, 0.0577256719886, 0.82072690718, 0.166930207743, 0.650210862643, 0.446575879227, 0.628641737462, 0.400152849447, 425.063
0.889018125814, 0.650752634284, 0.31990754656, 0.483757657866, 0.791333014372, 0.0, 0.685211758322, 0.883710781436, 0.712754715554, 0.308338111168, 0.192138981678, 0.855397045995, 0.836101910394, 0.193648870669, 0.238526128643, 0.746835288393, 608.6799
0.655633092214, 0.637619619035, 0.712069240266, 0.0707960196241, 0.297960905292, 0.59547359952, 0.393804722932, 0.931194585982, 0.519169346936, 0.819269116202, 0.430861293889, 0.444068408767, 0.938637844134, 0.950413389472, 0.199511364584, 0.068463880585, 279.153
0.543446936605, 0.812269067567, 0.94944071788, 0.429049742788, 0.71230723326, 0.462536873411, 0.545408230844, 0.507437943274, 0.842176875122, 0.534912576843, 0.420876060994, 0.270559048484, 0.773601012667, 0.927972732913, 0.00811488757085, 0.202037661868, 253.01
0.745962671512, 0.703433729333, 0.149597195382, 0.0377416675286, 0.441437880632, 0.286977472078, 0.299350143935, 0.665493348716, 1.0, 0.942623616153, 0.383861398443, 0.0, 0.782498963568, 0.797463392687, 0.431925224512, 0.377046716387, 260.497
0.995562580587, 0.0948230845443, 0.81314654963, 0.220329117192, 0.495081233251, 0.406171058279, 0.864471565647, 0.516493453778, 0.577410618351, 0.402961473153, 0.470853586977, 0.697079700227, 0.582202598726, 0.306133291884, 0.787333597411, 0.0, 383.053
0.602752729552, 0.718536063775, 0.939949658824, 0.0143600580652, 0.843824227366, 0.363721708048, 0.612189538085, 0.53873801655, 0.652995410953, 0.0366338845963, 0.746876864414, 0.141795098124, 0.754215623901, 0.440240121602, 0.424699160293, 0.650225031925, 608.6799
0.593454046315, 1.0, 0.584546577627, 0.747916306201, 0.105643836444, 0.433548541175, 0.484464899804, 1.0, 0.739918784051, 0.0624347294672, 0.858970575981, 0.468641563927, 0.695870497817, 0.513406105396, 0.00570216587236, 0.388018540847, 252.63
0.612126042393, 0.927360743407, 0.773323746162, 0.537992839301, 0.420715610688, 0.791603064051, 0.0309180674189, 0.0951919683545, 0.853206914038, 0.0964188806079, 0.23650501919, 0.83112169204, 0.757927454688, 0.153984690756, 0.58156429257, 0.0594399478763, 519.153
0.704832315426, 0.34899067032, 0.40886391493, 0.668221967846, 0.267344573191, 0.46081800116, 1.0, 0.973003487053, 0.775448533483, 0.69368150652, 0.369038795864, 0.0329344850495, 0.553853478348, 0.40113457995, 0.225066936424, 0.883253754111, 511.153
0.8882692786, 0.333472736881, 0.675073919259, 0.0103499242805, 1.0, 0.310413946765, 0.793707719326, 0.75790062731, 0.616389775044, 0.858603207529, 0.193967034456, 0.144694193972, 0.977240187712, 0.930207886586, 0.0, 0.194864473058, 268.397
0.531598856508, 0.981872609436, 0.237154559857, 0.397313644316, 0.674332902639, 0.850724740113, 0.962519014014, 0.262201149948, 0.669304237192, 0.867779510001, 0.450311887969, 0.232775825023, 0.545306869021, 0.735588943456, 0.0342515383789, 0.2344303674, 291.277
0.828519473471, 0.60781958569, 0.770231423407, 0.0595485296831, 0.2937065524, 0.668978733916, 0.496036215665, 0.075981588622, 0.836991824367, 0.480293972485, 0.325314667348, 0.630339095575, 0.630059034923, 0.6400869235, 0.225369196628, 0.192487657242, 279.153
0.994564789406, 0.283193911583, 0.350632902433, 0.605251265589, 0.816054049689, 0.633881789273, 0.363106259527, 0.684954780916, 0.980965845151, 0.0712540326665, 0.284126510526, 0.866302278636, 0.97221714644, 0.086055506184, 0.820620178083, 0.333358387111, 544.823
0.996349992048, 0.898252825848, 0.585691714866, 0.987078678088, 0.844409791157, 0.26955956634, 0.885380446566, 0.81770056273, 0.539339557134, 0.0664333102926, 0.156282032701, 0.61490778488, 0.738316100559, 0.0959739139648, 0.0259305621885, 0.812829819672, 608.6799
0.658751755478, 0.351852332678, 0.936726142535, 0.195885001888, 0.324135358591, 0.227008982086, 0.651149013925, 0.736686636606, 0.602682243832, 0.755840595605, 0.314740534375, 0.141638005563, 0.667763492561, 0.262829486344, 0.847861281495, 0.350369002628, 383.053
0.898824966015, 0.177032417643, 0.67993564706, 0.0998261207026, 0.42914312653, 0.0665354190725, 0.327452602389, 0.192858073995, 0.695927039198, 0.847694358507, 0.379109840738, 0.482545958094, 1.0, 0.182592919045, 0.275543271678, 0.691411293932, 615.287
0.672675762523, 0.0999248195833, 0.538896856956, 0.960134886481, 0.681376697262, 0.20036271971, 0.591992681731, 0.216986638082, 0.613451551092, 0.599489276043, 0.279982408256, 0.11349546939, 0.584952620731, 0.416728867305, 0.789711717234, 0.49948955123, 449.383
0.665513942654, 0.538208374716, 0.800061489926, 0.575741671081, 0.354788316683, 0.75861558077, 0.594520772393, 0.526960137416, 0.940833413523, 0.405723397551, 0.263430627083, 0.524257236208, 0.940517564008, 0.377966203807, 0.644345319315, 0.138267965392, 408.617
0.943681584866, 0.98914195932, 0.695585182229, 0.980813085943, 0.399709465592, 0.151266228178, 0.239452080981, 0.780679692475, 0.575375168234, 0.650286126603, 0.0778984664461, 0.499535803898, 0.663331908062, 0.503333635382, 0.32075263679, 0.151697077246, 252.63
0.897715347113, 1.0, 0.665074069769, 0.575706320539, 0.430928857956, 0.346902655058, 0.896392835422, 1.0, 0.900715554044, 0.349430044543, 0.958232597905, 0.114750082656, 0.533046109821, 0.283798618838, 0.0389592455642, 0.705320621639, 511.153
0.925551527938, 0.703185429295, 0.21204003906, 0.50442980298, 0.215364966222, 0.327738325455, 0.565533050623, 0.550679734931, 0.508250504409, 0.364811872168, 0.262516198584, 0.703759299139, 0.535961411086, 0.273598124013, 0.582501618801, 0.0448558030183, 383.053
0.696939675866, 0.498713154285, 0.624403990841, 0.702606681128, 0.251090840639, 0.724571230402, 0.894197141555, 0.879606966801, 0.597903811065, 0.849916467363, 0.468815111639, 0.24963223002, 0.744494851468, 0.691402042155, 0.317073608698, 0.438253741894, 299.77
0.754693819995, 0.308437030288, 1.0, 0.210772636036, 0.794759384856, 0.358340389494, 0.0851392538734, 0.708581253598, 0.684319850951, 0.195218446214, 0.932910733085, 0.227520749106, 0.834849750146, 0.5091457385, 0.107632052812, 0.0236180488929, 268.397
0.978825665674, 0.713662093437, 0.469521898187, 0.58851371203, 0.858973455543, 0.460220466189, 0.109866020511, 0.783287892782, 0.825277695474, 0.144322879536, 0.416088873497, 0.573596893116, 0.703738031762, 0.555219434685, 0.0523198076529, 0.327536453195, 257.463
0.989247360459, 0.58135713983, 0.577254969334, 0.339044845252, 0.82858487757, 0.116084939201, 0.718817322235, 0.884403024056, 0.507416914006, 0.0181929516394, 0.752703270708, 0.214113878232, 0.620385066005, 0.0418154770857, 0.660012910541, 0.477451962643, 429.257
1.0, 0.5023872285, 0.138903965467, 0.575936759353, 0.332145287201, 0.671095563647, 0.179125767358, 0.834925049426, 0.937853389885, 0.206172491767, 0.105878401545, 0.782435718356, 0.911846733377, 0.915288389469, 0.277156605478, 0.398633324129, 287.107
0.972550688096, 0.60646282077, 0.704391654705, 0.660373081527, 0.77288418395, 0.151449707365, 0.554563405001, 1.0, 0.750510615651, 0.812632419889, 0.141841896103, 0.0822932350167, 0.752153839744, 0.217550848245, 0.828944395691, 0.347055195047, 429.257
0.789398692098, 0.783727423599, 0.903986602444, 0.724441391416, 0.194457045921, 0.109204868951, 0.376895010051, 0.659269557922, 0.95494992041, 0.121047103856, 0.134968830831, 0.62201113207, 0.538475553951, 0.17788476032, 0.47816429037, 0.70083979455, 616.087
0.774539346368, 0.636466235808, 0.94338332677, 0.236559959085, 0.690482871104, 0.37702844882, 0.957641404879, 0.933019348863, 0.916037229505, 0.0865236811509, 0.934708508879, 0.467811611396, 0.594401283454, 0.482310870702, 0.333768019547, 0.974172785937, 608.6799
0.699588460632, 0.507208483011, 0.687462981087, 0.60523232521, 0.0879635303823, 0.521798794144, 0.0073011571269, 0.841753826317, 0.689076866738, 0.889605283923, 0.34504148654, 0.398178938731, 0.963656384679, 0.20060924019, 0.421217839313, 0.626035517559, 683.543
0.606815506829, 0.910212225237, 0.0650828913633, 0.497598099714, 0.183214464479, 0.0, 0.588449896181, 1.0, 0.655526549111, 0.194677751462, 0.497948633804, 0.82599308644, 0.795143406792, 0.434823873572, 0.120431864896, 0.961979072164, 511.153
0.777631949145, 0.873164449092, 0.62800192875, 0.761929315945, 0.936151999815, 0.868672057275, 0.656464460886, 0.706215252541, 0.842877442094, 0.589969466938, 0.161038564003, 0.0315062223337, 0.847243860903, 0.113110570924, 0.952374157674, 0.200136919806, 482.64
0.658619014184, 0.856455167597, 0.210944454675, 0.130952063282, 0.352002110374, 0.433661468783, 0.685832413802, 0.564230759249, 0.541028860999, 0.0612198489143, 0.0765214087654, 0.995790595947, 0.955423862893, 0.118512946415, 0.0555450659554, 0.838630618609, 511.153
0.911260806078, 0.0176674324344, 0.906047392388, 0.397819878863, 0.60882305138, 0.922161495148, 0.417117955, 0.431976444645, 0.901827109765, 0.548778313039, 0.118190116815, 0.0388135597086, 0.717855886163, 0.0322073424613, 0.156095837355, 0.840385344441, 773.277
0.850481186777, 0.738574855199, 0.743626937372, 0.258850312608, 0.054470677358, 0.0819658583874, 0.399405422266, 0.851084292173, 0.613640127767, 0.0551221090195, 0.313239971607, 0.822702698031, 0.984023600795, 0.0786718742225, 0.756863602894, 0.420942192993, 425.063
0.809843632363, 1.0, 0.0, 0.498620822081, 1.0, 0.187336866996, 0.0, 0.433293866041, 0.726012417982, 0.169525503357, 0.68852138941, 0.410716262724, 0.73244748745, 0.0437003161737, 0.890544475868, 0.0769410740841, 492.663
0.588098417965, 0.927295227721, 0.189612488873, 0.4964763765, 0.209670793232, 0.0, 0.992690938332, 0.618973753225, 0.76071902702, 0.616542266574, 0.397945451392, 0.313906446529, 0.660202183075, 0.503747510646, 0.428221267743, 0.431792160446, 254.11
0.898389544613, 0.667240469058, 0.552927141495, 0.489761014434, 0.798104584305, 0.521163991142, 0.402080199862, 1.0, 0.92434989991, 0.604878615038, 0.217196559036, 0.319824184072, 0.910692263468, 0.330541430752, 0.661124327301, 0.47136985825, 485.35
1.0, 1.0, 0.165343640128, 0.298859334891, 0.00351239786296, 0.0153455455878, 0.0122763907006, 0.673096584887, 0.659551311276, 0.851717392937, 0.0, 0.0, 0.952751284525, 0.378067100412, 0.799885699171, 0.314193210846, 425.063
0.942990717969, 0.138178831727, 0.968339294488, 0.785772253565, 0.177111147561, 0.246272002371, 0.658974720874, 0.891351754811, 0.819847520132, 0.110309679828, 0.209009564102, 0.736531976353, 0.663617308479, 0.907018700977, 0.230675644552, 0.0273001173032, 259.8399
0.715987317258, 0.315233326463, 0.621357790417, 0.236391244939, 0.957642454798, 0.322728030927, 0.833681041701, 0.625710768598, 0.89470956839, 0.256639336099, 0.241602006248, 0.508438568487, 0.536810946542, 0.178738549089, 0.0398571067749, 0.86738816861, 632.063
0.949361171198, 0.383844786337, 1.0, 0.705046461891, 0.551976640012, 0.0, 1.0, 1.0, 0.513937502446, 0.339124515215, 0.475298600316, 1.0, 0.729898929707, 0.529069501381, 0.0272970100652, 0.423073908539, 269.9169
0.904980041118, 0.888039092494, 0.298534420401, 0.124408994069, 0.493446363812, 0.752907359439, 0.715264060624, 0.966417026205, 0.880472589313, 0.166754961518, 0.963378302137, 0.0260208104455, 0.704047590606, 0.556969450591, 0.382321671868, 0.194791647335, 291.277
1.0, 0.527653394705, 0.936616418247, 0.918819397506, 0.876785607789, 0.647287591788, 0.182715539693, 0.460584694882, 0.550753505657, 0.484886373293, 0.629348798857, 0.0, 0.6711887909, 0.124901510077, 1.0, 0.0989224968813, 485.35
0.826165904308, 0.621871551525, 0.114729652421, 0.363921783888, 0.99721469977, 0.126581250664, 0.222123929319, 0.741655572638, 0.629593824086, 0.118936926498, 0.315855971424, 0.770473988089, 0.776802817612, 0.664997133259, 0.0643194820164, 0.118720850087, 257.463
0.945408845894, 0.924532879047, 0.577225034827, 0.0258206064385, 0.0214128333106, 0.580781787832, 0.460026728343, 0.721135548391, 0.804455573623, 0.761369109423, 0.393166617524, 0.474923171842, 0.856827267287, 0.847413577071, 0.296493956016, 0.117773707863, 279.153
0.662212051776, 0.754896486739, 0.229175570124, 0.708604435965, 0.27514377114, 0.0301047419614, 0.265771865927, 0.278058062634, 1.0, 0.0, 0.581614644788, 0.12168624287, 1.0, 0.0912190119126, 0.921774018771, 0.484390143348, 425.063
0.770251233289, 0.256708113341, 0.509793628907, 0.689633809641, 0.287832951559, 0.794533369614, 0.684221739076, 0.485461674268, 0.793666805263, 0.50445078784, 0.0, 0.291077377808, 0.83022358605, 0.342349946715, 0.684693204646, 0.0594696347657, 427.793
0.883274332877, 0.626086066045, 0.0667313557582, 0.478109108414, 0.296704005122, 0.790260665353, 0.561183760401, 0.327951966062, 0.868060350553, 0.282322614544, 0.772884191625, 0.34755180678, 0.712321000917, 0.549720248759, 0.406936307252, 0.229741940175, 291.277
1.0, 0.181931692924, 0.821004077564, 1.0, 0.544442666417, 0.640447644777, 0.590229569256, 0.916346064405, 0.923457338237, 0.447217284934, 0.578913745884, 0.448499201229, 0.697633052732, 0.719592936483, 0.0938662755995, 0.491518016555, 299.77
0.569719054882, 0.370664229637, 0.654473172691, 0.0987267767151, 0.918907108062, 0.0157773046439, 0.61132224956, 0.921264002786, 0.514051244193, 0.0959480831333, 0.041079167902, 0.888916131526, 0.94088084637, 0.642377131582, 0.454867675844, 0.115626592592, 269.9169
0.988632514638, 0.644611727253, 0.293360935417, 0.758602807203, 0.385649972394, 0.215243591077, 0.6648367986, 0.139904704075, 0.953622826296, 0.33145692033, 0.389968605534, 0.668743088555, 0.88225580694, 0.471788319066, 0.412756728433, 0.762599730241, 511.153
0.755982334532, 0.877792085657, 0.283168458481, 0.353768302475, 0.0, 0.159570663515, 0.885561944297, 0.308685441567, 0.552380860722, 0.0917039863675, 0.630329912228, 0.414599333503, 0.852659065895, 0.360622017496, 0.0314311822693, 0.510778205638, 511.153
0.945106110104, 1.0, 0.789830476077, 0.838902324619, 0.950672693245, 0.0866004406037, 0.326378802987, 0.724923217628, 0.765598330406, 0.789494038411, 0.203503238274, 0.463928465621, 0.834730507933, 0.0887027678611, 0.254489253084, 0.771481776544, 707.493
0.601631483355, 0.615857845739, 0.0, 0.491782867723, 0.75152994937, 0.773950686211, 0.0208004382687, 1.0, 0.520949470903, 0.25535025108, 0.679507883611, 0.104997137679, 0.920079982931, 0.217943283785, 0.892269419911, 0.0, 492.663
0.893637466924, 0.809151406917, 0.327208590698, 0.614973081924, 0.139084433919, 0.353205853617, 0.595643350643, 0.635931022939, 0.620842656843, 0.00910614270777, 0.320957275179, 0.701837417961, 0.617423752572, 0.334459213034, 0.145300045267, 0.739574140744, 511.153
0.775807846925, 0.528999168582, 0.279740738368, 0.594937912654, 0.472550399786, 0.954498046368, 0.572337246616, 0.422705948516, 0.774065667375, 0.277444944689, 0.0322819368351, 0.541392170322, 0.596123431442, 0.174770173164, 0.452022046409, 0.805994468376, 561.96
0.796646352774, 0.0994730519493, 0.202939022301, 0.30645152589, 0.0701235773842, 0.0, 0.204989347693, 0.0, 0.777747332474, 0.480123332343, 0.656061161231, 0.307990930279, 0.55335008818, 0.144639840962, 0.274204065009, 0.653236727045, 615.287
0.5763039629, 0.530524314374, 0.240502020368, 0.119966980208, 0.143478361207, 0.564084554819, 0.913165983178, 0.405075423794, 0.690911808981, 0.435341914535, 0.704589425703, 0.318153890312, 0.716007653418, 0.133595924946, 0.564821501563, 0.0938480122557, 408.617
0.686031288291, 0.494741935603, 0.776385483486, 0.952065611004, 1.0, 0.0257539364574, 0.839828095286, 0.824324858049, 0.855043353209, 0.22583211875, 0.259374013206, 0.636079316581, 0.990459442295, 0.0481373969215, 0.567667817031, 0.0512347160344, 429.257
0.664393856367, 0.329148286524, 0.176491545894, 0.644135333534, 0.656127505869, 0.133622558342, 0.785429340754, 0.958920157262, 0.572068592785, 0.859486686074, 0.0918594573634, 0.14584330596, 0.874603713514, 0.889791893264, 0.013122808429, 0.297338338949, 275.373
0.726563981099, 0.0105043006422, 0.922902060962, 0.0197646092592, 0.140545567208, 0.0622824148468, 0.63157146045, 0.976675677031, 0.779737288588, 0.68705356047, 0.225835620397, 0.241116703664, 0.760589036936, 0.326680605842, 0.00708004122494, 0.532471053861, 511.153
0.641339245364, 0.366317655926, 0.706727108015, 0.859108068671, 0.145080364063, 0.0889112567022, 0.952667627297, 1.0, 0.748965813337, 0.0, 0.769566176374, 0.350844887627, 0.96058089349, 0.385118438488, 0.151712385038, 0.579163578816, 511.153
0.860190288476, 0.722000934337, 0.670959075465, 0.922738489319, 0.162220114133, 0.195800872033, 0.452717004067, 0.789575205413, 0.584958047919, 0.35509870293, 0.660118392689, 0.415497177705, 0.992205947376, 1.0, 0.348637341735, 0.292933330415, 252.63
